case_id,continent,education_of_employee,has_job_experience,requires_job_training,no_of_employees,yr_of_estab,region_of_employment,prevailing_wage,unit_of_wage,full_time_position,case_status
EZYV4209,Asia,Bachelor's,Y,N,709,2008,West,136218.13,Year,Y,Certified
EZYV20225,North America,Bachelor's,N,N,104910,1990,Northeast,125.42,Hour,Y,Certified
EZYV8632,Europe,Master's,N,N,3783,1998,South,347.131,Hour,Y,Denied
EZYV7714,Asia,Master's,Y,N,2833,1997,Midwest,139459.16,Year,Y,Certified
EZYV22990,South America,High School,Y,N,2955,1838,South,412.4337,Hour,Y,Certified
EZYV19803,Asia,High School,Y,N,2253,1948,Midwest,45913.14,Year,Y,Certified
EZYV10035,Asia,High School,Y,N,2854,2013,Midwest,73117.04,Year,Y,Denied
EZYV1905,Asia,Bachelor's,Y,N,3190,2009,Northeast,61606.51,Year,Y,Certified
EZYV24914,Europe,Bachelor's,Y,N,3863,1979,West,114630.41,Year,Y,Certified
EZYV1623,South America,Master's,N,N,1839,1964,Midwest,94520.54,Year,Y,Certified
EZYV9576,Asia,High School,Y,N,230,1885,Midwest,77812.78,Year,Y,Denied
EZYV22396,North America,Master's,Y,N,2914,1896,South,117402.45,Year,N,Denied
EZYV13453,North America,Bachelor's,Y,N,3094,2008,West,89684.16,Year,N,Certified
EZYV3845,Asia,Master's,Y,N,22072,1994,West,26230.78,Year,Y,Certified
EZYV14679,North America,Master's,N,N,3682,1999,West,126.4943,Hour,Y,Denied
EZYV976,Asia,Bachelor's,N,N,5601,2014,South,132150.73,Year,Y,Certified
EZYV15597,Asia,Bachelor's,Y,N,1735,1855,West,115252.38,Year,Y,Certified
EZYV24617,Asia,Bachelor's,Y,Y,2345,2010,South,78216.13,Year,Y,Certified
EZYV5555,Asia,Master's,Y,N,1832,1999,West,82643.89,Year,Y,Certified
EZYV2907,Asia,Bachelor's,N,Y,7592,1885,South,48288.09,Year,Y,Denied
EZYV4670,Europe,High School,N,N,5039,2004,South,114728.76,Year,Y,Denied
EZYV19593,Asia,Bachelor's,N,N,571,2004,South,154468.73,Year,N,Certified
EZYV9208,Asia,Bachelor's,Y,N,29868,2013,South,57973.72,Year,Y,Denied
EZYV17423,South America,High School,Y,N,4320,1998,Northeast,32114.87,Year,Y,Denied
EZYV23157,Asia,Master's,Y,N,54,1998,Northeast,123302.86,Year,Y,Certified
EZYV5885,Europe,Bachelor's,Y,N,4790,1984,Northeast,112292.14,Year,N,Certified
EZYV7447,Europe,Master's,N,N,3579,2010,South,284328.96,Year,N,Certified
EZYV15459,Asia,Bachelor's,Y,N,287,1840,South,783.8797,Hour,Y,Denied
EZYV9194,Asia,High School,Y,N,11337,1954,Northeast,140183.65,Year,Y,Denied
EZYV4250,Asia,Master's,Y,N,5278,1984,Northeast,12840.17,Year,Y,Certified
EZYV21865,Asia,High School,Y,N,613,2009,South,53327.57,Month,N,Denied
EZYV19191,South America,Master's,N,N,2771,2002,Island,255771.26,Year,Y,Denied
EZYV10506,North America,Master's,N,Y,1341,1977,Midwest,82146.12,Year,Y,Certified
EZYV23296,Asia,Bachelor's,Y,N,1172,1942,South,122.6374,Hour,Y,Denied
EZYV4942,Asia,Doctorate,Y,N,3077,1999,Northeast,52563.97,Year,Y,Certified
EZYV5996,Asia,Master's,N,N,70115,2001,Midwest,136316.38,Year,Y,Certified
EZYV19990,North America,Master's,Y,N,1343,1855,Northeast,112.68,Hour,Y,Denied
EZYV19568,Asia,Master's,Y,N,2732,1952,Midwest,29126.28,Year,Y,Certified
EZYV7844,Asia,Master's,Y,N,4066,1928,West,23039.95,Year,Y,Certified
EZYV19491,Asia,High School,Y,N,784,1981,Northeast,23418.72,Year,Y,Certified
EZYV17298,Asia,Bachelor's,N,N,4742,1999,South,169.4047,Hour,Y,Certified
EZYV9754,Asia,Bachelor's,N,N,5543,1858,South,258044.72,Year,Y,Denied
EZYV12463,Asia,Bachelor's,N,N,6315,1958,Midwest,149496.25,Year,Y,Certified
EZYV6103,Asia,Master's,N,N,25923,1993,South,121631.76,Year,N,Certified
EZYV15525,Asia,Master's,Y,N,3691,2001,South,147017.69,Year,Y,Certified
EZYV12677,Asia,Master's,Y,N,633,1946,Northeast,24149.59,Year,Y,Certified
EZYV5343,South America,High School,N,N,3565,1998,West,21229.16,Year,Y,Certified
EZYV2231,Asia,Master's,N,N,271,1999,Midwest,83465.53,Year,Y,Certified
EZYV1082,North America,Master's,N,N,137,2007,Northeast,12379.78,Year,Y,Denied
EZYV12661,North America,High School,Y,N,5165,2015,South,109966.19,Year,Y,Denied
EZYV4704,Europe,Master's,Y,N,2260,2009,South,373.2045,Hour,Y,Certified
EZYV9018,Asia,Doctorate,Y,Y,4596,1994,South,20742.96,Year,Y,Certified
EZYV2176,Europe,Bachelor's,Y,N,3355,2001,Midwest,56367.49,Year,Y,Certified
EZYV9800,Asia,Master's,N,N,228,2005,South,140620.77,Year,Y,Certified
EZYV6497,Asia,Bachelor's,N,N,4333,1981,Midwest,129541.91,Year,Y,Certified
EZYV16048,Asia,Master's,N,N,332,2005,Midwest,86842.49,Year,Y,Certified
EZYV5975,North America,Bachelor's,Y,N,2060,2006,West,137475.22,Year,Y,Certified
EZYV3043,Asia,Master's,N,N,2749,2004,Midwest,52124.24,Year,Y,Denied
EZYV1819,Europe,High School,Y,N,867,2013,West,68909.11,Year,Y,Denied
EZYV11349,Asia,Bachelor's,Y,N,3750,1997,Northeast,29544.2,Year,Y,Certified
EZYV18795,Asia,Bachelor's,N,N,1728,1997,Northeast,38939.53,Year,Y,Certified
EZYV24055,Asia,Master's,Y,Y,2311,1994,West,29500.18,Year,Y,Certified
EZYV15646,Asia,Bachelor's,N,N,3311,2005,Midwest,123565.21,Year,Y,Certified
EZYV22461,Europe,Doctorate,Y,N,638,1999,West,110215.13,Year,Y,Denied
EZYV15387,North America,Doctorate,Y,N,4928,1996,Northeast,7268.68,Year,Y,Denied
EZYV22525,Asia,Bachelor's,Y,N,4430,1997,Northeast,33929.97,Year,Y,Certified
EZYV12339,Europe,Doctorate,N,Y,641,1996,Northeast,45284.25,Year,Y,Certified
EZYV13985,Asia,Bachelor's,Y,N,2631,2013,South,94564.03,Year,Y,Certified
EZYV24340,Asia,High School,Y,N,4749,2007,Midwest,131603.66,Year,Y,Certified
EZYV5078,Asia,Bachelor's,Y,Y,4386,2008,West,31863.55,Year,Y,Denied
EZYV5049,North America,Master's,N,N,4310,1822,South,115624.13,Year,N,Certified
EZYV2011,Asia,Bachelor's,N,N,709,2005,West,10.1111,Hour,Y,Denied
EZYV9099,Africa,Master's,N,N,823,1987,South,708.7259,Hour,Y,Denied
EZYV3499,Europe,High School,Y,Y,3412,2000,West,59768.48,Year,Y,Denied
EZYV16841,Asia,Bachelor's,N,N,39799,2000,South,119194.11,Year,Y,Certified
EZYV16249,Asia,High School,N,N,2586,1984,West,7242.39,Year,Y,Denied
EZYV17469,Asia,Bachelor's,N,N,2036,1985,West,137390.97,Year,Y,Denied
EZYV25019,North America,Bachelor's,N,N,2706,2006,Northeast,126.69,Hour,Y,Certified
EZYV11006,Europe,Doctorate,N,N,4190,2007,South,26008.97,Year,Y,Certified
EZYV22243,Europe,Bachelor's,Y,N,290,1968,South,87157.97,Year,Y,Certified
EZYV5836,Europe,Bachelor's,Y,N,4139,1875,South,53223.53,Year,Y,Certified
EZYV2999,North America,Master's,Y,N,2207,2005,South,34398.09,Year,N,Certified
EZYV14235,Asia,High School,Y,N,3508,1976,Northeast,39252.85,Year,Y,Denied
EZYV489,North America,Master's,N,N,4762,2005,Midwest,75960.46,Year,Y,Certified
EZYV24767,Asia,Master's,Y,N,2256,2013,South,105821.36,Year,Y,Certified
EZYV1767,Europe,High School,N,Y,457,1837,South,168647.89,Year,Y,Certified
EZYV24210,North America,Bachelor's,N,N,17372,2010,Northeast,795.947,Hour,Y,Denied
EZYV24697,Asia,Master's,Y,N,1873,1897,Northeast,126538.01,Year,Y,Denied
EZYV20978,North America,Bachelor's,Y,N,25936,1975,Northeast,30649.42,Year,Y,Certified
EZYV4809,North America,Bachelor's,Y,N,3047,1807,West,67540.05,Week,Y,Certified
EZYV25450,Asia,Bachelor's,Y,N,3017,2000,West,39313.0,Year,Y,Certified
EZYV16965,Europe,Bachelor's,Y,N,2660,2010,South,3119.39,Year,Y,Certified
EZYV4554,Europe,Bachelor's,Y,N,3160,2002,South,816.3723,Hour,Y,Denied
EZYV6593,Europe,Master's,N,N,5374,2000,Northeast,61046.15,Year,Y,Certified
EZYV20553,Asia,Master's,Y,N,222,1931,Northeast,103056.25,Year,Y,Certified
EZYV12849,Asia,Bachelor's,Y,Y,4563,1999,Northeast,144320.75,Year,Y,Certified
EZYV21115,Asia,Bachelor's,N,N,1806,1909,Northeast,114.78,Hour,Y,Denied
EZYV15741,North America,Master's,Y,N,3942,2011,West,26715.57,Year,Y,Certified
EZYV22313,Asia,Master's,Y,N,3040,2006,Midwest,62931.5,Year,Y,Certified
EZYV10864,North America,Bachelor's,Y,N,3351,1998,West,166422.14,Year,Y,Denied
EZYV16607,Asia,Bachelor's,Y,N,678,1966,West,106678.6,Year,Y,Denied
EZYV18515,Africa,Bachelor's,N,N,3257,1969,South,106445.7,Week,Y,Denied
EZYV4697,Asia,Bachelor's,Y,N,2964,1919,West,137878.09,Year,Y,Certified
EZYV1619,South America,Bachelor's,Y,N,1805,2005,West,82959.14,Year,Y,Certified
EZYV460,North America,Master's,N,N,60,1948,South,92071.0,Year,N,Certified
EZYV4898,North America,Master's,Y,N,3190,2005,South,132963.42,Year,N,Certified
EZYV16121,Europe,Master's,N,N,4030,1817,Midwest,135074.79,Year,N,Denied
EZYV9992,Europe,Bachelor's,Y,N,2383,1978,Northeast,46061.49,Year,Y,Certified
EZYV23037,Asia,High School,Y,N,1234,2004,South,124659.28,Year,Y,Denied
EZYV14785,Asia,Bachelor's,Y,N,282,2009,Northeast,74274.38,Year,Y,Denied
EZYV6387,North America,Master's,Y,N,4516,1995,Northeast,86324.12,Year,Y,Certified
EZYV12024,North America,Bachelor's,Y,N,2842,2006,West,16837.75,Year,Y,Certified
EZYV18994,Asia,Master's,Y,N,1499,1994,West,24917.84,Year,N,Certified
EZYV8427,Asia,Bachelor's,Y,N,128,1947,South,51294.76,Year,Y,Certified
EZYV7550,North America,Bachelor's,Y,Y,4490,1970,South,121327.42,Year,Y,Certified
EZYV2319,Europe,Doctorate,N,N,4287,2007,Northeast,183201.15,Year,Y,Certified
EZYV11646,Europe,Master's,Y,N,474,2010,Northeast,58633.99,Year,Y,Certified
EZYV11675,Asia,Bachelor's,Y,N,452,2013,South,59928.96,Year,Y,Denied
EZYV21116,Asia,Bachelor's,Y,N,693,1988,Northeast,32870.46,Year,Y,Certified
EZYV7298,North America,Bachelor's,N,N,4954,1990,South,250.7276,Hour,Y,Denied
EZYV15094,Africa,Bachelor's,Y,N,2841,1993,South,139487.13,Year,Y,Certified
EZYV10891,Asia,Bachelor's,Y,N,3865,1995,Midwest,41147.88,Year,Y,Certified
EZYV21920,Asia,Master's,N,N,12217,2008,Northeast,130493.92,Year,Y,Certified
EZYV6224,South America,High School,N,N,50240,1985,Northeast,604.0816,Hour,Y,Certified
EZYV6483,Asia,Master's,Y,N,2559,2001,Island,81172.14,Year,Y,Certified
EZYV4066,Europe,Master's,N,N,4306,2006,Northeast,7357.63,Year,Y,Denied
EZYV1244,Asia,Bachelor's,N,N,3196,1998,Northeast,35635.06,Year,Y,Denied
EZYV15519,South America,Bachelor's,Y,N,1243,1997,South,118.43,Hour,Y,Certified
EZYV22128,North America,Master's,Y,N,496,1998,Northeast,440.9298,Hour,Y,Certified
EZYV10501,Asia,Master's,Y,N,1670,2002,South,42897.63,Year,Y,Certified
EZYV4625,Asia,Bachelor's,Y,Y,1840,1999,South,34520.49,Year,Y,Certified
EZYV11643,Asia,Master's,Y,N,1616,2009,Northeast,43185.6,Year,Y,Certified
EZYV12658,Oceania,High School,Y,N,3955,1977,West,80981.19,Year,Y,Denied
EZYV551,Asia,Master's,N,N,4727,1834,Northeast,7777.55,Year,Y,Denied
EZYV19813,Asia,High School,N,N,368,2007,Midwest,117119.67,Year,Y,Certified
EZYV22609,Europe,Doctorate,Y,Y,929,2010,West,45826.06,Year,Y,Denied
EZYV8217,Asia,Master's,N,N,2162,2004,South,48810.04,Year,Y,Certified
EZYV18375,Asia,High School,N,N,3673,1985,Midwest,108290.4,Year,Y,Certified
EZYV4323,Asia,High School,Y,N,4926,1982,Midwest,135705.29,Year,Y,Denied
EZYV15598,South America,Doctorate,Y,N,84466,1869,Northeast,41360.0,Year,Y,Certified
EZYV3325,Europe,Master's,N,N,450,2005,South,53252.5,Year,Y,Certified
EZYV25017,Asia,Bachelor's,Y,N,1496,2008,Midwest,127431.99,Year,Y,Certified
EZYV11411,Asia,Bachelor's,Y,N,1453,1976,West,165365.56,Year,Y,Denied
EZYV7010,North America,Bachelor's,Y,N,4428,2010,West,51142.14,Year,Y,Certified
EZYV5720,Asia,Doctorate,N,N,421,1998,Northeast,154.42,Hour,Y,Certified
EZYV8347,Asia,Master's,Y,N,903,2007,Northeast,139253.22,Year,N,Certified
EZYV24099,Asia,High School,N,N,295,1949,Midwest,232068.71,Year,Y,Certified
EZYV22042,Asia,Bachelor's,Y,Y,3336,2009,South,56454.03,Year,Y,Certified
EZYV16463,South America,Bachelor's,N,N,14330,2008,Northeast,49479.31,Year,Y,Denied
EZYV13309,Asia,Master's,Y,N,528,2001,South,120.93,Hour,Y,Certified
EZYV12260,Asia,Bachelor's,Y,N,1231,2009,Midwest,58603.56,Year,Y,Certified
EZYV19854,Asia,Bachelor's,N,N,2427,1996,South,176918.27,Year,Y,Denied
EZYV24523,Asia,Bachelor's,N,N,693,2009,Midwest,105730.44,Year,Y,Certified
EZYV7189,Asia,Bachelor's,Y,N,2754,1998,South,159772.02,Year,Y,Certified
EZYV23136,Asia,Master's,N,N,1927,2007,South,66672.03,Year,Y,Certified
EZYV20815,Asia,Bachelor's,Y,N,4042,1970,Northeast,129952.96,Year,Y,Certified
EZYV19158,Asia,Master's,Y,N,764,1995,Midwest,132445.34,Year,Y,Certified
EZYV22600,Asia,Master's,Y,Y,888,1999,Northeast,51550.24,Year,Y,Denied
EZYV6581,Asia,Bachelor's,Y,Y,530,1997,West,86712.12,Year,Y,Certified
EZYV21910,Asia,Master's,Y,N,825,2010,South,37055.59,Year,Y,Certified
EZYV2305,Europe,Master's,Y,N,2720,1996,Northeast,63944.81,Year,Y,Certified
EZYV7355,Asia,Bachelor's,Y,N,1258,1985,West,74753.33,Year,Y,Certified
EZYV24136,Europe,Master's,N,Y,3593,2006,South,102737.67,Year,Y,Certified
EZYV24085,South America,Bachelor's,Y,N,29037,1950,South,130320.79,Year,Y,Certified
EZYV18626,Asia,Bachelor's,N,N,882,1997,South,53314.73,Year,Y,Certified
EZYV22442,Asia,High School,Y,N,2784,1993,Northeast,63187.39,Year,Y,Certified
EZYV20132,Asia,Bachelor's,Y,N,3294,1985,South,59292.06,Year,Y,Denied
EZYV22216,Asia,Bachelor's,Y,Y,4443,1974,West,114239.66,Year,Y,Certified
EZYV14897,Europe,Bachelor's,N,Y,1629,1855,Northeast,131630.7,Year,Y,Certified
EZYV4823,Asia,Bachelor's,N,N,1824,1997,South,115837.28,Year,Y,Denied
EZYV15400,Asia,Master's,Y,N,1390,1983,West,16555.22,Year,Y,Certified
EZYV23624,Asia,Bachelor's,Y,N,2318,2005,South,27113.96,Year,Y,Denied
EZYV24153,Asia,Doctorate,Y,N,1637,1989,West,153710.79,Year,Y,Certified
EZYV3977,Asia,High School,N,N,540,2001,Midwest,20267.75,Year,Y,Denied
EZYV12771,Asia,Bachelor's,Y,Y,2170,2006,South,1349.49,Year,Y,Certified
EZYV22564,Asia,Master's,N,N,3173,1898,Island,86002.73,Year,Y,Denied
EZYV3636,Europe,Doctorate,N,N,81,1967,West,16097.53,Year,Y,Certified
EZYV25137,Asia,Master's,N,N,4600,1981,West,153.11,Year,Y,Denied
EZYV10788,Asia,Bachelor's,Y,N,699,2007,Northeast,34075.74,Year,Y,Certified
EZYV1377,Asia,Master's,Y,N,1250,1979,West,76317.95,Year,Y,Certified
EZYV11451,Asia,Master's,N,N,327,2003,South,88255.78,Year,Y,Denied
EZYV20321,Asia,High School,Y,Y,1137,1979,South,27476.68,Year,Y,Certified
EZYV6688,Asia,High School,N,N,796,2005,West,106047.09,Year,Y,Denied
EZYV6715,Asia,Master's,Y,N,518,2002,Midwest,130781.13,Year,N,Certified
EZYV8872,Asia,Bachelor's,Y,N,4973,1850,Northeast,112533.32,Year,Y,Denied
EZYV4671,Asia,Master's,N,N,3784,1993,Northeast,71501.69,Year,N,Denied
EZYV16729,South America,High School,N,N,1332,2004,Midwest,7324.78,Year,Y,Certified
EZYV22983,North America,Bachelor's,Y,N,1596,1924,Northeast,194188.64,Year,Y,Certified
EZYV23913,Europe,Bachelor's,Y,N,3740,1939,South,11334.72,Year,Y,Certified
EZYV17180,Europe,Bachelor's,N,N,5525,2013,West,29069.16,Year,Y,Certified
EZYV9573,Asia,Bachelor's,N,N,3515,2004,Northeast,107855.89,Year,Y,Denied
EZYV19739,Asia,Master's,Y,Y,846,1980,Northeast,104921.62,Year,Y,Certified
EZYV6742,Europe,Master's,Y,Y,441,1999,Midwest,88872.12,Year,Y,Certified
EZYV1456,Africa,High School,Y,N,622,1999,South,32900.4,Year,Y,Certified
EZYV24893,Asia,Master's,Y,N,6089,1962,South,136765.18,Year,Y,Certified
EZYV2245,Asia,High School,Y,N,4092,1997,West,40663.98,Year,Y,Denied
EZYV2393,Asia,High School,Y,N,4722,2006,Midwest,91127.7,Year,Y,Certified
EZYV9142,Asia,Bachelor's,N,N,1842,2009,West,151376.0,Year,Y,Certified
EZYV1906,Europe,Master's,N,Y,297,2006,West,41743.42,Year,Y,Certified
EZYV19249,Asia,Bachelor's,N,N,1537,2001,Northeast,120831.28,Year,Y,Certified
EZYV18650,Europe,Bachelor's,Y,N,812,1983,West,86686.18,Year,Y,Denied
EZYV8722,Asia,High School,N,Y,1803,1890,West,22910.89,Year,Y,Denied
EZYV16726,Asia,Bachelor's,Y,N,4343,1880,Midwest,12559.14,Year,N,Denied
EZYV5939,North America,Bachelor's,Y,N,1379,2007,Northeast,926.7839,Hour,Y,Denied
EZYV4527,Asia,High School,Y,N,853,1872,South,49515.34,Year,Y,Denied
EZYV4401,South America,High School,N,N,1668,1977,Midwest,797.3901,Hour,Y,Denied
EZYV12028,Asia,Bachelor's,Y,N,3001,1947,West,25182.96,Year,Y,Denied
EZYV4232,Asia,Bachelor's,N,N,967,2003,West,104577.67,Year,Y,Denied
EZYV6888,North America,Bachelor's,Y,N,1476,1901,Northeast,403.7631,Hour,Y,Certified
EZYV19537,Europe,Master's,Y,N,1614,1836,South,62829.73,Year,Y,Certified
EZYV18420,Asia,High School,Y,N,2442,1999,South,16488.22,Year,Y,Certified
EZYV21440,South America,Doctorate,N,N,4332,1999,Midwest,64222.42,Year,Y,Certified
EZYV16631,Asia,Master's,Y,N,22167,1993,Northeast,157353.94,Year,N,Certified
EZYV13474,Asia,Master's,Y,N,5490,2013,Northeast,36549.98,Year,Y,Certified
EZYV18078,Asia,Doctorate,Y,N,1623,1985,Northeast,91027.19,Year,Y,Certified
EZYV21695,Asia,Bachelor's,N,N,1284,2003,South,760.319,Hour,Y,Denied
EZYV1883,South America,Master's,N,Y,3814,1800,Northeast,78340.74,Year,Y,Denied
EZYV11680,North America,Bachelor's,N,N,1692,1937,Northeast,110.51,Hour,Y,Certified
EZYV9060,Asia,Master's,Y,N,2894,1997,Northeast,40645.14,Year,Y,Certified
EZYV20617,Asia,Bachelor's,N,N,1209,2000,Northeast,52666.45,Year,Y,Certified
EZYV19056,Asia,Bachelor's,Y,Y,505,2003,West,129422.72,Year,Y,Denied
EZYV3096,Europe,High School,Y,N,1016,2004,West,3405.75,Year,Y,Denied
EZYV15653,Asia,High School,N,N,1753,1882,Midwest,147582.12,Year,Y,Denied
EZYV4247,Asia,Bachelor's,Y,N,3063,1887,South,851.4694,Hour,Y,Denied
EZYV7797,North America,High School,Y,N,2921,1997,South,21711.65,Year,Y,Certified
EZYV8504,Asia,Bachelor's,Y,N,1606,2011,West,118191.51,Month,Y,Certified
EZYV17003,Asia,Master's,N,N,6937,2013,Midwest,14475.43,Year,Y,Certified
EZYV17513,Asia,Bachelor's,N,N,3669,2007,West,159360.28,Year,Y,Certified
EZYV14097,Asia,Bachelor's,Y,N,3078,1987,West,41783.69,Year,Y,Denied
EZYV19428,Asia,Bachelor's,N,N,1167,1998,South,83633.15,Year,Y,Denied
EZYV16857,Asia,Bachelor's,Y,N,4616,1993,South,31225.02,Year,Y,Denied
EZYV21326,Asia,Bachelor's,Y,N,1567,2007,South,8217.06,Year,Y,Certified
EZYV18147,Asia,Bachelor's,Y,N,1440,2001,South,111414.29,Year,Y,Certified
EZYV13488,Asia,Bachelor's,N,Y,3650,2000,Midwest,83183.51,Year,Y,Certified
EZYV24198,Asia,Master's,N,N,2111,1930,Midwest,46386.84,Year,Y,Denied
EZYV11165,Oceania,Bachelor's,N,N,872,1819,Northeast,553.2211,Hour,Y,Certified
EZYV1001,Asia,Master's,N,N,1307,1987,Northeast,665.1571,Hour,Y,Denied
EZYV22101,Europe,Bachelor's,N,N,1258,2010,West,11681.2,Year,Y,Certified
EZYV3207,Asia,Master's,N,N,1923,1998,Northeast,125865.48,Year,Y,Denied
EZYV18618,Asia,High School,N,N,2149,2000,West,112.16,Hour,Y,Certified
EZYV11290,Asia,Master's,Y,N,4330,2011,West,51035.33,Year,Y,Certified
EZYV20545,Asia,Master's,N,N,5162,1983,South,93155.68,Year,Y,Certified
EZYV9581,South America,Doctorate,N,N,687,2001,Northeast,373.2143,Hour,Y,Certified
EZYV23394,Asia,Master's,N,N,500,2010,Northeast,121427.51,Year,Y,Certified
EZYV15349,Europe,Bachelor's,N,N,53,1994,West,81219.22,Year,Y,Certified
EZYV24134,North America,Bachelor's,Y,Y,1910,1971,Northeast,119.88,Hour,Y,Denied
EZYV19542,Asia,Bachelor's,N,N,1012,1994,South,384.91,Year,Y,Denied
EZYV17575,Asia,Master's,N,N,54,1947,South,109.0,Hour,Y,Denied
EZYV10992,South America,High School,Y,N,657,1968,West,375.6034,Hour,Y,Denied
EZYV20361,Asia,Master's,N,N,150,1937,South,103362.64,Year,Y,Certified
EZYV4308,Asia,Bachelor's,Y,N,508,1923,South,102219.15,Year,Y,Certified
EZYV5022,Asia,Master's,Y,N,275,2002,Midwest,57703.59,Year,Y,Certified
EZYV15032,Asia,Bachelor's,Y,N,1515,1997,West,43078.27,Year,Y,Certified
EZYV10748,Europe,Doctorate,Y,N,2495,1981,West,6322.71,Year,Y,Certified
EZYV10068,Asia,Master's,N,N,1799,1996,Midwest,67457.53,Year,Y,Certified
EZYV22334,Asia,Bachelor's,Y,N,4373,1984,Northeast,59651.36,Year,Y,Certified
EZYV15777,Asia,Master's,Y,N,1435,1901,West,59539.6,Year,Y,Certified
EZYV5557,Asia,Master's,N,N,2941,1918,South,651.2278,Hour,Y,Certified
EZYV24583,Europe,Bachelor's,N,Y,856,2013,South,18987.02,Year,Y,Certified
EZYV20712,Asia,Bachelor's,N,N,2472,1831,South,42348.3,Year,Y,Denied
EZYV19507,Asia,Bachelor's,N,N,4127,1968,West,115757.73,Year,Y,Certified
EZYV18209,Asia,Bachelor's,N,N,3390,1972,West,123101.33,Year,Y,Denied
EZYV7392,Europe,Doctorate,Y,Y,37855,2000,West,13308.97,Year,Y,Certified
EZYV11557,Europe,Bachelor's,Y,N,2134,2012,South,20422.41,Year,Y,Certified
EZYV2958,South America,Master's,Y,N,1149,1867,South,82516.16,Year,Y,Certified
EZYV23353,Asia,Doctorate,N,N,364,2004,West,112724.27,Year,Y,Certified
EZYV8971,North America,Master's,Y,N,3555,1997,West,14783.82,Year,Y,Certified
EZYV14903,Asia,High School,N,N,2296,1999,Midwest,130510.28,Year,Y,Denied
EZYV12275,Asia,Bachelor's,Y,N,23581,1976,South,49388.25,Year,Y,Denied
EZYV13111,Asia,High School,Y,N,2372,1997,South,18482.0,Year,Y,Denied
EZYV17103,Asia,Bachelor's,Y,N,3647,1902,Midwest,52770.8,Year,Y,Denied
EZYV4192,Europe,Bachelor's,Y,N,4467,2012,South,56023.14,Year,Y,Certified
EZYV13764,Europe,Master's,Y,Y,3710,1979,Midwest,20610.17,Year,Y,Certified
EZYV8338,Asia,Bachelor's,N,N,1042,2000,West,41821.55,Year,N,Denied
EZYV20831,South America,Bachelor's,Y,N,521,1984,Northeast,97623.28,Year,Y,Certified
EZYV18910,Asia,Master's,Y,N,3419,1997,Northeast,80211.22,Year,Y,Denied
EZYV21854,South America,Bachelor's,Y,Y,495,1936,South,67859.28,Year,Y,Certified
EZYV17621,Asia,High School,Y,N,2461,2004,Northeast,41096.99,Year,Y,Certified
EZYV4456,Asia,Master's,N,N,393,1869,South,58351.76,Year,Y,Denied
EZYV13119,Asia,Bachelor's,N,N,2000,2004,Midwest,69632.9,Year,Y,Certified
EZYV1740,South America,Master's,N,N,1672,1981,Northeast,39525.72,Year,Y,Denied
EZYV23632,Asia,High School,N,N,1030,1888,Midwest,146869.12,Year,Y,Certified
EZYV20811,Asia,Bachelor's,Y,Y,249,2012,South,175314.63,Year,Y,Denied
EZYV4166,Asia,Bachelor's,Y,Y,2055,1857,West,77925.57,Year,Y,Certified
EZYV16800,Asia,Master's,Y,N,1415,2004,Northeast,17471.12,Year,Y,Certified
EZYV15003,Africa,Bachelor's,Y,N,172,2012,South,27282.01,Week,Y,Certified
EZYV9860,Asia,High School,Y,N,2301,1978,Midwest,70645.97,Year,Y,Denied
EZYV24511,Asia,Master's,Y,N,3107,1928,South,57513.75,Year,Y,Certified
EZYV5552,Asia,Master's,Y,N,4116,2004,West,9686.18,Year,Y,Certified
EZYV13351,Asia,Master's,Y,N,2052,1977,West,95716.28,Year,Y,Certified
EZYV22149,Europe,Bachelor's,Y,N,1495,1936,Northeast,81108.92,Year,Y,Denied
EZYV10289,Europe,Bachelor's,Y,N,6057,1997,West,27884.87,Year,Y,Certified
EZYV22684,Asia,Master's,N,N,616,1988,West,208766.15,Year,N,Certified
EZYV4075,Asia,High School,N,Y,562,1996,Midwest,103276.29,Year,Y,Denied
EZYV20669,Asia,Master's,N,Y,1623,1997,West,63931.26,Year,Y,Certified
EZYV4062,Asia,Master's,Y,N,1776,1985,Midwest,73932.61,Year,Y,Certified
EZYV21070,Asia,Bachelor's,N,N,5043,2009,Northeast,97476.21,Year,Y,Certified
EZYV15840,Africa,Master's,Y,N,725,1995,Northeast,75126.31,Year,Y,Certified
EZYV21318,Asia,Master's,N,N,3431,1992,Northeast,130002.47,Year,N,Certified
EZYV4105,Asia,Bachelor's,Y,N,6245,2009,West,93970.69,Week,Y,Certified
EZYV12773,Asia,Master's,Y,N,3735,1865,West,82588.99,Year,Y,Certified
EZYV5451,Asia,Master's,Y,N,1913,2008,South,100874.33,Year,N,Certified
EZYV3436,Asia,Bachelor's,Y,N,3184,1990,South,144055.13,Year,Y,Certified
EZYV14907,Asia,Bachelor's,Y,N,3986,2008,Northeast,4156.21,Year,Y,Certified
EZYV15643,South America,High School,Y,N,2412,1896,Midwest,112017.83,Year,Y,Denied
EZYV2651,South America,Master's,N,N,2486,2000,West,57978.26,Year,Y,Denied
EZYV3993,Asia,Bachelor's,Y,N,3423,2006,Midwest,86262.7,Year,Y,Certified
EZYV7579,Asia,High School,N,N,3908,1987,Midwest,151117.79,Year,Y,Denied
EZYV22238,Asia,Master's,Y,N,849,1990,South,24968.6,Year,Y,Certified
EZYV13718,Asia,High School,N,N,3055,1996,Northeast,44.4207,Hour,Y,Denied
EZYV606,Asia,Master's,N,N,1176,1969,Northeast,39917.2,Year,Y,Denied
EZYV4647,North America,Bachelor's,N,N,407,1838,South,103753.44,Year,Y,Denied
EZYV4451,Asia,Master's,Y,N,218,1864,Midwest,73486.01,Year,Y,Certified
EZYV14512,Asia,Bachelor's,Y,N,3197,2008,Midwest,89052.56,Year,Y,Denied
EZYV7378,Asia,Master's,N,N,5905,1982,South,140561.56,Year,N,Certified
EZYV12909,Asia,Master's,Y,N,2344,1999,Northeast,46707.61,Year,Y,Certified
EZYV4258,South America,Master's,Y,N,142,1981,Northeast,503.1522,Hour,Y,Denied
EZYV19558,Europe,Doctorate,Y,N,2670,1859,South,121304.89,Year,Y,Certified
EZYV6104,Asia,Master's,Y,Y,3918,2013,South,61180.06,Year,Y,Certified
EZYV11701,North America,Master's,Y,N,3371,1980,Midwest,27092.11,Year,Y,Certified
EZYV6504,Asia,Master's,N,N,2398,1908,Midwest,73577.64,Year,Y,Certified
EZYV21909,Asia,Master's,Y,N,1416,1961,Northeast,105047.44,Year,N,Certified
EZYV19478,North America,High School,Y,N,3664,1920,Northeast,90273.81,Year,Y,Certified
EZYV24266,Asia,Master's,N,N,724,1988,Midwest,76057.98,Year,Y,Certified
EZYV23321,Asia,High School,Y,N,2219,1998,West,101566.17,Year,Y,Denied
EZYV6609,South America,High School,Y,N,2265,1998,West,49596.01,Year,Y,Certified
EZYV11472,Asia,Master's,N,N,872,1900,West,51836.04,Year,Y,Denied
EZYV15344,Europe,Doctorate,N,N,3290,1900,West,41993.63,Year,Y,Certified
EZYV25216,North America,High School,N,N,539,2002,South,37018.44,Year,Y,Denied
EZYV6486,Asia,Bachelor's,Y,N,2418,1942,Midwest,181611.3,Year,Y,Denied
EZYV6298,North America,Bachelor's,Y,N,4234,2007,West,4399.44,Year,Y,Certified
EZYV23191,Asia,Doctorate,N,N,3565,1977,West,20588.42,Year,Y,Denied
EZYV20089,Asia,Master's,N,N,48,2001,South,54274.73,Year,Y,Denied
EZYV16968,Asia,Doctorate,N,N,603,1996,West,34429.97,Year,Y,Certified
EZYV24984,Africa,Bachelor's,Y,Y,3510,1978,Northeast,85864.24,Year,Y,Certified
EZYV11975,Europe,Master's,N,N,1195,1907,Island,128278.05,Year,N,Denied
EZYV14483,Asia,High School,Y,N,1407,2004,Midwest,152349.69,Year,Y,Denied
EZYV12551,Europe,Bachelor's,N,N,4444,1850,South,101998.7,Year,N,Certified
EZYV9997,Asia,Bachelor's,N,N,16220,1994,Midwest,86889.87,Year,Y,Certified
EZYV18092,Asia,Bachelor's,N,N,2427,1847,South,147320.94,Year,Y,Denied
EZYV18646,Asia,Bachelor's,Y,N,3002,1905,South,457.7634,Hour,Y,Denied
EZYV17436,Asia,Bachelor's,Y,N,1294,1985,South,236692.29,Year,Y,Certified
EZYV17407,Asia,Master's,N,N,4722,2013,Northeast,1862.03,Year,Y,Certified
EZYV7040,Asia,Bachelor's,Y,N,2731,1993,West,16933.1,Year,Y,Certified
EZYV7857,Europe,Master's,Y,Y,2228,1999,Northeast,114902.77,Year,Y,Certified
EZYV5151,Asia,Bachelor's,N,N,1060,1917,West,68227.83,Year,Y,Denied
EZYV2293,Asia,Bachelor's,N,N,3504,2000,South,16641.15,Year,Y,Certified
EZYV7726,Asia,Master's,N,N,3699,2016,South,43416.41,Year,Y,Certified
EZYV18907,Asia,Bachelor's,Y,N,655,1977,South,42018.7,Year,Y,Certified
EZYV5622,Asia,Bachelor's,Y,N,1022,1998,West,154638.78,Year,Y,Certified
EZYV11055,Asia,Bachelor's,Y,N,1882,2000,Northeast,126122.47,Year,Y,Certified
EZYV5780,Asia,Bachelor's,Y,Y,1189,2013,West,68013.16,Year,Y,Certified
EZYV14190,Europe,Bachelor's,Y,N,3433,1995,Northeast,30149.6,Year,Y,Certified
EZYV649,Asia,Master's,Y,N,3510,2005,Midwest,134356.0,Year,Y,Certified
EZYV18773,Europe,Bachelor's,Y,N,3872,1847,South,31565.76,Year,Y,Certified
EZYV18272,North America,Bachelor's,Y,N,64,1989,Northeast,50434.93,Year,Y,Certified
EZYV4748,Asia,Bachelor's,Y,N,1214,1920,Northeast,54612.57,Year,N,Certified
EZYV1458,Asia,Master's,N,N,5807,1991,South,149262.86,Year,N,Certified
EZYV9813,Africa,High School,Y,N,3308,1991,Midwest,93212.17,Year,Y,Denied
EZYV590,North America,Master's,N,N,1372,2011,Midwest,748.0707,Hour,Y,Certified
EZYV5987,Europe,Master's,N,N,4985,2001,West,29425.85,Year,Y,Certified
EZYV21387,Asia,Bachelor's,Y,N,2987,2001,Northeast,120369.48,Year,N,Certified
EZYV17852,North America,Master's,N,N,3395,1977,Northeast,217.5757,Hour,Y,Denied
EZYV6253,Asia,Master's,Y,N,1076,2009,West,63643.41,Year,N,Certified
EZYV5809,Asia,Master's,N,N,1876,2002,Northeast,280.2427,Hour,Y,Certified
EZYV17835,Asia,Bachelor's,N,N,1900,1986,South,39247.41,Year,Y,Certified
EZYV24695,Asia,Master's,Y,N,190,1948,West,117248.37,Year,N,Certified
EZYV13670,North America,Bachelor's,Y,N,1620,1884,South,146320.33,Week,Y,Denied
EZYV13188,Asia,High School,N,Y,2609,1968,South,42352.73,Year,Y,Denied
EZYV11476,Asia,Bachelor's,Y,N,307,1989,South,84377.19,Year,Y,Denied
EZYV16444,Asia,High School,Y,N,957,1999,South,46332.26,Year,Y,Certified
EZYV24516,Asia,Bachelor's,Y,N,324,1979,West,101017.19,Year,Y,Certified
EZYV17662,Asia,Master's,Y,N,2469,1851,South,150648.75,Year,N,Denied
EZYV14274,North America,Bachelor's,Y,N,249,2002,South,86805.62,Year,Y,Denied
EZYV7937,Asia,Master's,N,N,3088,2001,West,27135.86,Year,N,Certified
EZYV20247,Asia,Master's,Y,N,808,1933,Northeast,109712.88,Year,Y,Certified
EZYV1314,Asia,Bachelor's,N,N,3081,1999,West,123023.1,Year,Y,Denied
EZYV24343,Asia,Bachelor's,N,N,4467,2004,Northeast,69622.0,Year,Y,Denied
EZYV3249,South America,Master's,N,N,4133,2009,South,481.5371,Hour,Y,Denied
EZYV719,Europe,Bachelor's,N,N,53698,2000,Midwest,153573.56,Year,Y,Certified
EZYV17928,Asia,Bachelor's,N,N,2693,2010,Northeast,53587.65,Year,Y,Denied
EZYV1049,Asia,Master's,Y,N,1156,1992,Midwest,229819.69,Year,Y,Certified
EZYV293,Asia,Bachelor's,N,N,661,2006,Midwest,84899.65,Year,Y,Certified
EZYV15797,Asia,Bachelor's,Y,N,5215,1959,Northeast,224874.12,Year,Y,Certified
EZYV4241,North America,Bachelor's,N,N,3738,1985,Midwest,981.709,Hour,Y,Denied
EZYV10604,Asia,Master's,Y,N,5266,2008,West,20170.85,Year,Y,Certified
EZYV13845,Asia,Bachelor's,Y,Y,2940,1996,Northeast,78183.49,Year,Y,Certified
EZYV394,Europe,Bachelor's,N,Y,3628,2000,Northeast,79840.12,Year,Y,Denied
EZYV9031,Asia,Bachelor's,Y,N,979,1996,Midwest,28856.32,Year,Y,Certified
EZYV10136,Europe,Bachelor's,N,Y,1967,1986,West,59992.58,Year,Y,Denied
EZYV18995,Asia,Doctorate,Y,N,4672,1838,South,3029.37,Year,Y,Certified
EZYV6300,South America,High School,Y,N,1652,1982,South,46197.3,Year,Y,Certified
EZYV14610,Asia,High School,Y,N,777,2014,Northeast,12443.04,Year,Y,Denied
EZYV3064,Europe,Bachelor's,Y,N,1488,1998,West,11583.34,Year,Y,Denied
EZYV2031,Asia,Doctorate,N,N,93,1989,Midwest,52874.41,Year,Y,Certified
EZYV17884,Asia,Master's,N,N,3362,1993,South,57872.65,Year,N,Certified
EZYV14950,Asia,Master's,Y,N,21299,2012,Northeast,78975.71,Year,N,Denied
EZYV14471,South America,Bachelor's,Y,Y,1046,2011,South,94801.75,Year,Y,Certified
EZYV21283,Asia,Master's,N,N,1275,1968,Northeast,73760.29,Year,Y,Certified
EZYV18600,Europe,Bachelor's,Y,N,1867,2009,Northeast,45422.56,Year,Y,Certified
EZYV7024,Asia,Bachelor's,N,N,3140,1988,Northeast,21545.37,Year,Y,Denied
EZYV5789,Asia,Master's,Y,N,188,2009,South,19906.42,Year,Y,Certified
EZYV1492,Asia,Bachelor's,Y,N,1137,1900,West,72782.72,Year,Y,Certified
EZYV716,Asia,Master's,N,N,5198,2009,South,101607.49,Year,N,Certified
EZYV3766,Asia,Master's,N,N,876,1998,Midwest,126098.49,Year,Y,Denied
EZYV21159,South America,High School,Y,Y,2384,2010,Northeast,51517.11,Year,Y,Certified
EZYV303,North America,Bachelor's,N,N,229,2005,West,248.01,Hour,Y,Denied
EZYV11836,North America,Master's,N,N,1127,1982,Midwest,46322.58,Year,N,Certified
EZYV12867,North America,High School,N,N,1528,2004,South,314.4384,Hour,Y,Denied
EZYV1971,Europe,Master's,Y,N,777,2005,West,6702.24,Year,Y,Certified
EZYV17686,Asia,Bachelor's,Y,N,2503,2007,West,111651.49,Year,Y,Denied
EZYV10547,Asia,High School,N,N,2237,1989,Midwest,118151.98,Year,Y,Denied
EZYV10256,North America,Master's,Y,N,3912,1987,Northeast,73861.05,Year,N,Certified
EZYV18597,Asia,Master's,N,N,3392,1980,South,53403.81,Year,Y,Denied
EZYV13725,Europe,Doctorate,Y,N,941,1985,West,38494.38,Year,Y,Certified
EZYV13274,North America,High School,N,N,4881,2011,West,52207.77,Year,Y,Denied
EZYV9230,Africa,Master's,N,N,2564,1916,Northeast,100066.51,Year,Y,Certified
EZYV8536,Asia,High School,N,N,490,2003,Northeast,428.7372,Hour,Y,Denied
EZYV14778,North America,Master's,Y,N,1659,1977,Island,105361.83,Year,Y,Denied
EZYV20166,Asia,Master's,Y,N,4513,1986,South,67742.59,Year,N,Certified
EZYV3400,Asia,Master's,Y,N,640,2004,South,48834.72,Year,N,Certified
EZYV4000,Asia,High School,N,Y,405,1993,Midwest,73115.34,Year,Y,Denied
EZYV14768,Asia,Bachelor's,N,Y,510,2013,West,34479.01,Year,Y,Denied
EZYV14629,Asia,Bachelor's,N,N,3865,1998,Midwest,144405.55,Year,Y,Certified
EZYV12719,Europe,Master's,N,N,1225,1994,West,15049.57,Year,Y,Certified
EZYV6958,Europe,Master's,Y,Y,622,1989,Midwest,56574.41,Year,Y,Certified
EZYV5961,Asia,Bachelor's,N,Y,3164,2004,West,181.3927,Hour,Y,Denied
EZYV11334,Asia,Master's,Y,N,1830,2013,Midwest,83343.92,Year,Y,Certified
EZYV11957,Asia,Master's,N,N,2000,2002,West,3468.7,Year,Y,Denied
EZYV17610,Asia,Bachelor's,N,N,1554,1969,West,52579.57,Year,N,Denied
EZYV8801,North America,High School,Y,N,388,1984,Northeast,39266.14,Year,Y,Certified
EZYV21500,Asia,Bachelor's,Y,N,5457,1831,West,53410.04,Year,Y,Certified
EZYV23511,Asia,High School,Y,N,1325,1809,Northeast,54654.66,Year,Y,Certified
EZYV6079,Asia,Bachelor's,Y,N,683,1976,South,112539.54,Year,N,Certified
EZYV16261,Asia,High School,Y,N,446,1998,Northeast,96177.74,Year,Y,Denied
EZYV16832,Europe,High School,Y,N,1485,2010,South,73469.66,Year,Y,Denied
EZYV19498,North America,Master's,N,N,262246,1998,West,450.9764,Hour,Y,Denied
EZYV855,North America,Bachelor's,N,N,1480,1967,South,142827.07,Year,N,Certified
EZYV16105,Asia,Doctorate,Y,N,6586,2004,West,25820.86,Year,Y,Certified
EZYV14331,Asia,Bachelor's,N,N,1925,2001,West,77495.23,Year,Y,Denied
EZYV14552,Asia,Master's,N,N,1589,1968,South,149762.36,Year,N,Certified
EZYV9105,Asia,Bachelor's,N,N,757,2001,Midwest,175734.63,Year,Y,Certified
EZYV2442,Oceania,High School,Y,N,2477,2010,West,73542.33,Year,Y,Certified
EZYV20855,North America,Bachelor's,Y,Y,696,2009,West,92776.49,Year,Y,Certified
EZYV7565,Asia,Bachelor's,Y,N,959,2005,Northeast,9690.94,Year,Y,Denied
EZYV10036,North America,High School,Y,N,5364,1986,South,54363.49,Year,Y,Denied
EZYV19946,Asia,Bachelor's,N,Y,1423,2015,Midwest,131306.31,Year,Y,Denied
EZYV3791,Asia,Bachelor's,Y,N,3173,2002,South,28652.91,Year,Y,Denied
EZYV15244,Asia,Master's,N,Y,2017,2013,West,268.8063,Hour,Y,Certified
EZYV24878,Asia,Bachelor's,Y,Y,2860,1975,South,116287.31,Year,Y,Denied
EZYV8788,Asia,High School,N,N,2565,1885,Midwest,188931.55,Year,Y,Denied
EZYV11307,Asia,Bachelor's,Y,N,2421,1998,South,51327.8,Year,Y,Certified
EZYV13457,Asia,High School,Y,N,2825,2003,West,67186.18,Year,Y,Denied
EZYV22181,Europe,Master's,N,N,1819,1996,West,109442.84,Year,Y,Certified
EZYV9589,Asia,Bachelor's,N,N,1768,1994,West,55340.98,Year,Y,Certified
EZYV19452,Asia,High School,N,N,3575,1999,Midwest,120067.19,Year,Y,Certified
EZYV8219,Asia,Master's,Y,N,687,2009,South,99065.5,Year,Y,Certified
EZYV21758,Asia,Master's,N,N,2067,2005,Midwest,164463.45,Year,Y,Certified
EZYV19513,Asia,Bachelor's,N,N,824,1854,West,102.19,Hour,Y,Denied
EZYV14271,Europe,Master's,Y,N,766,1986,Midwest,90672.47,Year,Y,Certified
EZYV989,North America,Bachelor's,Y,N,6070,1997,Northeast,50956.99,Year,Y,Certified
EZYV23397,Asia,High School,N,N,4659,2005,Midwest,62331.23,Year,Y,Certified
EZYV15532,Asia,Master's,N,N,3380,1965,South,144834.39,Year,N,Certified
EZYV15744,Europe,Master's,Y,N,4145,2013,Northeast,6488.0,Year,Y,Certified
EZYV20187,Asia,Bachelor's,Y,N,2963,1963,West,88071.42,Year,Y,Certified
EZYV1337,Asia,Bachelor's,Y,N,67,2007,Midwest,188640.49,Year,N,Certified
EZYV2241,South America,Master's,Y,N,1360,1989,Northeast,17788.04,Year,Y,Certified
EZYV6877,Europe,Master's,N,N,1428,1997,Northeast,27257.54,Year,Y,Certified
EZYV9081,Asia,Bachelor's,Y,N,2893,1998,South,691.1057,Hour,Y,Denied
EZYV15908,North America,Master's,Y,N,1770,1968,Northeast,148564.49,Year,Y,Certified
EZYV21783,Asia,Bachelor's,N,Y,45505,1985,West,148149.27,Year,Y,Denied
EZYV21757,Asia,Bachelor's,N,N,362,1986,Northeast,537.9665,Hour,Y,Denied
EZYV20454,Asia,Doctorate,Y,N,2568,2007,Northeast,27791.37,Year,N,Certified
EZYV15779,Asia,Master's,Y,N,2171,2001,South,74621.09,Year,Y,Certified
EZYV23314,Africa,Master's,Y,N,2249,2003,Northeast,17289.94,Year,Y,Certified
EZYV8289,Europe,Bachelor's,N,N,4721,1972,West,19948.04,Year,Y,Denied
EZYV12526,Asia,Master's,Y,Y,2538,1848,Midwest,143866.53,Year,Y,Certified
EZYV22582,South America,Doctorate,N,N,606,1801,South,68003.04,Year,Y,Certified
EZYV3235,Europe,Bachelor's,Y,Y,190,2012,Northeast,120372.7,Year,N,Certified
EZYV10463,Asia,Bachelor's,Y,N,924,2004,South,23611.89,Year,Y,Certified
EZYV4409,Asia,Master's,Y,N,2642,1976,South,167073.5,Year,Y,Certified
EZYV16808,Asia,Bachelor's,Y,N,1138,1911,South,35267.07,Year,Y,Certified
EZYV25413,Asia,Master's,N,N,2509,2003,South,545.5406,Hour,Y,Certified
EZYV23661,South America,Bachelor's,N,N,3890,1977,South,460.7064,Hour,Y,Denied
EZYV16458,Asia,Master's,Y,Y,1428,1872,Midwest,145849.09,Year,Y,Certified
EZYV9425,Asia,Master's,Y,N,3511,2005,South,106414.19,Year,Y,Certified
EZYV11057,Asia,Bachelor's,Y,N,2511,1848,South,147118.25,Year,Y,Denied
EZYV10123,Asia,Master's,N,N,87,1949,Midwest,105592.79,Year,Y,Certified
EZYV16478,Europe,Doctorate,N,N,3113,1968,Midwest,66112.12,Year,Y,Certified
EZYV1803,Africa,Master's,Y,N,1346,2003,Northeast,242146.48,Year,Y,Certified
EZYV9237,Europe,High School,Y,Y,9120,1907,West,126693.97,Year,Y,Denied
EZYV8473,Asia,Master's,N,N,1566,1995,West,19736.48,Year,Y,Certified
EZYV22327,Asia,High School,N,N,434,1998,Midwest,58341.54,Year,Y,Certified
EZYV8264,Asia,Master's,N,N,1325,1971,Northeast,335.5486,Hour,Y,Certified
EZYV10665,North America,Bachelor's,Y,N,207,1998,South,184662.28,Year,Y,Certified
EZYV24309,Asia,Bachelor's,N,N,1334,1998,Northeast,30869.08,Year,Y,Certified
EZYV20493,North America,Master's,Y,N,4658,1968,Northeast,101356.75,Year,Y,Denied
EZYV15506,North America,High School,N,N,912,2003,Northeast,309.4815,Hour,Y,Denied
EZYV629,Europe,Doctorate,Y,N,2128,2001,Northeast,73503.72,Year,Y,Certified
EZYV13261,Asia,Bachelor's,Y,N,2387,1999,Northeast,38528.63,Year,Y,Denied
EZYV21494,Asia,Bachelor's,N,N,913,2010,Northeast,34755.42,Year,Y,Certified
EZYV19296,North America,Master's,Y,Y,948,2012,South,87304.75,Year,Y,Certified
EZYV1814,Asia,Master's,N,N,5441,2006,West,143481.98,Year,N,Denied
EZYV9232,Asia,High School,Y,N,1270,2005,Northeast,470.6299,Hour,Y,Denied
EZYV12471,Asia,High School,Y,N,5831,2007,South,5161.33,Year,Y,Denied
EZYV20400,Asia,Bachelor's,N,N,1280,1981,South,116393.31,Year,Y,Certified
EZYV4917,Asia,Master's,N,N,172,1998,South,132159.79,Year,N,Certified
EZYV6427,Asia,Bachelor's,N,N,3083,2013,West,215234.01,Year,Y,Certified
EZYV18505,Asia,Master's,Y,N,3085,2003,West,46738.47,Year,Y,Denied
EZYV15623,Asia,Bachelor's,Y,N,2529,2008,South,42123.93,Year,N,Certified
EZYV22118,Europe,Master's,Y,N,1867,1993,Northeast,54070.79,Year,Y,Certified
EZYV1755,Asia,Bachelor's,Y,N,5222,1998,South,57839.98,Year,Y,Certified
EZYV6893,North America,Master's,Y,N,6798,2013,South,56461.11,Year,Y,Certified
EZYV24320,Asia,Doctorate,N,Y,841,1977,Northeast,93322.94,Year,Y,Certified
EZYV3955,Asia,Master's,N,N,4032,1838,Northeast,144257.35,Year,N,Denied
EZYV3504,Asia,Bachelor's,N,N,2522,1998,Northeast,14842.59,Year,Y,Denied
EZYV15892,Asia,Bachelor's,N,Y,928,1909,South,69551.2,Year,Y,Certified
EZYV13580,Asia,Master's,Y,N,47794,1989,South,38582.1,Year,Y,Certified
EZYV15111,Asia,High School,N,N,2235,1873,Northeast,672.6563,Hour,Y,Denied
EZYV8511,Africa,High School,Y,N,3182,2006,Northeast,50090.44,Year,Y,Denied
EZYV16856,Asia,Master's,Y,N,2263,2008,West,118688.38,Year,N,Denied
EZYV942,North America,Master's,N,N,2464,2012,Midwest,113052.48,Year,N,Certified
EZYV17886,Asia,Bachelor's,N,N,1946,2006,West,127548.46,Year,Y,Denied
EZYV18954,Asia,High School,N,N,1905,2005,South,108236.71,Year,N,Certified
EZYV1886,Asia,Master's,Y,N,1382,1997,Northeast,59611.37,Year,Y,Certified
EZYV21913,Europe,Doctorate,Y,N,1712,2010,Northeast,28185.17,Year,Y,Certified
EZYV19787,Asia,Bachelor's,Y,N,3229,1998,South,68647.07,Year,Y,Denied
EZYV24132,Asia,Bachelor's,N,N,1448,1992,Northeast,63937.42,Year,Y,Denied
EZYV13073,Europe,Bachelor's,N,Y,5971,2001,West,67680.11,Year,Y,Certified
EZYV10553,Asia,Master's,N,N,741,2000,Midwest,112.71,Hour,Y,Denied
EZYV25461,Europe,Master's,Y,Y,413,1997,West,8263.47,Year,Y,Certified
EZYV14888,Asia,Bachelor's,Y,N,4374,1985,Midwest,107692.42,Year,Y,Certified
EZYV24163,Asia,Master's,N,N,165,2006,South,115776.57,Year,N,Certified
EZYV13355,Asia,Master's,N,N,3556,2007,Northeast,98785.88,Year,Y,Denied
EZYV2166,South America,Master's,Y,Y,947,1847,South,65345.58,Year,Y,Certified
EZYV9192,Asia,Master's,N,Y,561,1929,Northeast,133973.24,Year,Y,Certified
EZYV18180,Europe,Bachelor's,N,N,1290,2013,South,731.3048,Hour,Y,Denied
EZYV13850,Asia,Master's,N,N,1840,1968,Northeast,33201.69,Year,Y,Denied
EZYV15348,Asia,Bachelor's,Y,N,360,2007,Northeast,60899.38,Year,Y,Certified
EZYV22190,North America,Master's,Y,N,41193,1872,South,36404.36,Year,Y,Certified
EZYV13235,Asia,Master's,Y,Y,10644,2000,South,91519.88,Year,Y,Denied
EZYV10118,North America,Bachelor's,N,N,6351,2010,West,88156.87,Year,Y,Certified
EZYV6365,Asia,Bachelor's,N,N,239,2004,Midwest,65589.67,Year,Y,Certified
EZYV17375,Asia,Bachelor's,N,N,2594,2003,West,83919.41,Year,Y,Certified
EZYV2220,Asia,Master's,Y,N,3669,2007,Northeast,28152.1,Year,Y,Certified
EZYV21592,North America,Bachelor's,Y,N,86883,2007,South,114664.64,Year,N,Denied
EZYV4695,Asia,Master's,N,N,1045,2010,South,78812.46,Year,Y,Denied
EZYV15306,Asia,Bachelor's,Y,N,824,1968,Northeast,201123.05,Year,N,Denied
EZYV10034,Asia,Master's,Y,N,821,2000,South,146574.94,Year,N,Certified
EZYV23106,Europe,Doctorate,Y,Y,1438,1991,South,28872.55,Year,Y,Denied
EZYV23509,Asia,Doctorate,N,Y,75,1897,South,129289.47,Year,Y,Denied
EZYV1294,North America,High School,Y,N,1770,2006,Northeast,539.4964,Hour,Y,Certified
EZYV7039,Asia,Bachelor's,Y,N,2211,1998,Northeast,150580.28,Year,N,Certified
EZYV19238,North America,Bachelor's,Y,N,1249,1971,West,35516.37,Week,Y,Certified
EZYV11162,Asia,Bachelor's,N,N,3100,1976,West,115269.43,Year,Y,Certified
EZYV23401,Asia,Master's,N,N,20145,2000,Northeast,95052.29,Year,Y,Certified
EZYV19744,North America,Bachelor's,N,N,2459,1954,Midwest,204816.64,Year,Y,Certified
EZYV13430,Asia,High School,N,N,1514,1989,South,129.91,Hour,Y,Denied
EZYV4203,Europe,Bachelor's,N,N,1051,1992,Midwest,32216.54,Year,Y,Certified
EZYV20142,Asia,Master's,Y,N,303,1971,Northeast,103379.38,Year,Y,Denied
EZYV5094,Asia,Bachelor's,Y,N,7991,1933,Northeast,155532.92,Year,Y,Certified
EZYV16722,Asia,Bachelor's,Y,N,1256,1882,Northeast,93598.65,Year,Y,Certified
EZYV11155,Africa,Master's,N,N,2910,1911,Midwest,12404.7,Year,Y,Certified
EZYV2215,North America,Bachelor's,N,N,4907,2008,South,288.4735,Hour,Y,Certified
EZYV16802,Asia,Bachelor's,Y,N,2559,2006,West,345.854,Hour,Y,Denied
EZYV12948,Asia,Bachelor's,Y,N,764,1960,Midwest,46053.83,Year,Y,Certified
EZYV2178,Asia,Doctorate,N,N,5709,2005,South,57874.13,Year,Y,Certified
EZYV18767,North America,Master's,Y,N,1357,1999,Northeast,59172.93,Year,N,Certified
EZYV9285,Asia,Master's,Y,N,22399,1869,West,66501.85,Year,Y,Certified
EZYV8425,Asia,Master's,N,N,1495,1986,Midwest,168833.22,Year,N,Certified
EZYV13128,Asia,Bachelor's,N,N,4231,1894,South,955.657,Hour,Y,Denied
EZYV23550,Asia,Master's,N,N,1869,2007,Northeast,47742.91,Year,Y,Certified
EZYV15264,Asia,Bachelor's,Y,N,2714,1997,West,1174.1,Year,Y,Denied
EZYV12885,Asia,Bachelor's,Y,N,1219,2013,South,11963.17,Year,Y,Denied
EZYV16813,Asia,Master's,Y,N,4410,2005,Midwest,70836.63,Year,Y,Certified
EZYV20222,North America,Bachelor's,Y,Y,1106,1986,Midwest,188442.2,Year,Y,Certified
EZYV8323,Asia,Bachelor's,Y,N,2557,1945,West,22614.82,Year,Y,Denied
EZYV25396,North America,Master's,Y,N,2309,1959,South,65372.52,Year,Y,Certified
EZYV9399,Asia,Master's,Y,N,3739,1987,South,221860.43,Year,N,Certified
EZYV19962,South America,Master's,N,N,58,1995,Northeast,78948.36,Year,Y,Certified
EZYV24882,Asia,Master's,Y,N,1275,1998,Northeast,68196.68,Year,Y,Certified
EZYV14455,Asia,High School,N,N,3335,1989,Midwest,90410.07,Year,Y,Denied
EZYV5979,Africa,Bachelor's,Y,N,1749,2011,West,106851.38,Year,Y,Denied
EZYV24283,Asia,Master's,N,N,278,2005,West,132794.45,Year,N,Certified
EZYV13158,Asia,Bachelor's,Y,N,833,2003,South,46143.35,Year,Y,Denied
EZYV18066,Asia,Master's,N,N,4675,2010,Midwest,102158.17,Year,N,Certified
EZYV20419,Asia,Bachelor's,N,N,3870,1940,Northeast,85876.66,Year,N,Denied
EZYV22740,North America,Master's,N,N,25121,1999,South,31933.95,Year,N,Certified
EZYV9070,North America,High School,N,N,1003,1970,Midwest,53295.76,Year,Y,Certified
EZYV20100,Asia,Bachelor's,Y,N,2965,2004,Northeast,110784.19,Year,Y,Certified
EZYV6756,Asia,Master's,Y,N,2033,2001,Northeast,843.0144,Hour,Y,Certified
EZYV24636,Asia,Bachelor's,N,N,755,1989,South,167.2888,Hour,Y,Denied
EZYV19084,Asia,High School,N,N,1666,2013,Northeast,540.1,Year,Y,Denied
EZYV13472,North America,Master's,N,N,-17,2003,Northeast,257.2413,Hour,Y,Denied
EZYV22120,North America,Master's,N,N,1166,1997,South,145953.01,Year,N,Certified
EZYV11134,Asia,Bachelor's,N,N,392,1975,Midwest,151161.36,Year,Y,Certified
EZYV19176,North America,Master's,Y,N,5880,1850,West,15268.45,Year,Y,Certified
EZYV19828,North America,Bachelor's,N,N,1094,1912,South,69687.58,Year,Y,Certified
EZYV1598,Europe,Bachelor's,Y,N,25618,1876,Northeast,70432.2,Year,Y,Certified
EZYV2297,Asia,Doctorate,N,Y,3026,2001,South,94061.66,Year,Y,Certified
EZYV7345,Asia,High School,Y,N,4688,1965,Northeast,80917.1,Year,Y,Denied
EZYV4267,North America,High School,Y,Y,2882,1979,West,3867.25,Year,Y,Certified
EZYV22501,Asia,Bachelor's,N,Y,1794,1985,West,87119.37,Year,Y,Denied
EZYV227,North America,Master's,N,N,20,1997,Midwest,138925.72,Year,N,Certified
EZYV10766,Asia,Bachelor's,Y,N,3977,1958,Northeast,60427.61,Year,Y,Certified
EZYV4464,Asia,Bachelor's,N,N,2528,1998,Island,97321.02,Year,N,Denied
EZYV4786,Asia,Master's,N,N,1022,1998,South,86339.54,Year,Y,Certified
EZYV14127,Europe,Master's,N,N,1233,2010,Northeast,77648.55,Year,Y,Certified
EZYV8818,Asia,Master's,Y,N,1530,1987,West,131241.28,Year,Y,Certified
EZYV9790,Europe,Bachelor's,N,N,1094,2005,South,109203.04,Year,Y,Denied
EZYV17177,Asia,Bachelor's,Y,N,5103,2007,South,84008.33,Year,Y,Certified
EZYV13608,Asia,Bachelor's,Y,N,38959,1998,South,64001.04,Year,Y,Certified
EZYV9832,Europe,High School,Y,N,1290,1817,Midwest,49630.59,Year,Y,Denied
EZYV19354,Asia,Doctorate,Y,N,2300,2002,Midwest,76653.75,Year,Y,Certified
EZYV15715,Asia,Master's,N,N,2634,2007,South,896.3531,Hour,Y,Certified
EZYV14744,Asia,Master's,N,N,1393,2008,Northeast,140028.57,Year,N,Denied
EZYV1998,Asia,Master's,N,N,1550,1986,Northeast,107346.96,Year,Y,Denied
EZYV9541,Asia,Master's,N,N,1768,2000,Midwest,103642.03,Year,Y,Certified
EZYV18242,North America,High School,N,N,452,1978,West,61855.7,Year,Y,Denied
EZYV25162,Asia,Bachelor's,N,N,2370,2001,Northeast,56406.83,Year,Y,Certified
EZYV12454,Asia,Master's,Y,N,5776,2006,West,73848.49,Year,Y,Certified
EZYV3732,North America,Master's,Y,N,428773,2004,Northeast,39191.89,Year,Y,Certified
EZYV14754,Asia,Bachelor's,N,N,847,1925,Northeast,165033.72,Year,N,Denied
EZYV3832,Asia,Master's,Y,N,4946,1975,South,99865.09,Year,Y,Certified
EZYV537,Europe,Bachelor's,N,N,412,1997,West,34249.67,Year,Y,Certified
EZYV6438,Asia,Master's,N,Y,5082,1977,South,127271.51,Year,Y,Certified
EZYV11248,Asia,Bachelor's,Y,N,4389,1855,Midwest,67132.25,Year,Y,Certified
EZYV11879,North America,Bachelor's,N,Y,4846,1981,West,87843.94,Year,Y,Certified
EZYV19610,Asia,Bachelor's,N,N,1502,1969,South,618.1654,Hour,Y,Certified
EZYV5703,Asia,Master's,Y,Y,466,1981,Midwest,69497.67,Year,Y,Certified
EZYV5790,North America,High School,Y,N,1070,1999,Midwest,61053.87,Year,Y,Certified
EZYV2671,North America,Master's,Y,N,2327,2006,Northeast,71716.87,Year,Y,Certified
EZYV22354,Asia,Bachelor's,N,N,1026,1974,South,95930.11,Year,Y,Denied
EZYV6426,Europe,Bachelor's,Y,N,1555,2014,Northeast,47647.41,Year,Y,Certified
EZYV2495,North America,High School,N,N,82004,1836,West,73113.74,Year,Y,Denied
EZYV17750,Asia,Master's,N,N,11444,2013,Midwest,481.3452,Hour,Y,Certified
EZYV5757,Asia,Master's,N,N,1708,2013,South,75585.54,Year,Y,Certified
EZYV20531,Asia,Master's,Y,N,3808,2011,Northeast,5085.89,Year,Y,Certified
EZYV24688,North America,Bachelor's,Y,N,1705,1978,Northeast,83204.23,Year,N,Denied
EZYV6746,Asia,Doctorate,Y,Y,3304,2006,West,154111.15,Year,Y,Certified
EZYV12317,Europe,Bachelor's,Y,Y,3247,1855,Northeast,83252.47,Year,Y,Certified
EZYV3382,North America,High School,Y,N,771,2007,Midwest,74074.44,Year,Y,Certified
EZYV2271,Asia,Bachelor's,Y,Y,1252,1999,West,39296.5,Year,Y,Certified
EZYV5507,Asia,Bachelor's,Y,N,3124,2002,Northeast,105717.0,Year,Y,Certified
EZYV18687,Asia,Master's,N,N,1845,1997,South,85.7085,Hour,Y,Denied
EZYV2124,Asia,High School,Y,N,3004,1979,Island,69260.25,Year,Y,Denied
EZYV15700,Europe,High School,Y,N,329,1987,West,50726.95,Year,Y,Denied
EZYV14663,Asia,High School,N,N,2287,2001,Midwest,22213.77,Year,Y,Denied
EZYV24546,Europe,Master's,N,N,1322,1902,Northeast,438.2535,Hour,Y,Denied
EZYV308,North America,Master's,Y,N,4265,1997,South,69375.0,Year,Y,Certified
EZYV20358,North America,Bachelor's,Y,Y,2070,1997,Northeast,80718.21,Year,Y,Denied
EZYV13727,South America,Bachelor's,Y,N,2695,1978,South,45054.64,Year,Y,Certified
EZYV21230,Asia,High School,Y,N,2135,2010,West,60525.63,Year,Y,Certified
EZYV7691,Asia,Bachelor's,Y,N,1598,1977,West,211621.68,Year,N,Denied
EZYV19975,Asia,Bachelor's,Y,Y,1608,1998,Midwest,46811.15,Year,Y,Certified
EZYV2659,Asia,Bachelor's,N,N,3786,2008,Northeast,122965.96,Year,N,Denied
EZYV8465,North America,High School,Y,N,2570,1997,West,108544.37,Year,Y,Certified
EZYV1438,Asia,Bachelor's,N,N,3120,2001,South,61440.83,Year,Y,Certified
EZYV4545,Asia,Master's,Y,N,216,2006,Midwest,143086.82,Year,Y,Certified
EZYV234,Asia,Bachelor's,Y,N,3223,1997,South,7113.47,Year,Y,Certified
EZYV11848,Asia,Bachelor's,Y,N,665,2009,Northeast,136688.66,Year,Y,Denied
EZYV7451,Asia,Bachelor's,Y,N,1617,1999,South,105562.35,Year,Y,Denied
EZYV6127,Europe,High School,Y,N,3413,2007,Northeast,21205.71,Year,Y,Denied
EZYV4525,Asia,Master's,Y,N,270,1851,South,92599.64,Year,Y,Certified
EZYV15223,North America,Doctorate,Y,N,1700,1997,West,39102.35,Year,Y,Certified
EZYV19530,Asia,Master's,Y,N,296252,2003,Northeast,28077.99,Year,Y,Denied
EZYV25033,Asia,Bachelor's,N,N,86,2002,South,57925.39,Year,Y,Denied
EZYV13762,Asia,Master's,Y,N,67,2006,West,120672.37,Year,Y,Certified
EZYV20994,Asia,Master's,N,N,425,1979,Midwest,134027.0,Year,N,Denied
EZYV7662,Asia,Doctorate,N,N,993,2002,Northeast,20842.9,Year,Y,Certified
EZYV209,North America,High School,N,N,2741,2005,Northeast,158.3807,Hour,Y,Denied
EZYV6342,Asia,Master's,Y,N,1869,1990,West,102972.01,Year,Y,Certified
EZYV13550,Asia,Master's,N,N,2835,2005,West,24113.33,Year,Y,Denied
EZYV24748,North America,Master's,N,N,182,1977,West,961.735,Hour,Y,Certified
EZYV12666,Asia,Master's,Y,N,1675,2007,West,116490.94,Year,Y,Certified
EZYV11590,Asia,Bachelor's,N,N,102,1947,Northeast,45996.16,Year,Y,Denied
EZYV3324,South America,Master's,Y,Y,824,1948,West,127862.13,Year,Y,Certified
EZYV13941,Asia,Bachelor's,Y,N,53631,2008,South,25440.67,Year,Y,Certified
EZYV24212,North America,Master's,N,N,3014,1946,South,109954.29,Year,N,Denied
EZYV1269,Asia,Bachelor's,N,N,520,2004,Northeast,55247.55,Year,Y,Denied
EZYV366,Asia,Doctorate,Y,N,70113,1897,Northeast,67492.78,Week,Y,Certified
EZYV18415,Asia,Bachelor's,Y,N,304,2006,Northeast,47716.9,Year,Y,Certified
EZYV18312,Asia,Master's,N,N,4573,1998,Island,112140.06,Year,Y,Certified
EZYV24510,North America,Master's,Y,N,1039,1960,South,112141.6,Year,Y,Certified
EZYV17479,Asia,Bachelor's,N,N,53,2006,South,46365.05,Year,Y,Certified
EZYV9681,Asia,Master's,Y,N,5669,2000,West,35668.98,Year,Y,Certified
EZYV18025,Asia,Bachelor's,Y,Y,3584,1997,Northeast,90877.52,Year,Y,Denied
EZYV7302,Asia,Master's,Y,N,1217,1998,South,53718.41,Year,N,Certified
EZYV154,Asia,Master's,Y,N,373,2009,South,128931.59,Year,N,Certified
EZYV20281,Asia,Master's,Y,Y,1491,1947,South,66906.33,Year,Y,Denied
EZYV20843,Asia,Master's,N,N,1887,2011,Midwest,147430.78,Year,Y,Denied
EZYV22562,Asia,Bachelor's,Y,N,1685,2007,South,109502.91,Year,Y,Denied
EZYV3738,Europe,Master's,N,Y,54229,1876,South,27977.98,Year,Y,Certified
EZYV2793,Asia,Bachelor's,N,N,1332,1982,West,47556.72,Year,Y,Denied
EZYV16465,Africa,Bachelor's,Y,N,1663,1969,West,148443.6,Year,Y,Certified
EZYV14057,North America,Master's,N,N,3757,1908,Midwest,278554.98,Year,N,Certified
EZYV9489,Asia,Master's,Y,N,2281,2012,Midwest,178385.89,Year,Y,Certified
EZYV19784,Asia,Master's,N,N,71918,1985,Northeast,106138.36,Year,Y,Denied
EZYV6179,Asia,Bachelor's,Y,N,481,1987,South,68345.24,Year,Y,Denied
EZYV5884,Asia,Master's,N,N,3073,2000,West,92454.26,Year,Y,Certified
EZYV23112,Asia,High School,Y,N,16534,1960,Midwest,272.7286,Hour,Y,Denied
EZYV14808,Asia,Master's,N,N,2827,1984,Midwest,120969.2,Year,Y,Certified
EZYV3960,Asia,Master's,Y,N,4478,2007,Northeast,26194.9,Year,N,Certified
EZYV19496,North America,Master's,Y,N,1592,2012,West,101030.56,Year,Y,Denied
EZYV11952,North America,High School,Y,N,2298,1911,South,85971.69,Year,Y,Denied
EZYV4037,Asia,High School,Y,N,99503,2004,West,84647.67,Year,N,Denied
EZYV24762,Asia,High School,N,N,1610,1999,Midwest,77923.09,Year,Y,Certified
EZYV24282,Asia,Bachelor's,N,N,3704,2013,West,65398.59,Year,Y,Certified
EZYV19340,North America,Bachelor's,Y,N,3569,1965,Northeast,493.1,Year,Y,Certified
EZYV13465,Asia,Bachelor's,Y,N,529,2010,Midwest,91428.8,Year,Y,Certified
EZYV7052,Asia,Master's,N,N,422,2011,South,459.6712,Hour,Y,Certified
EZYV8604,North America,Bachelor's,Y,N,3364,2001,West,8270.66,Year,Y,Certified
EZYV10928,North America,Bachelor's,N,N,3876,1987,West,76595.55,Year,Y,Denied
EZYV20808,North America,High School,Y,N,3946,2001,Island,59086.31,Year,Y,Denied
EZYV11028,Europe,Master's,N,N,3443,1985,West,540.2809,Hour,Y,Denied
EZYV7770,Europe,Master's,Y,N,998,2000,South,868.8772,Hour,Y,Certified
EZYV15626,Asia,Master's,N,Y,144,2005,Northeast,42692.99,Year,Y,Certified
EZYV12894,Asia,Bachelor's,Y,N,1232,1996,Northeast,99092.05,Year,Y,Certified
EZYV17570,Asia,Bachelor's,Y,N,153,2000,Midwest,114277.01,Year,Y,Certified
EZYV8890,Asia,Bachelor's,N,N,110691,2003,Northeast,5822.79,Year,Y,Denied
EZYV7962,Asia,Master's,Y,Y,4750,2010,Northeast,55005.65,Year,N,Certified
EZYV1944,Asia,Master's,Y,N,4180,2006,Northeast,12821.61,Year,Y,Certified
EZYV6075,Asia,High School,N,N,2123,1968,Northeast,231.938,Hour,Y,Denied
EZYV18460,Asia,Master's,N,Y,1865,2010,Northeast,474.8156,Hour,Y,Denied
EZYV3608,Asia,High School,N,N,454,1998,South,44170.89,Week,Y,Denied
EZYV18827,Asia,Bachelor's,N,N,3388,1994,Midwest,223357.39,Year,Y,Certified
EZYV19117,Asia,Master's,N,N,2078,2009,Northeast,81081.05,Year,N,Certified
EZYV4665,North America,Doctorate,N,N,658,1999,Midwest,128981.51,Year,Y,Denied
EZYV3607,South America,Master's,N,N,738,2005,Midwest,723.5006,Hour,Y,Denied
EZYV9914,Asia,High School,Y,N,815,1978,Northeast,814.6128,Hour,Y,Denied
EZYV15297,Asia,Bachelor's,Y,N,2422,1994,Northeast,8815.62,Year,Y,Denied
EZYV15756,Asia,Master's,N,N,2821,1998,Northeast,90494.05,Year,Y,Denied
EZYV25062,Asia,Master's,Y,N,1751,2007,Island,152281.71,Year,Y,Certified
EZYV4253,Africa,Bachelor's,Y,N,3244,2004,West,51589.45,Year,Y,Certified
EZYV13826,Asia,Bachelor's,Y,N,1541,1998,Northeast,73678.34,Year,Y,Certified
EZYV2424,Asia,Master's,Y,N,1814,2000,Northeast,31139.14,Year,Y,Certified
EZYV12878,Asia,Master's,N,N,1917,2008,Midwest,30765.39,Year,Y,Certified
EZYV22242,Asia,Bachelor's,Y,N,1477,2001,West,117776.66,Year,Y,Denied
EZYV16636,Asia,High School,Y,N,1501,1946,Northeast,3764.82,Year,Y,Certified
EZYV21067,Asia,Master's,Y,Y,2185,2005,South,73126.84,Year,Y,Certified
EZYV2105,Asia,Doctorate,N,N,385,2010,Northeast,4868.49,Year,Y,Denied
EZYV24149,Asia,Master's,Y,N,1816,2013,Midwest,12737.26,Year,Y,Certified
EZYV2428,Europe,High School,Y,N,800,1999,Northeast,45383.6,Year,Y,Denied
EZYV14652,Europe,Bachelor's,N,N,1115,1997,Northeast,949.4941,Hour,Y,Denied
EZYV3437,Africa,Master's,Y,N,1883,2008,Northeast,94128.3,Year,Y,Certified
EZYV9367,Asia,Bachelor's,Y,N,3022,2009,West,45696.64,Year,Y,Certified
EZYV17642,Asia,Bachelor's,Y,N,1189,1999,Northeast,19897.93,Year,Y,Certified
EZYV3050,Asia,Bachelor's,N,N,1897,2006,South,134735.1,Year,Y,Denied
EZYV14358,Asia,Bachelor's,N,N,1413,2001,Northeast,130536.55,Year,Y,Certified
EZYV14510,Asia,Bachelor's,Y,N,1166,2001,Midwest,18740.24,Year,Y,Certified
EZYV24302,Asia,Bachelor's,Y,N,831,1994,South,484.3999,Hour,Y,Denied
EZYV11616,Europe,Bachelor's,N,N,3098,1977,Northeast,1515.79,Year,Y,Denied
EZYV4124,Asia,Bachelor's,Y,N,285,2001,South,130.0398,Hour,Y,Denied
EZYV1760,Asia,Master's,N,Y,4299,1893,Midwest,98011.58,Year,Y,Certified
EZYV20529,North America,Master's,N,N,3422,1995,Northeast,395.9807,Hour,Y,Certified
EZYV24541,Asia,Master's,N,N,1829,1998,Midwest,102793.6,Year,Y,Denied
EZYV12428,Asia,Master's,N,N,1782,2013,South,66446.73,Year,Y,Denied
EZYV11467,North America,Master's,Y,N,1945,2002,Northeast,516.5716,Hour,Y,Denied
EZYV16028,Asia,Master's,N,N,4215,2010,South,120011.11,Year,Y,Certified
EZYV7054,Asia,Bachelor's,N,N,3578,1986,Northeast,128404.6,Year,Y,Certified
EZYV21377,Asia,High School,N,N,40,1978,West,117274.8,Year,Y,Certified
EZYV16088,Asia,High School,Y,N,3227,1992,South,48411.72,Year,Y,Denied
EZYV2610,Asia,Bachelor's,Y,N,514,2004,Northeast,40583.93,Year,Y,Certified
EZYV15913,Asia,Master's,N,N,5182,1946,Northeast,13014.05,Year,Y,Certified
EZYV9250,North America,Bachelor's,N,N,391,2004,West,43410.33,Year,Y,Certified
EZYV17924,Europe,Doctorate,N,N,844,1952,West,42413.53,Year,Y,Certified
EZYV14142,Asia,Master's,Y,N,3855,2008,Midwest,71014.2,Year,Y,Certified
EZYV11507,Asia,Master's,Y,Y,3148,1987,West,105742.39,Year,Y,Certified
EZYV9404,Asia,Bachelor's,Y,N,3818,2001,Northeast,39938.65,Year,Y,Certified
EZYV17866,Africa,Bachelor's,Y,N,110,1982,Midwest,24749.28,Year,Y,Denied
EZYV19172,Asia,High School,Y,N,541,1974,Midwest,28924.61,Year,Y,Certified
EZYV6292,Asia,Bachelor's,N,N,628,2004,Northeast,113465.31,Year,Y,Certified
EZYV18370,Asia,Bachelor's,N,N,3779,2001,West,65745.06,Year,Y,Certified
EZYV2015,Africa,Bachelor's,Y,N,910,1998,Northeast,61351.35,Year,Y,Denied
EZYV968,Europe,Master's,Y,Y,4035,1998,Northeast,41360.5,Year,Y,Certified
EZYV891,Asia,Master's,N,N,1385,1968,West,45108.92,Year,Y,Denied
EZYV7330,Asia,Master's,Y,N,288,2000,Midwest,99965.18,Year,Y,Certified
EZYV1958,North America,Bachelor's,Y,N,1383,1974,West,60184.48,Year,Y,Denied
EZYV7142,Asia,Master's,Y,N,4574,1874,Northeast,59439.65,Year,Y,Certified
EZYV20551,Asia,Master's,Y,N,2062,1979,South,29588.04,Year,Y,Certified
EZYV5480,Asia,Master's,N,N,283,2002,Midwest,82411.98,Year,Y,Certified
EZYV21478,Asia,Master's,Y,N,4374,2002,West,122203.35,Year,Y,Denied
EZYV22847,Asia,Bachelor's,Y,N,370,1998,South,83293.55,Year,Y,Certified
EZYV12943,North America,Bachelor's,Y,N,3633,2012,South,124270.78,Year,N,Denied
EZYV23242,Asia,Doctorate,Y,N,882,1950,Northeast,67173.1,Year,Y,Denied
EZYV22900,Asia,High School,N,Y,1244,2012,Northeast,112481.5,Year,Y,Certified
EZYV1304,Asia,High School,Y,N,6331,1968,West,46573.76,Year,Y,Denied
EZYV14218,Asia,Doctorate,N,N,791,1908,Midwest,92104.02,Year,Y,Certified
EZYV14472,Asia,Bachelor's,Y,N,67,2009,Northeast,72264.25,Year,Y,Certified
EZYV22951,Asia,High School,N,Y,3083,1986,Northeast,78618.72,Year,Y,Certified
EZYV23592,Asia,Bachelor's,Y,N,91203,2006,Midwest,119110.46,Year,N,Certified
EZYV18476,Asia,Master's,Y,N,748,2000,South,34079.95,Year,Y,Certified
EZYV20494,Asia,Master's,Y,N,1053,1980,Midwest,121813.58,Year,Y,Certified
EZYV23236,North America,High School,Y,N,41,2006,Northeast,49654.9,Year,Y,Certified
EZYV17930,Asia,Bachelor's,N,N,283,1993,West,96394.87,Year,Y,Certified
EZYV8051,Europe,Master's,Y,N,95308,1995,South,68036.11,Year,N,Denied
EZYV13314,Asia,Master's,N,N,5037,1869,Midwest,110692.91,Week,Y,Certified
EZYV14276,Asia,Bachelor's,Y,Y,292,1919,West,61073.65,Year,Y,Certified
EZYV23289,North America,Master's,Y,N,3282,1994,West,4474.76,Year,Y,Denied
EZYV17527,Asia,Master's,Y,N,3664,1987,South,75498.54,Year,Y,Certified
EZYV21517,Asia,Master's,Y,Y,11447,1994,Midwest,97031.67,Year,Y,Certified
EZYV12237,Asia,Bachelor's,N,Y,385,1991,Northeast,51323.56,Year,Y,Certified
EZYV16428,Oceania,Master's,N,N,5557,1968,Northeast,184826.87,Year,Y,Certified
EZYV20798,Europe,Master's,N,N,3382,1847,West,5637.79,Year,Y,Certified
EZYV1062,Asia,Master's,Y,N,1144,1983,Northeast,59171.31,Year,Y,Certified
EZYV11358,Asia,Master's,N,N,3494,1925,Midwest,84737.11,Year,Y,Denied
EZYV12302,Asia,Bachelor's,N,N,300,1980,Northeast,466.7417,Hour,Y,Certified
EZYV3733,Asia,Bachelor's,N,N,2934,1989,West,35457.24,Year,Y,Denied
EZYV6309,Asia,Master's,N,Y,15205,2000,West,103394.94,Year,Y,Certified
EZYV6390,Asia,Bachelor's,N,N,3995,2002,Northeast,65416.47,Year,Y,Certified
EZYV24357,Asia,Master's,Y,N,2164,1975,Northeast,67253.22,Year,Y,Certified
EZYV10386,Asia,Master's,Y,N,2295,2013,Island,102494.76,Year,Y,Certified
EZYV25094,Europe,Bachelor's,N,N,572,1946,West,126840.03,Year,Y,Certified
EZYV10323,Asia,Bachelor's,N,N,373,1981,Midwest,66081.34,Year,Y,Certified
EZYV4872,Asia,Master's,Y,N,12231,1996,Midwest,77437.84,Year,Y,Certified
EZYV19746,North America,Master's,Y,N,2472,1976,Midwest,56142.46,Year,Y,Certified
EZYV22444,Asia,Master's,N,N,602,1976,South,108810.85,Year,Y,Denied
EZYV17651,Asia,Master's,N,N,606,2009,West,86507.85,Year,Y,Certified
EZYV20998,Asia,Master's,N,N,130,1999,South,126.67,Hour,Y,Certified
EZYV13477,Asia,Master's,Y,N,1016,1998,Northeast,155696.68,Year,Y,Certified
EZYV17827,Asia,Bachelor's,N,N,3600,1999,Island,137711.11,Year,Y,Certified
EZYV4094,Asia,Bachelor's,Y,N,4653,2006,Northeast,101495.6,Year,Y,Certified
EZYV10594,Asia,Master's,N,N,14488,1999,Midwest,63135.91,Year,N,Certified
EZYV16137,North America,Master's,N,N,1779,1818,West,44463.13,Year,Y,Denied
EZYV11045,Asia,Bachelor's,Y,N,763,1986,South,68709.37,Year,Y,Denied
EZYV21642,Asia,High School,N,N,336,1972,South,671.8011,Hour,Y,Denied
EZYV14146,Asia,Master's,Y,N,5863,1991,Northeast,170011.67,Year,Y,Certified
EZYV1288,Asia,Master's,Y,N,4935,2010,Northeast,153215.2,Year,N,Certified
EZYV1129,Asia,Master's,Y,Y,414,1986,South,158559.86,Year,Y,Certified
EZYV5550,Europe,Doctorate,N,Y,1704,2005,West,48934.84,Year,Y,Certified
EZYV3347,Asia,Master's,Y,N,2008,2000,South,168064.4,Year,N,Certified
EZYV1393,Asia,High School,N,N,491,1861,Northeast,156458.9,Year,Y,Denied
EZYV6694,Asia,Master's,Y,N,99,1895,Midwest,167433.25,Year,Y,Certified
EZYV6379,North America,Doctorate,Y,N,3469,1970,South,80093.71,Year,Y,Certified
EZYV8418,Europe,High School,Y,N,3431,2011,West,6445.52,Year,Y,Denied
EZYV6557,Asia,Bachelor's,Y,N,4755,2007,West,97712.19,Year,Y,Certified
EZYV8328,North America,Bachelor's,Y,N,4852,1997,Northeast,136024.63,Year,N,Certified
EZYV14794,Asia,High School,N,N,3886,2004,South,101615.61,Year,Y,Denied
EZYV7202,North America,Master's,N,N,3425,1999,Midwest,27826.13,Year,Y,Certified
EZYV8816,South America,Bachelor's,N,N,308,2000,Midwest,107.08,Hour,Y,Denied
EZYV19153,Asia,Bachelor's,Y,N,5319,2008,South,64662.64,Year,Y,Certified
EZYV14911,Europe,Doctorate,Y,N,3822,1997,South,38714.65,Year,Y,Certified
EZYV21882,Asia,Bachelor's,N,N,2012,2010,Midwest,150114.55,Year,Y,Certified
EZYV10012,Asia,Bachelor's,N,N,163,2010,Northeast,14130.76,Year,Y,Certified
EZYV7370,Asia,Master's,N,N,3047,1998,South,70191.52,Year,Y,Certified
EZYV23462,Asia,Bachelor's,Y,N,706,1978,Northeast,33246.86,Year,Y,Certified
EZYV18118,Asia,Master's,N,N,253,1976,South,110.85,Hour,Y,Denied
EZYV2449,Asia,High School,Y,N,873,2011,Midwest,109026.57,Year,Y,Certified
EZYV19695,North America,Master's,Y,N,1926,1981,South,144179.95,Year,N,Certified
EZYV10058,Asia,Bachelor's,Y,N,3560,1981,West,81630.46,Year,Y,Certified
EZYV14703,Asia,Master's,N,Y,2398,1961,West,58407.62,Year,Y,Certified
EZYV24264,Asia,Master's,Y,N,2885,2004,Midwest,137450.86,Year,Y,Certified
EZYV7845,Asia,Bachelor's,Y,N,341,2002,Midwest,207023.76,Year,Y,Certified
EZYV22837,Asia,Bachelor's,N,N,1636,2007,South,69865.99,Year,Y,Denied
EZYV19034,Asia,Doctorate,N,N,3154,2010,South,120616.34,Year,Y,Certified
EZYV17066,Asia,Master's,Y,N,3257,2006,South,78551.58,Year,N,Certified
EZYV7747,Asia,Bachelor's,N,Y,2245,2003,South,96236.24,Year,Y,Denied
EZYV13560,Asia,Master's,Y,N,3409,1920,Midwest,33550.52,Year,Y,Certified
EZYV9777,Asia,Master's,Y,N,2185,1940,West,48042.8,Year,Y,Certified
EZYV9697,South America,High School,Y,N,2732,2005,South,48974.3,Year,Y,Denied
EZYV9927,Asia,High School,Y,N,2449,1899,South,31515.15,Year,Y,Denied
EZYV8721,Asia,Doctorate,N,N,125220,1987,Northeast,102856.2,Year,Y,Certified
EZYV20217,North America,Master's,N,N,5474,1867,West,81375.53,Year,N,Certified
EZYV11663,Asia,Doctorate,N,N,301,1977,Midwest,118724.38,Month,Y,Certified
EZYV18794,Asia,High School,Y,N,4297,2004,West,2661.36,Year,Y,Denied
EZYV22798,Asia,Master's,N,N,2926,1994,Northeast,101.26,Hour,Y,Certified
EZYV10319,Europe,Bachelor's,N,N,1882,1999,South,90098.01,Year,Y,Certified
EZYV7627,Asia,Bachelor's,Y,N,1088,1981,South,122284.82,Year,Y,Certified
EZYV18730,Asia,Bachelor's,N,N,716,1993,Northeast,317.3444,Hour,Y,Certified
EZYV10749,Asia,High School,N,N,468,1908,South,135214.46,Year,Y,Denied
EZYV21545,Asia,Bachelor's,N,N,2892,1995,Northeast,90696.79,Year,Y,Certified
EZYV14941,Asia,Master's,N,N,1954,2007,Midwest,59612.16,Year,Y,Certified
EZYV1349,Asia,High School,Y,N,1802,1884,Midwest,124746.01,Year,Y,Certified
EZYV21605,Asia,Master's,Y,N,1440,2002,Midwest,7169.8,Year,Y,Certified
EZYV4422,Oceania,Bachelor's,N,Y,4105,2010,South,66349.74,Year,Y,Denied
EZYV24548,North America,Master's,Y,N,6059,1853,West,142701.81,Year,Y,Denied
EZYV12382,Asia,High School,Y,N,1009,1996,Midwest,141895.49,Year,Y,Denied
EZYV14117,Africa,Master's,N,N,1746,2006,Northeast,136540.73,Year,Y,Certified
EZYV6286,Africa,Master's,N,N,1558,1973,South,73091.32,Year,Y,Denied
EZYV15726,North America,Bachelor's,Y,N,15867,1986,West,54870.08,Year,N,Certified
EZYV12492,Asia,Master's,N,N,2998,1961,West,68825.85,Year,Y,Denied
EZYV10329,Asia,Master's,N,N,2716,1982,Midwest,116904.79,Year,Y,Certified
EZYV3626,Asia,Master's,Y,N,5788,2010,South,65248.64,Year,Y,Certified
EZYV7093,Europe,Bachelor's,Y,N,914,1986,West,45823.73,Year,Y,Certified
EZYV16652,Africa,Master's,Y,N,3998,2000,Northeast,111.99,Hour,Y,Certified
EZYV14797,Oceania,Master's,N,N,119513,1918,South,950.1237,Hour,Y,Certified
EZYV22447,North America,High School,Y,N,1843,2005,Midwest,53067.46,Year,Y,Certified
EZYV19595,Asia,Master's,Y,N,1037,1980,Midwest,117831.27,Year,Y,Certified
EZYV22971,South America,High School,Y,N,484,1993,Midwest,141662.65,Year,Y,Certified
EZYV10884,Asia,High School,N,N,2370,2003,South,7557.62,Year,N,Denied
EZYV17703,Asia,Bachelor's,N,N,603,1996,Northeast,559.5928,Hour,Y,Denied
EZYV3434,Asia,Bachelor's,Y,N,222,1989,South,813.7261,Hour,Y,Certified
EZYV16625,North America,Bachelor's,N,N,2734,1979,Northeast,603.4404,Hour,Y,Certified
EZYV22758,Asia,High School,Y,N,273,1989,West,120371.18,Year,Y,Certified
EZYV13269,South America,High School,Y,N,1476,1991,Northeast,13334.71,Year,Y,Denied
EZYV866,Asia,Bachelor's,Y,N,4729,1951,South,65759.78,Year,N,Certified
EZYV9087,Asia,Bachelor's,N,N,15,1921,Midwest,103573.96,Year,Y,Denied
EZYV7075,Asia,Doctorate,Y,N,3335,2005,South,78187.18,Year,Y,Certified
EZYV8744,Asia,Bachelor's,Y,N,4878,2003,Midwest,82190.31,Year,N,Certified
EZYV878,Asia,Bachelor's,N,N,1858,1865,West,174.594,Hour,Y,Denied
EZYV23570,Asia,Master's,N,N,16207,2002,Northeast,53458.84,Year,Y,Denied
EZYV11286,Europe,Doctorate,N,N,4081,1970,West,50577.52,Year,Y,Certified
EZYV23667,Asia,Bachelor's,Y,N,978,2004,West,56584.76,Year,Y,Certified
EZYV823,Europe,Master's,Y,N,2514,1972,South,27532.52,Year,Y,Certified
EZYV9531,Asia,High School,Y,N,962,2003,Northeast,8624.69,Year,Y,Denied
EZYV3796,North America,Master's,N,N,2920,1981,South,831.6139,Hour,Y,Denied
EZYV12772,North America,High School,Y,N,2305,2007,West,32828.75,Year,Y,Denied
EZYV6567,Asia,Master's,Y,N,4758,1817,Northeast,79144.37,Year,Y,Certified
EZYV13015,Asia,Master's,N,N,77923,1904,West,120139.85,Year,Y,Certified
EZYV16349,Asia,Bachelor's,Y,N,2686,2005,Midwest,50955.21,Year,Y,Denied
EZYV10785,Europe,Bachelor's,Y,N,5208,2011,South,6148.67,Year,Y,Certified
EZYV24024,Asia,High School,N,N,1234,2000,West,136278.77,Year,Y,Denied
EZYV20499,Asia,Bachelor's,Y,N,3832,1983,Midwest,129319.09,Year,Y,Certified
EZYV3875,Europe,High School,N,N,507,2007,Northeast,141634.59,Year,Y,Denied
EZYV22529,Asia,Bachelor's,N,N,702,2010,West,137857.43,Year,Y,Certified
EZYV20879,Asia,High School,N,N,2667,1984,West,44691.2,Year,N,Denied
EZYV12881,Asia,Bachelor's,N,N,2058,1970,Midwest,100762.85,Year,Y,Certified
EZYV23746,Asia,Bachelor's,Y,N,5063,2012,West,10300.2,Year,Y,Denied
EZYV16697,North America,High School,Y,N,2830,1950,South,58930.37,Year,N,Certified
EZYV19193,Europe,Bachelor's,Y,Y,3070,2000,South,35114.61,Year,Y,Certified
EZYV12799,Europe,Bachelor's,N,N,1359,1998,Midwest,64088.7,Year,Y,Certified
EZYV16653,South America,Master's,Y,N,4390,1997,Midwest,52032.35,Year,Y,Certified
EZYV5187,Asia,Master's,Y,N,3412,1976,South,73482.24,Year,Y,Certified
EZYV17089,Africa,Bachelor's,Y,N,3220,1885,Northeast,25466.52,Year,Y,Certified
EZYV18191,Asia,Bachelor's,N,N,964,2005,South,61313.61,Year,Y,Certified
EZYV18197,Asia,Master's,N,N,1947,2006,Midwest,86157.92,Year,Y,Certified
EZYV23215,Asia,Bachelor's,N,N,779,1986,South,238788.29,Year,Y,Denied
EZYV22846,Asia,High School,Y,N,6068,1954,West,14512.78,Year,Y,Certified
EZYV6940,Asia,Master's,N,N,405,2007,Northeast,63996.05,Year,Y,Certified
EZYV24199,Asia,Bachelor's,Y,N,5210,2006,Midwest,79276.43,Year,Y,Certified
EZYV736,Africa,Master's,Y,N,1838,1990,Midwest,112102.98,Year,Y,Certified
EZYV1890,Asia,High School,N,N,1268,2012,South,234139.17,Year,Y,Certified
EZYV2997,Asia,Bachelor's,Y,N,2217,1993,West,60875.21,Year,Y,Certified
EZYV13382,Asia,Bachelor's,N,N,1384,1969,Northeast,545.039,Hour,Y,Certified
EZYV10093,Europe,High School,N,Y,88939,1926,South,9727.51,Year,Y,Denied
EZYV24180,Asia,Bachelor's,Y,N,2683,2009,South,82121.94,Year,Y,Denied
EZYV7623,Asia,High School,Y,N,2448,2008,Midwest,140511.78,Year,Y,Denied
EZYV24436,Europe,Master's,N,Y,117494,1997,Midwest,64149.6,Year,Y,Certified
EZYV19980,Asia,Master's,Y,N,1976,2009,Midwest,46109.71,Year,Y,Certified
EZYV4906,Europe,Doctorate,Y,N,1726,2006,West,62464.63,Year,Y,Certified
EZYV766,Asia,Master's,Y,Y,1787,2006,West,65500.19,Year,Y,Certified
EZYV9072,Asia,Master's,Y,N,290,1976,Midwest,68701.34,Year,Y,Certified
EZYV11716,North America,Bachelor's,Y,N,1053,2011,West,134787.13,Year,Y,Certified
EZYV16922,North America,Master's,Y,N,2821,2011,South,7399.86,Year,Y,Certified
EZYV18651,Europe,Bachelor's,N,N,4828,1996,West,59282.65,Year,Y,Certified
EZYV11578,Asia,Bachelor's,N,N,359,2003,Northeast,54189.62,Year,Y,Certified
EZYV18497,Asia,Master's,Y,N,6256,2001,South,79438.82,Year,N,Denied
EZYV21989,Europe,Bachelor's,N,Y,1310,1998,South,17087.41,Year,Y,Certified
EZYV21896,Asia,Master's,Y,N,170,1998,West,53723.3,Year,Y,Denied
EZYV25126,Europe,Master's,Y,N,4694,1994,West,14414.44,Year,Y,Certified
EZYV22453,South America,Bachelor's,N,N,2315,2002,Northeast,387.9725,Hour,Y,Certified
EZYV10718,Africa,Doctorate,N,N,203,2012,South,73224.72,Year,Y,Certified
EZYV16260,Asia,Master's,N,Y,387,2004,West,96293.17,Year,Y,Certified
EZYV16563,Asia,Bachelor's,Y,N,321,1986,Northeast,94517.26,Year,Y,Certified
EZYV4572,Asia,Bachelor's,Y,N,1420,2001,West,153480.46,Year,Y,Denied
EZYV15850,Europe,Doctorate,N,Y,1977,2007,Midwest,147892.16,Year,Y,Certified
EZYV23249,Europe,Bachelor's,N,Y,1307,1997,South,56767.88,Year,Y,Certified
EZYV16470,Europe,Master's,Y,Y,2423,2012,South,25198.97,Year,Y,Denied
EZYV15534,Asia,Master's,N,N,2207,2007,Midwest,37273.97,Year,Y,Certified
EZYV3023,Asia,Bachelor's,Y,N,7407,2001,Northeast,108128.41,Year,Y,Certified
EZYV16408,Europe,Doctorate,N,Y,50,2001,South,73978.37,Year,Y,Certified
EZYV18390,Europe,Master's,Y,Y,3501,1995,South,64778.1,Year,Y,Certified
EZYV19247,Asia,Bachelor's,N,Y,12587,1990,Northeast,19001.91,Year,Y,Certified
EZYV2661,Asia,Master's,N,N,30691,1914,West,86434.33,Year,N,Denied
EZYV14598,Europe,Doctorate,N,N,5092,2010,West,18855.72,Year,Y,Certified
EZYV2174,Asia,Bachelor's,Y,N,2940,1840,Northeast,127180.67,Year,Y,Certified
EZYV23902,Asia,Bachelor's,N,N,4909,1979,West,3552.16,Year,Y,Denied
EZYV20883,Europe,Bachelor's,Y,N,2662,1989,South,163778.89,Year,Y,Denied
EZYV1635,Asia,Doctorate,N,N,1743,2005,West,87580.04,Year,Y,Denied
EZYV19023,North America,Doctorate,Y,N,625,2004,Northeast,199.5532,Hour,Y,Certified
EZYV3612,North America,Bachelor's,Y,N,28,2003,South,105298.55,Year,Y,Certified
EZYV22742,North America,Bachelor's,N,N,1568,1994,West,101960.26,Year,Y,Denied
EZYV10134,Asia,Doctorate,Y,N,2505,1879,West,93576.62,Year,Y,Certified
EZYV4626,Asia,Master's,Y,N,402,1948,Northeast,59263.34,Year,N,Certified
EZYV2955,Asia,Doctorate,N,N,3931,2002,Northeast,55552.35,Year,Y,Denied
EZYV21841,Asia,Master's,N,Y,1382,2010,South,18921.12,Year,Y,Certified
EZYV10801,Asia,Bachelor's,N,N,1430,1887,South,106032.13,Year,Y,Denied
EZYV5850,Asia,Bachelor's,N,Y,804,2013,West,105579.13,Year,Y,Certified
EZYV17461,Europe,Master's,N,N,70615,1973,West,7834.5,Year,Y,Certified
EZYV9042,Europe,Master's,Y,N,2946,1995,Midwest,129390.69,Year,Y,Certified
EZYV21056,Asia,High School,Y,N,3091,2012,West,144.56,Hour,Y,Denied
EZYV19357,North America,High School,Y,N,1512,1956,South,57515.97,Year,Y,Certified
EZYV19816,North America,Bachelor's,Y,N,1926,1984,West,86467.72,Year,Y,Denied
EZYV15133,Asia,High School,N,N,352,1884,Northeast,36180.2,Year,Y,Denied
EZYV18841,Asia,High School,N,N,95,1966,Midwest,592.3658,Hour,Y,Certified
EZYV10122,Asia,Master's,N,N,3719,1865,South,64945.74,Year,Y,Certified
EZYV9122,Asia,Bachelor's,N,N,3206,2007,South,145564.76,Year,Y,Certified
EZYV11332,Europe,Doctorate,Y,N,907,1970,South,61999.27,Year,Y,Certified
EZYV21722,Asia,Master's,Y,N,4899,2000,West,62817.79,Year,Y,Certified
EZYV18175,North America,Master's,N,N,1080,1974,South,96602.77,Year,N,Certified
EZYV14945,Asia,Master's,Y,N,1959,1948,Midwest,739.9801,Hour,Y,Certified
EZYV4031,North America,Bachelor's,Y,N,759,1876,South,30954.85,Week,Y,Denied
EZYV16540,Asia,Master's,N,N,635,1987,Northeast,112594.71,Year,Y,Denied
EZYV23530,Africa,Master's,Y,N,4534,1966,Northeast,128574.6,Year,Y,Denied
EZYV15830,Asia,Master's,Y,N,280,2000,South,54408.5,Year,Y,Certified
EZYV22399,Asia,Bachelor's,Y,N,55274,1906,South,65298.93,Year,Y,Denied
EZYV23577,Asia,Master's,Y,N,2956,1998,Midwest,112807.57,Year,N,Denied
EZYV11786,North America,Master's,N,N,3789,1998,South,38096.35,Year,Y,Denied
EZYV14831,Asia,Bachelor's,Y,N,2489,2004,Island,95667.83,Year,Y,Certified
EZYV217,Asia,Master's,Y,N,1515,2001,Midwest,269321.68,Year,N,Certified
EZYV18161,Asia,Bachelor's,Y,N,882,1947,Midwest,167811.85,Week,Y,Certified
EZYV24928,North America,Master's,N,N,1072,1992,Northeast,455.1789,Hour,Y,Denied
EZYV14356,North America,Doctorate,N,N,3283,2003,West,38590.55,Year,Y,Certified
EZYV19904,Asia,Bachelor's,N,N,173,2001,Northeast,70465.38,Year,Y,Certified
EZYV4313,Asia,Bachelor's,N,N,174,1956,West,133323.08,Year,Y,Denied
EZYV1412,Asia,Master's,Y,N,2374,2008,Northeast,41225.41,Year,Y,Certified
EZYV4759,Asia,Bachelor's,N,Y,112,1998,South,96928.66,Year,Y,Certified
EZYV13335,Asia,Bachelor's,N,N,579,1998,West,39867.37,Year,Y,Denied
EZYV17256,Asia,Bachelor's,Y,N,3254,1998,Northeast,69319.67,Year,Y,Denied
EZYV21303,Asia,Bachelor's,Y,N,50031,1998,Northeast,83801.0,Year,Y,Certified
EZYV3136,Asia,Bachelor's,Y,N,713,1867,West,157933.61,Year,Y,Certified
EZYV3029,Asia,Master's,N,N,3143,2005,South,122819.19,Year,Y,Denied
EZYV6956,Asia,Bachelor's,Y,N,5211,2010,South,44919.86,Year,Y,Certified
EZYV1931,North America,Master's,Y,N,79245,1867,Island,70580.85,Year,Y,Certified
EZYV17281,Asia,Bachelor's,Y,N,1476,2003,West,152999.61,Year,Y,Certified
EZYV10207,Asia,Bachelor's,Y,N,63422,2001,Island,103316.66,Year,Y,Denied
EZYV25383,Europe,Doctorate,N,N,1110,1995,West,1955.69,Year,Y,Certified
EZYV20596,Asia,Bachelor's,Y,N,31075,1976,South,192191.19,Year,Y,Certified
EZYV21789,Africa,Master's,Y,N,1440,2003,Northeast,29915.83,Year,Y,Certified
EZYV18788,Asia,Master's,Y,N,767,1968,Midwest,45414.33,Year,Y,Certified
EZYV1190,Asia,Master's,N,N,1723,1960,Midwest,39501.79,Year,N,Certified
EZYV467,Asia,Bachelor's,Y,N,3433,2002,West,36979.16,Year,Y,Certified
EZYV8750,Asia,Master's,N,N,3333,1968,South,20871.46,Year,Y,Certified
EZYV8807,Asia,Master's,N,N,550,1999,South,13331.45,Year,Y,Certified
EZYV6151,Asia,High School,N,Y,1916,2004,West,115287.21,Year,Y,Denied
EZYV11072,North America,Master's,Y,N,691,1992,Midwest,147430.45,Year,Y,Certified
EZYV3472,Asia,Bachelor's,N,N,2577,2005,Northeast,915.7486,Hour,Y,Denied
EZYV6570,North America,High School,Y,N,724,2001,Northeast,25600.44,Year,Y,Certified
EZYV9682,North America,Master's,N,N,566,1965,Midwest,72238.79,Year,Y,Denied
EZYV24607,Asia,Bachelor's,Y,N,1770,1966,West,66206.61,Year,Y,Certified
EZYV10119,Asia,Master's,N,N,691,1977,South,41709.89,Week,Y,Certified
EZYV12097,Asia,Bachelor's,Y,N,1850,2014,Island,68286.16,Year,Y,Certified
EZYV6034,Asia,Master's,Y,N,716,2005,West,3776.71,Year,Y,Certified
EZYV6345,Asia,Master's,Y,N,2780,1999,Northeast,476.7579,Hour,Y,Certified
EZYV254,Europe,Master's,Y,N,5260,1994,West,91689.54,Year,Y,Certified
EZYV511,Africa,Master's,Y,N,4420,1984,West,63512.57,Year,Y,Certified
EZYV6099,Asia,High School,Y,N,3456,2007,South,115974.56,Year,Y,Denied
EZYV17093,Asia,High School,N,N,1895,1997,Midwest,135794.3,Year,Y,Certified
EZYV22106,Asia,Master's,N,N,2824,2006,Northeast,105688.25,Year,N,Certified
EZYV24598,Asia,Doctorate,N,N,763,1999,South,437.498,Hour,Y,Denied
EZYV2158,Asia,High School,Y,N,224,1971,West,35486.07,Year,Y,Denied
EZYV7078,Asia,Bachelor's,Y,N,2013,2005,West,21099.22,Year,Y,Denied
EZYV4134,Asia,High School,N,N,1530,2000,South,69910.57,Year,Y,Denied
EZYV20463,Asia,Master's,N,N,2948,1999,Northeast,40479.72,Year,Y,Certified
EZYV21137,North America,High School,Y,N,2058,1999,West,222.3969,Hour,Y,Denied
EZYV20636,Asia,Master's,N,N,1682,1977,West,70289.95,Year,Y,Certified
EZYV17139,Asia,Master's,N,N,1305,1962,Midwest,18339.33,Year,Y,Denied
EZYV1667,Asia,Bachelor's,N,N,542,1991,South,140285.26,Year,Y,Certified
EZYV19605,Asia,Master's,Y,N,1459,1817,South,24516.21,Year,N,Certified
EZYV9287,Asia,High School,N,Y,2660,2004,South,56932.04,Year,Y,Denied
EZYV4733,Asia,Master's,N,N,930,2001,Northeast,121880.69,Year,Y,Certified
EZYV17404,Asia,High School,N,N,3309,1981,Midwest,23528.29,Year,Y,Certified
EZYV13062,Asia,Bachelor's,Y,N,1785,1876,West,56651.12,Year,Y,Denied
EZYV23174,Europe,Doctorate,N,N,1182,2003,West,27366.69,Year,Y,Certified
EZYV6979,Asia,Master's,Y,N,1801,2006,South,50132.38,Year,Y,Certified
EZYV13083,Asia,Bachelor's,Y,N,2242,1987,South,69246.29,Year,Y,Certified
EZYV23839,Asia,Bachelor's,Y,N,455,1969,South,36154.27,Year,Y,Certified
EZYV1021,Europe,Doctorate,N,N,3031,2013,West,21110.82,Year,Y,Certified
EZYV3830,Asia,Bachelor's,N,N,5018,1995,Midwest,124956.98,Year,Y,Denied
EZYV13595,Africa,Master's,Y,N,1313,1897,West,59311.97,Year,Y,Certified
EZYV24259,Asia,Bachelor's,Y,N,4497,1863,Northeast,80363.4,Year,Y,Denied
EZYV9615,Asia,Bachelor's,N,N,2563,1941,Midwest,95780.6,Week,Y,Denied
EZYV5207,Asia,High School,N,N,1426,2000,Island,110830.21,Year,Y,Denied
EZYV3419,North America,High School,N,N,1470,2008,Northeast,125.4,Hour,Y,Denied
EZYV5316,Asia,Doctorate,Y,N,2621,1999,West,104486.78,Year,Y,Certified
EZYV21086,Europe,High School,N,N,1876,1985,Northeast,4524.62,Year,Y,Certified
EZYV8188,North America,Doctorate,Y,N,431,1986,West,97232.16,Year,Y,Certified
EZYV22287,Asia,Master's,Y,N,4453,1961,South,19771.91,Year,Y,Certified
EZYV3105,Africa,High School,Y,N,318,1998,Midwest,77605.78,Year,Y,Denied
EZYV14193,Asia,Master's,Y,N,478,2004,West,66938.54,Year,Y,Certified
EZYV298,Asia,High School,N,N,1624,2000,West,205084.59,Year,Y,Denied
EZYV3322,Asia,Bachelor's,N,N,625,1958,Northeast,59624.93,Year,Y,Denied
EZYV17996,Asia,Bachelor's,Y,N,1585,2005,West,66573.02,Year,Y,Certified
EZYV24107,Europe,Bachelor's,Y,N,630,1867,Northeast,139191.66,Year,Y,Certified
EZYV3465,Asia,Master's,Y,N,4313,2006,Northeast,155116.83,Year,N,Certified
EZYV24102,South America,Bachelor's,N,N,419,1989,Northeast,109177.95,Year,Y,Denied
EZYV1042,Asia,Master's,Y,N,962,1872,South,25041.81,Year,Y,Certified
EZYV7703,Asia,High School,Y,Y,1169,1997,South,47223.92,Year,Y,Denied
EZYV17092,North America,Master's,N,Y,1147,2006,South,67840.37,Year,Y,Denied
EZYV11022,North America,Master's,N,N,439,1983,West,276.646,Hour,Y,Certified
EZYV20515,Asia,High School,Y,N,2308,1972,West,76482.73,Year,Y,Certified
EZYV13530,North America,Bachelor's,N,Y,2528,1997,South,156442.99,Year,Y,Certified
EZYV22999,Europe,High School,Y,N,1882,1986,South,47299.15,Year,Y,Certified
EZYV473,Asia,Master's,N,N,731,2007,Northeast,37830.16,Year,Y,Denied
EZYV15793,North America,Master's,N,N,3128,1994,West,13734.38,Year,Y,Certified
EZYV10201,Asia,Master's,Y,N,4246,1960,South,90247.32,Year,Y,Certified
EZYV25434,Asia,Master's,Y,N,5900,2006,West,45841.95,Year,Y,Certified
EZYV16896,North America,Bachelor's,N,N,450,1996,Northeast,605.6115,Hour,Y,Certified
EZYV17310,Asia,Master's,Y,N,341,1999,Northeast,31147.76,Year,Y,Denied
EZYV5077,Asia,Master's,Y,N,5998,1972,South,91086.97,Year,N,Certified
EZYV20274,Asia,Bachelor's,N,N,2120,1979,South,221354.25,Year,Y,Certified
EZYV3560,Asia,Doctorate,N,Y,1659,1936,West,138930.32,Year,Y,Denied
EZYV21103,North America,Master's,N,N,1053,1993,Midwest,41255.31,Year,Y,Certified
EZYV19841,Asia,Bachelor's,N,N,1629,1975,Northeast,105457.26,Year,N,Denied
EZYV15489,Asia,Master's,N,N,704,2012,Island,152248.86,Year,Y,Certified
EZYV13357,North America,Bachelor's,Y,N,4336,1996,Northeast,140885.87,Year,Y,Certified
EZYV19300,Asia,Bachelor's,N,N,80835,1997,Northeast,720.7323,Hour,Y,Denied
EZYV17650,North America,Master's,N,N,1655,1978,South,46837.19,Year,N,Certified
EZYV19406,Asia,Bachelor's,Y,N,1961,2005,West,176726.33,Year,Y,Certified
EZYV14626,Asia,Doctorate,N,N,2375,2011,West,31576.24,Year,Y,Denied
EZYV5708,Asia,High School,Y,N,5291,1996,Northeast,21243.64,Year,Y,Denied
EZYV1820,Europe,Bachelor's,N,N,1600,1966,West,6436.42,Year,Y,Certified
EZYV20792,Asia,Bachelor's,Y,N,993,2013,Northeast,13709.88,Year,Y,Certified
EZYV21223,Asia,Bachelor's,Y,N,3245,2001,Midwest,5893.84,Year,Y,Denied
EZYV13092,North America,High School,Y,N,2531,1993,West,74870.76,Year,Y,Denied
EZYV23563,Asia,Bachelor's,Y,N,4526,1998,Northeast,76937.68,Year,Y,Denied
EZYV22051,Asia,Master's,Y,N,6543,2001,West,34529.86,Year,Y,Certified
EZYV15681,Asia,Bachelor's,Y,N,4217,2004,Northeast,133911.89,Year,Y,Certified
EZYV5531,Europe,Doctorate,Y,N,2084,2005,West,20732.57,Year,Y,Certified
EZYV21808,Asia,Master's,N,N,4460,2004,West,584.5243,Hour,Y,Denied
EZYV12366,Asia,Bachelor's,Y,N,1070,1918,South,74887.69,Year,Y,Certified
EZYV14584,North America,Master's,Y,N,1766,2006,Northeast,47010.86,Year,Y,Denied
EZYV8951,Asia,Doctorate,Y,N,1067,1998,Northeast,4832.79,Year,Y,Certified
EZYV1609,Asia,Master's,N,N,853,2000,Northeast,156.3038,Hour,Y,Denied
EZYV16030,Europe,Master's,Y,N,2188,2000,Island,79379.44,Year,Y,Certified
EZYV6641,Asia,Master's,N,N,1418,1998,Northeast,188.6818,Hour,Y,Certified
EZYV13293,Europe,Master's,N,Y,1873,1979,South,64927.98,Year,Y,Certified
EZYV21211,Asia,Doctorate,Y,N,2540,1973,South,150958.97,Year,Y,Certified
EZYV7481,Europe,Master's,Y,Y,3657,1855,West,35641.8,Year,Y,Denied
EZYV7780,North America,Master's,Y,N,594,2011,West,226588.62,Year,N,Certified
EZYV1575,Asia,Bachelor's,Y,N,2752,1962,Midwest,108319.75,Year,Y,Certified
EZYV13573,Asia,Master's,Y,N,1122,1997,Northeast,82178.06,Year,Y,Certified
EZYV8662,North America,Master's,N,N,1187,1998,Northeast,73793.91,Year,N,Certified
EZYV1893,North America,Master's,Y,N,443,1954,Northeast,398.5782,Hour,Y,Certified
EZYV17696,Asia,High School,Y,N,921,2003,South,42212.85,Year,Y,Certified
EZYV7018,Asia,Bachelor's,N,N,2864,2003,Northeast,11877.31,Year,Y,Denied
EZYV897,Asia,Bachelor's,Y,N,5577,2007,West,160323.84,Year,Y,Certified
EZYV969,Africa,Doctorate,Y,N,5707,2002,West,103813.15,Year,Y,Certified
EZYV8194,Asia,Bachelor's,Y,N,2171,1977,Northeast,87462.99,Year,Y,Certified
EZYV21625,Europe,Master's,N,Y,11917,1999,Northeast,155553.25,Year,Y,Certified
EZYV6107,Asia,Master's,N,N,2298,2008,Northeast,38191.89,Year,N,Certified
EZYV7839,Asia,Bachelor's,Y,N,1032,1919,Northeast,40965.8,Year,Y,Certified
EZYV3755,Asia,Doctorate,Y,N,1429,2008,Midwest,139111.82,Year,Y,Certified
EZYV23470,Asia,Master's,Y,N,270,1854,South,92877.41,Year,Y,Certified
EZYV16701,Asia,Bachelor's,Y,N,285,1888,West,617.3345,Hour,Y,Denied
EZYV11627,North America,Master's,Y,N,3386,1875,Midwest,80430.01,Year,Y,Certified
EZYV18307,Asia,High School,N,N,657,1970,Midwest,124215.92,Year,Y,Certified
EZYV24700,Europe,Master's,Y,N,1783,1918,South,54277.27,Year,Y,Certified
EZYV12426,Europe,Doctorate,Y,N,225,1908,South,55057.9,Year,Y,Certified
EZYV21300,North America,Doctorate,Y,N,1763,1865,West,55913.78,Year,Y,Certified
EZYV24022,Asia,Master's,N,N,977,1838,South,60167.91,Year,N,Certified
EZYV734,Asia,Doctorate,Y,N,457,1987,South,22871.53,Year,Y,Certified
EZYV7414,Asia,Master's,Y,N,2565,1982,South,71363.03,Year,Y,Certified
EZYV20797,Europe,Doctorate,Y,N,3828,1887,West,34515.76,Year,Y,Denied
EZYV17983,Europe,High School,Y,N,3646,2009,Northeast,51670.91,Year,Y,Certified
EZYV18040,Asia,Bachelor's,Y,N,3643,2010,West,75349.78,Year,Y,Denied
EZYV5088,Asia,Bachelor's,Y,N,3692,1999,West,43073.37,Year,Y,Certified
EZYV21833,Asia,Bachelor's,Y,N,3006,1962,West,17748.23,Year,Y,Denied
EZYV21163,Asia,Master's,Y,N,906,2007,South,198565.41,Year,N,Certified
EZYV10325,Europe,Bachelor's,Y,N,3475,1952,Midwest,101829.11,Year,Y,Denied
EZYV23135,Asia,Master's,N,N,1205,2001,Midwest,55708.47,Year,Y,Certified
EZYV9926,Asia,Master's,N,N,1573,1984,Midwest,50607.24,Year,N,Certified
EZYV1974,North America,Master's,Y,N,3557,1989,South,45343.15,Year,Y,Certified
EZYV13849,Asia,Bachelor's,Y,N,2295,2003,West,11566.11,Year,Y,Certified
EZYV20520,Asia,Doctorate,N,Y,4602,1948,West,91223.72,Year,Y,Denied
EZYV17454,Asia,Master's,N,N,1851,2001,Northeast,907.4461,Hour,Y,Certified
EZYV12363,Asia,Bachelor's,N,N,3337,2012,West,93938.43,Week,Y,Denied
EZYV1718,North America,Bachelor's,N,N,1073,1949,Northeast,157207.74,Year,N,Denied
EZYV14167,Asia,Master's,Y,N,927,2000,Midwest,34895.62,Year,Y,Certified
EZYV4655,Asia,Master's,N,Y,961,2005,West,195883.8,Year,Y,Denied
EZYV12497,Asia,Bachelor's,Y,N,868,2000,South,88752.49,Year,Y,Denied
EZYV23562,Europe,Master's,N,N,4351,2000,Northeast,92341.12,Year,Y,Certified
EZYV15394,Asia,High School,Y,N,2417,2007,Midwest,217684.56,Year,Y,Denied
EZYV11971,Asia,High School,Y,N,1237,1997,Midwest,37732.75,Year,Y,Denied
EZYV13614,Asia,Bachelor's,Y,N,2247,1989,South,25071.66,Year,Y,Certified
EZYV971,Asia,Bachelor's,Y,N,142,1998,Northeast,32341.12,Year,Y,Certified
EZYV12875,Asia,Bachelor's,Y,N,207,2001,South,3364.63,Year,Y,Certified
EZYV18653,Asia,Bachelor's,Y,N,5968,1992,West,28510.01,Year,Y,Certified
EZYV6479,Asia,High School,Y,N,727,1999,West,56122.45,Year,Y,Denied
EZYV4243,Asia,Bachelor's,Y,N,633,1897,Northeast,114496.51,Year,Y,Certified
EZYV17450,Asia,Master's,Y,N,2646,1965,Midwest,99154.55,Year,Y,Certified
EZYV23151,Asia,Doctorate,N,Y,1288,1819,South,152236.17,Year,Y,Certified
EZYV7638,Asia,Master's,Y,N,733,1946,Midwest,113326.44,Year,Y,Certified
EZYV18784,Asia,Master's,Y,N,2506,2003,Northeast,58999.95,Year,Y,Certified
EZYV17506,Asia,Master's,Y,Y,1477,1977,West,84928.78,Year,Y,Denied
EZYV4629,Europe,Doctorate,N,N,842,1997,West,39592.34,Year,Y,Certified
EZYV17620,Asia,Bachelor's,Y,N,4392,2009,South,58047.86,Year,Y,Denied
EZYV6205,North America,Bachelor's,N,N,1361,2004,South,92231.75,Year,Y,Certified
EZYV5774,Europe,Bachelor's,Y,N,3574,2000,Northeast,649.44,Year,Y,Certified
EZYV8837,Asia,Master's,Y,N,3037,2011,Midwest,189852.11,Year,Y,Certified
EZYV7931,North America,Master's,Y,N,4304,1981,West,39185.39,Year,Y,Certified
EZYV15189,Asia,Master's,Y,Y,161,1853,South,55948.82,Year,Y,Certified
EZYV17322,Asia,Master's,N,Y,1843,1989,Midwest,111513.8,Year,Y,Denied
EZYV807,Asia,Bachelor's,Y,N,1817,1817,West,16196.99,Year,Y,Certified
EZYV17679,North America,Master's,N,N,4100,1848,West,195956.75,Year,N,Certified
EZYV6875,Oceania,Bachelor's,N,N,2034,1904,West,82852.92,Year,Y,Certified
EZYV11301,Europe,Bachelor's,Y,N,1566,2006,West,12956.83,Year,Y,Certified
EZYV22176,Asia,Bachelor's,N,N,1837,1970,Northeast,28893.47,Year,Y,Denied
EZYV18411,Europe,High School,Y,N,5026,2012,West,19758.71,Year,Y,Certified
EZYV8700,North America,High School,Y,N,3411,1938,Northeast,781.7726,Hour,Y,Certified
EZYV11174,Asia,Master's,N,N,8280,1998,West,103.64,Hour,Y,Denied
EZYV2016,Asia,Doctorate,Y,Y,507,1986,West,157604.95,Year,Y,Certified
EZYV18204,Asia,Master's,Y,N,4856,2005,Northeast,78971.72,Year,Y,Certified
EZYV18757,North America,Master's,Y,N,1217,2011,South,149023.72,Year,N,Denied
EZYV4487,Asia,Master's,N,N,1265,1909,Midwest,114686.72,Year,Y,Denied
EZYV14317,Asia,Master's,Y,N,1175,1964,South,18244.56,Year,Y,Certified
EZYV3760,Asia,Bachelor's,N,N,3526,1992,West,33539.87,Year,Y,Denied
EZYV2970,Asia,High School,Y,N,1136,2004,Northeast,53973.31,Year,Y,Denied
EZYV11715,Asia,Master's,N,Y,2618,1995,South,30816.24,Year,Y,Certified
EZYV11078,Asia,Bachelor's,Y,N,3197,1998,South,82948.63,Year,Y,Certified
EZYV17278,Africa,Master's,Y,N,1112,1993,Midwest,97135.74,Year,Y,Certified
EZYV5299,Asia,Bachelor's,N,N,3278,1997,West,64900.64,Year,Y,Certified
EZYV21231,Europe,Master's,Y,N,22533,1853,West,57062.5,Year,Y,Denied
EZYV11401,North America,Bachelor's,Y,N,796,1938,South,689.3365,Hour,Y,Denied
EZYV14821,Asia,Master's,Y,N,1885,1982,South,100105.34,Year,Y,Certified
EZYV17051,Asia,Master's,Y,N,2801,2001,Midwest,85600.22,Year,Y,Certified
EZYV18845,Asia,Master's,Y,N,266,1976,South,62962.14,Year,Y,Certified
EZYV16662,Europe,Master's,Y,N,4107,1855,West,79549.2,Year,Y,Certified
EZYV25013,Asia,Master's,N,N,4427,1985,Northeast,98730.44,Year,N,Certified
EZYV8828,Asia,Bachelor's,N,N,2915,1987,West,79681.76,Year,Y,Denied
EZYV10510,Asia,Bachelor's,N,N,943,2000,West,107445.51,Year,Y,Denied
EZYV2345,Asia,Bachelor's,Y,N,3524,2002,West,117043.88,Year,Y,Certified
EZYV20693,Asia,Bachelor's,Y,N,5534,1861,West,35782.83,Year,Y,Certified
EZYV4120,Asia,Master's,Y,N,2614,1982,Midwest,92438.27,Year,Y,Certified
EZYV22331,Europe,Master's,Y,N,4143,2004,West,67349.98,Year,Y,Certified
EZYV17850,North America,Master's,Y,Y,1745,1999,South,50507.05,Year,Y,Certified
EZYV18366,Asia,Bachelor's,Y,N,25782,1837,South,83597.5,Year,Y,Denied
EZYV4576,Asia,Master's,Y,N,1704,1986,Northeast,92639.65,Year,Y,Certified
EZYV8786,Asia,Master's,N,N,19712,1995,West,41785.82,Year,Y,Certified
EZYV17613,Asia,Master's,N,N,906,1947,Northeast,123.44,Hour,Y,Denied
EZYV8638,Asia,Bachelor's,Y,N,1869,2001,Midwest,95782.72,Year,Y,Certified
EZYV24545,Asia,Bachelor's,Y,N,2181,1944,South,12493.05,Year,Y,Certified
EZYV5863,Asia,Master's,Y,N,5186,1985,Midwest,24695.44,Year,N,Certified
EZYV18702,North America,Master's,N,Y,1260,1998,South,76946.33,Year,Y,Certified
EZYV8874,Asia,Master's,Y,N,3778,1968,West,82057.38,Year,Y,Certified
EZYV2051,Asia,Master's,Y,N,1610,1995,South,57268.06,Year,Y,Certified
EZYV2413,Asia,High School,Y,N,6513,2006,Northeast,704.06,Year,Y,Denied
EZYV7116,Asia,Master's,Y,N,2829,1898,Midwest,18887.29,Year,N,Certified
EZYV18003,Asia,Bachelor's,N,N,760,2004,South,48119.07,Year,Y,Denied
EZYV24587,North America,Master's,Y,N,3136,1847,Midwest,80025.83,Year,N,Certified
EZYV2091,Africa,Master's,Y,N,809,1909,Midwest,98136.11,Year,Y,Certified
EZYV10655,Asia,Bachelor's,Y,N,1561,1998,South,101124.28,Year,Y,Certified
EZYV2039,Oceania,High School,Y,Y,200,2010,Northeast,33438.6,Year,Y,Certified
EZYV11684,North America,Master's,Y,N,2386,1992,South,79372.81,Year,Y,Certified
EZYV20740,Asia,Master's,Y,N,23246,1954,Midwest,46879.5,Year,N,Denied
EZYV5493,Asia,Master's,N,N,4206,2006,South,135580.9,Year,N,Certified
EZYV19064,North America,Bachelor's,Y,N,2209,1968,Northeast,9157.49,Year,Y,Certified
EZYV16074,Europe,Master's,N,N,3070,1996,West,9494.03,Year,Y,Certified
EZYV22036,Asia,High School,N,N,4892,1982,South,71920.44,Year,Y,Certified
EZYV11829,Asia,Bachelor's,Y,N,234,1848,West,132169.84,Year,Y,Certified
EZYV14463,Africa,Doctorate,Y,N,3115,1997,Northeast,18491.12,Year,Y,Certified
EZYV5043,Asia,Bachelor's,Y,N,1300,1982,West,35896.25,Year,Y,Denied
EZYV10808,Asia,High School,Y,N,3592,1868,West,47266.59,Year,Y,Denied
EZYV14406,Asia,Bachelor's,Y,N,1723,1858,West,132966.33,Year,Y,Certified
EZYV10422,Asia,Master's,Y,Y,1138,1995,Midwest,74444.51,Year,Y,Certified
EZYV4555,Asia,Bachelor's,Y,N,1855,2013,Northeast,54959.8,Year,Y,Certified
EZYV1683,Asia,Master's,Y,N,1113,2011,West,30362.61,Year,Y,Certified
EZYV12651,Europe,Bachelor's,N,Y,4584,2001,Island,61786.16,Year,Y,Certified
EZYV23807,North America,Master's,Y,N,1794,2010,Northeast,201204.06,Year,N,Certified
EZYV7228,South America,Doctorate,Y,N,9614,1873,West,30564.5,Year,Y,Certified
EZYV18117,Asia,Bachelor's,Y,N,2626,2004,West,76224.64,Year,Y,Certified
EZYV4369,Asia,Bachelor's,N,N,5702,2006,West,66851.07,Year,Y,Denied
EZYV8965,Asia,Master's,N,N,2966,1968,South,21956.95,Year,Y,Certified
EZYV8764,Asia,Master's,Y,N,2511,1876,West,105771.6,Year,Y,Certified
EZYV16491,Asia,Bachelor's,N,N,2506,2005,Midwest,63910.55,Year,Y,Certified
EZYV7283,Asia,Doctorate,N,N,2807,1952,Midwest,54808.9,Year,Y,Certified
EZYV3147,North America,Master's,Y,N,1220,1928,South,114875.2,Year,Y,Certified
EZYV19388,Europe,Doctorate,Y,N,3011,2004,West,33931.01,Year,Y,Certified
EZYV3831,Europe,Bachelor's,N,N,2137,1985,South,40801.41,Year,Y,Certified
EZYV25299,Europe,High School,N,N,937,1994,Northeast,50497.55,Year,Y,Certified
EZYV11297,Asia,Master's,Y,N,2387,2007,Midwest,19467.21,Year,Y,Certified
EZYV4615,Asia,Master's,N,N,1160,1994,South,151850.91,Year,N,Denied
EZYV23633,Europe,Bachelor's,N,N,418,2001,West,19975.04,Year,Y,Certified
EZYV20643,North America,High School,Y,Y,1950,1866,Northeast,141730.93,Year,Y,Certified
EZYV16344,Oceania,Master's,Y,N,110,2012,West,120666.11,Year,N,Denied
EZYV7765,Asia,Master's,N,N,1607,1817,South,145426.67,Year,N,Certified
EZYV1871,Asia,Doctorate,N,N,2317,2005,Midwest,154247.76,Year,Y,Certified
EZYV12848,Europe,Bachelor's,Y,N,4516,1977,South,65213.68,Year,Y,Certified
EZYV17935,Asia,High School,N,N,2104,1982,Midwest,834.0803,Hour,Y,Denied
EZYV23170,Asia,Master's,Y,N,3297,2011,Northeast,63092.17,Year,Y,Certified
EZYV23540,Asia,High School,Y,N,2354,2007,Midwest,57658.1,Year,Y,Certified
EZYV7346,Europe,Doctorate,Y,N,5788,1931,West,6143.66,Year,Y,Certified
EZYV6154,Asia,Bachelor's,Y,N,1813,1995,Midwest,96871.79,Year,Y,Certified
EZYV5964,South America,Master's,Y,N,1826,2011,Northeast,9885.7,Year,Y,Certified
EZYV15560,North America,Bachelor's,N,N,1999,2001,Northeast,371.8256,Hour,Y,Denied
EZYV318,South America,Bachelor's,N,N,1761,1995,Midwest,667.4133,Hour,Y,Certified
EZYV25325,Europe,High School,Y,N,20826,1968,West,122162.43,Year,Y,Certified
EZYV3859,Oceania,High School,Y,N,840,1996,West,12920.45,Year,Y,Certified
EZYV18166,North America,High School,N,Y,2324,1997,West,82805.44,Year,Y,Denied
EZYV5106,Europe,Bachelor's,N,N,2036,1965,Northeast,24993.65,Year,Y,Certified
EZYV22249,Asia,Master's,Y,N,3139,2006,South,80868.21,Year,Y,Certified
EZYV3119,Europe,Master's,N,N,12203,1977,Northeast,99358.66,Year,Y,Certified
EZYV20044,Europe,Master's,Y,N,3695,1992,West,72110.3,Year,Y,Certified
EZYV21881,Asia,Master's,Y,N,3049,2007,Northeast,116260.48,Year,N,Denied
EZYV9366,Asia,Bachelor's,Y,N,1484,2001,West,92505.05,Year,Y,Certified
EZYV14572,Asia,Bachelor's,Y,N,3244,2008,Northeast,134386.1,Year,Y,Certified
EZYV4293,Asia,Bachelor's,Y,N,3331,2013,Northeast,15285.98,Year,Y,Certified
EZYV10488,Asia,Master's,Y,Y,2527,1986,West,17896.22,Year,Y,Certified
EZYV5444,Africa,Master's,Y,N,869,1986,Northeast,59712.22,Year,Y,Certified
EZYV17381,Asia,Master's,Y,N,711,2006,Northeast,74525.73,Year,Y,Certified
EZYV6866,Asia,Bachelor's,N,N,2674,1988,Midwest,43281.36,Year,Y,Certified
EZYV7284,Asia,Master's,Y,N,3494,1993,Northeast,86475.86,Year,Y,Certified
EZYV5660,South America,Master's,Y,N,4150,1855,Midwest,112216.26,Year,Y,Certified
EZYV23891,Asia,High School,N,N,18254,1994,West,144522.56,Year,Y,Denied
EZYV24769,Asia,Master's,N,N,2769,2001,West,49164.56,Year,Y,Certified
EZYV3664,Europe,Bachelor's,Y,N,4615,1981,West,19654.37,Year,Y,Certified
EZYV7879,Asia,Master's,N,N,1317,1989,Midwest,144191.39,Year,Y,Certified
EZYV12026,Asia,Bachelor's,Y,N,5126,2003,West,55554.8,Month,Y,Denied
EZYV13766,Asia,Master's,Y,N,1197,1947,Northeast,46568.32,Year,Y,Certified
EZYV11239,Europe,Bachelor's,Y,Y,3181,1945,West,72488.92,Year,Y,Certified
EZYV1089,Asia,Bachelor's,Y,N,5319,2012,Midwest,254.778,Hour,Y,Certified
EZYV16156,North America,Bachelor's,Y,N,360,1996,West,7592.29,Year,Y,Denied
EZYV3552,Asia,Bachelor's,Y,N,2235,1997,Northeast,112784.46,Year,Y,Certified
EZYV2046,Europe,Bachelor's,Y,N,1560,1987,West,128514.42,Year,Y,Certified
EZYV21457,Asia,Master's,N,Y,45284,2010,Midwest,107845.72,Year,Y,Certified
EZYV11619,Asia,Master's,Y,N,153,1981,Midwest,144342.21,Year,Y,Certified
EZYV25056,Asia,Master's,N,Y,1990,1985,South,47508.19,Year,Y,Certified
EZYV5786,North America,Bachelor's,N,Y,2614,2007,South,68937.13,Year,Y,Certified
EZYV11118,Asia,Bachelor's,Y,Y,635,2013,West,10903.12,Year,Y,Certified
EZYV9601,Asia,Bachelor's,Y,N,3257,2001,West,122959.98,Year,N,Denied
EZYV10097,Asia,High School,N,N,2803,1929,Midwest,71538.02,Year,Y,Denied
EZYV2748,Asia,Bachelor's,Y,N,3118,1936,South,40905.91,Year,Y,Certified
EZYV16948,Europe,High School,Y,N,73987,2010,South,109326.21,Year,Y,Certified
EZYV10523,Europe,Master's,N,N,839,1986,South,146281.53,Year,N,Certified
EZYV14008,Europe,Master's,Y,N,1782,1986,West,6924.86,Year,Y,Certified
EZYV24279,Asia,High School,Y,N,1407,2002,Midwest,167672.22,Year,Y,Certified
EZYV4859,Africa,Master's,Y,N,4305,1935,West,105169.55,Year,Y,Certified
EZYV12655,Asia,Master's,N,N,2615,2001,Northeast,63221.56,Year,N,Denied
EZYV14729,Europe,Master's,N,N,2475,1981,West,46648.0,Year,Y,Certified
EZYV23025,South America,Bachelor's,Y,N,2842,1820,South,233.9733,Hour,Y,Denied
EZYV4560,North America,Doctorate,Y,N,312,2013,South,60191.36,Year,Y,Certified
EZYV17345,Asia,Master's,Y,N,4949,1966,West,65710.83,Year,Y,Certified
EZYV10643,Asia,Master's,Y,N,1463,1993,Northeast,186350.93,Year,N,Denied
EZYV12125,Asia,Master's,N,N,2812,1985,Northeast,105336.39,Year,N,Certified
EZYV1968,Asia,Master's,N,N,4261,1986,Northeast,141382.33,Year,N,Denied
EZYV20490,Asia,Bachelor's,N,N,2734,1974,Northeast,444.8704,Hour,Y,Denied
EZYV21147,Asia,Master's,N,N,5752,2004,West,91930.57,Year,Y,Certified
EZYV21483,Europe,Bachelor's,Y,N,3108,2012,Northeast,29476.78,Year,Y,Certified
EZYV3492,North America,Bachelor's,N,N,1971,1955,Northeast,15.6472,Hour,Y,Denied
EZYV14517,Asia,Bachelor's,Y,N,1352,2005,Northeast,43605.12,Year,Y,Denied
EZYV3840,North America,Master's,Y,N,4887,1976,Northeast,117440.97,Week,Y,Certified
EZYV13170,Asia,Bachelor's,N,N,901,1968,Northeast,86905.68,Year,Y,Certified
EZYV25082,Asia,Bachelor's,Y,N,2602,2013,Northeast,7193.66,Year,Y,Certified
EZYV3360,Asia,Master's,Y,N,3673,2000,South,111403.75,Year,Y,Certified
EZYV15299,Asia,Master's,Y,N,1708,2014,West,50427.65,Year,Y,Certified
EZYV2880,Asia,Bachelor's,Y,N,1124,1999,Northeast,66234.27,Year,Y,Certified
EZYV805,South America,Bachelor's,N,Y,2726,1995,Northeast,119943.88,Year,Y,Denied
EZYV12389,Asia,Bachelor's,Y,N,1819,1907,Midwest,76941.88,Year,Y,Certified
EZYV19171,Asia,Master's,Y,N,146713,1963,Midwest,37935.83,Year,Y,Certified
EZYV24933,Africa,Doctorate,N,N,1521,1946,Northeast,93982.48,Year,Y,Certified
EZYV8237,Europe,Doctorate,N,N,2997,1833,West,63100.22,Year,Y,Certified
EZYV4683,North America,Bachelor's,Y,N,662,1985,Northeast,9836.88,Year,Y,Certified
EZYV21239,Asia,Bachelor's,N,N,338605,1984,Northeast,72788.85,Year,Y,Denied
EZYV15806,Asia,Bachelor's,Y,N,1626,1817,West,142985.98,Year,N,Denied
EZYV17366,Asia,Master's,Y,N,1880,2003,West,2949.5,Year,Y,Denied
EZYV12994,Europe,High School,Y,N,3194,1885,Midwest,99.6744,Hour,Y,Denied
EZYV19758,Asia,Master's,Y,N,2778,1963,Northeast,87949.41,Year,Y,Certified
EZYV19885,Europe,Master's,Y,N,933,1920,South,2781.06,Year,Y,Certified
EZYV8345,Europe,Bachelor's,Y,N,2142,1871,West,20170.59,Year,Y,Certified
EZYV10402,Asia,Doctorate,N,N,4196,1903,South,133670.25,Year,N,Certified
EZYV7581,Asia,Master's,Y,N,2113,1838,Midwest,273774.05,Year,Y,Certified
EZYV14363,Oceania,High School,N,N,1022,1939,South,521.4363,Hour,Y,Denied
EZYV2704,Asia,High School,N,N,8622,1874,Midwest,77257.01,Year,Y,Denied
EZYV23806,Asia,Bachelor's,N,N,2437,1980,Midwest,230428.5,Year,Y,Denied
EZYV9588,Asia,Bachelor's,Y,N,547172,1838,Northeast,22859.22,Year,N,Certified
EZYV8106,Asia,Bachelor's,Y,N,448,2012,West,87873.32,Year,Y,Certified
EZYV641,South America,Bachelor's,N,Y,3281,2000,West,153307.62,Year,Y,Denied
EZYV23674,Asia,Bachelor's,N,N,171,1963,Midwest,107106.7,Year,Y,Certified
EZYV20278,Asia,Doctorate,Y,N,1119,2007,West,126099.74,Year,Y,Certified
EZYV7590,North America,Master's,Y,N,1777,2012,Northeast,78216.9,Year,N,Denied
EZYV3238,Europe,Doctorate,N,Y,141,1991,West,59156.3,Year,Y,Certified
EZYV3752,Asia,Bachelor's,Y,N,2282,2009,West,70558.66,Year,Y,Certified
EZYV17147,Asia,Bachelor's,N,N,1227,1979,Northeast,20426.33,Year,Y,Denied
EZYV20333,Asia,High School,N,N,2788,2000,South,141484.82,Year,Y,Certified
EZYV21656,Asia,Master's,Y,N,5498,1994,West,36562.68,Year,Y,Certified
EZYV225,South America,Bachelor's,N,N,1004,1960,Midwest,135792.52,Year,Y,Certified
EZYV6319,Asia,Bachelor's,N,N,86,1884,West,30859.56,Year,Y,Denied
EZYV7587,Asia,Master's,N,N,969,2010,Midwest,118490.7,Year,Y,Certified
EZYV1078,Asia,Master's,N,N,2633,2000,Midwest,146753.27,Year,Y,Certified
EZYV8054,Asia,Master's,Y,N,3191,2004,Midwest,22023.56,Year,Y,Certified
EZYV7512,Asia,Bachelor's,Y,N,437,1998,West,73964.53,Year,Y,Certified
EZYV8658,Asia,Bachelor's,Y,N,19,2007,Northeast,8933.57,Year,Y,Denied
EZYV2139,Asia,High School,N,N,3139,1968,Northeast,42201.57,Year,Y,Denied
EZYV1574,Europe,Master's,Y,N,3255,1966,South,98988.1,Year,Y,Certified
EZYV8141,Asia,Doctorate,Y,N,1893,1911,Northeast,65187.3,Year,Y,Certified
EZYV15288,North America,Bachelor's,Y,N,1366,2011,Northeast,16381.83,Year,Y,Certified
EZYV5837,North America,Bachelor's,Y,N,2590,1961,Midwest,44763.33,Year,N,Certified
EZYV15001,North America,Master's,Y,N,1335,1898,Midwest,70897.05,Year,Y,Certified
EZYV20175,Asia,Bachelor's,N,N,1632,2005,Midwest,136096.57,Year,Y,Denied
EZYV25265,Asia,Bachelor's,Y,N,3853,2009,Midwest,70963.79,Year,Y,Denied
EZYV6220,Asia,Master's,Y,N,525,1975,Northeast,97561.97,Year,Y,Certified
EZYV7217,Asia,Bachelor's,Y,N,3268,2002,West,99514.5,Year,Y,Certified
EZYV19363,South America,Doctorate,Y,N,1559,2001,Northeast,67323.96,Year,Y,Denied
EZYV13389,Asia,High School,Y,N,944,2003,West,285.97,Year,Y,Denied
EZYV10693,Europe,High School,N,N,26901,1818,West,40387.79,Year,Y,Denied
EZYV20535,Europe,Doctorate,N,Y,4078,1923,West,60223.5,Year,Y,Denied
EZYV5713,Asia,Master's,Y,N,952,1984,West,59862.76,Year,Y,Certified
EZYV17936,North America,Master's,Y,N,1519,2014,Midwest,140840.72,Year,Y,Certified
EZYV2665,Asia,Doctorate,Y,N,5357,2004,Northeast,51828.96,Year,Y,Certified
EZYV5460,Asia,Bachelor's,N,N,1159,1995,South,25521.38,Year,Y,Denied
EZYV4351,Asia,High School,Y,N,519,1912,West,111593.38,Year,Y,Denied
EZYV2003,South America,Bachelor's,Y,N,3275,1939,West,55555.2,Year,Y,Denied
EZYV20437,Asia,Doctorate,N,Y,964,2013,South,38240.84,Year,Y,Certified
EZYV14130,Europe,Bachelor's,Y,N,1835,1998,Northeast,33528.03,Year,Y,Certified
EZYV6963,Europe,Master's,N,N,564,1994,West,85910.33,Year,Y,Denied
EZYV17002,Asia,Doctorate,Y,N,2787,2012,West,227562.89,Year,Y,Denied
EZYV6784,Asia,Master's,N,N,1377,1984,Northeast,57814.38,Year,Y,Certified
EZYV11100,Asia,Master's,Y,N,4028,2003,Northeast,52214.04,Year,Y,Certified
EZYV10635,Asia,Master's,Y,N,3622,1996,Midwest,95645.03,Year,Y,Certified
EZYV9456,Asia,Bachelor's,N,N,3571,1979,South,101194.55,Year,Y,Certified
EZYV1426,Europe,Bachelor's,N,N,2468,1995,Northeast,81043.72,Year,Y,Denied
EZYV15729,Africa,Bachelor's,Y,N,3147,1872,Northeast,54614.96,Year,Y,Denied
EZYV7930,Europe,Bachelor's,Y,N,2431,1855,Midwest,171335.05,Year,Y,Denied
EZYV18281,Asia,Bachelor's,N,Y,1380,2012,West,69735.27,Year,Y,Certified
EZYV12231,Asia,Bachelor's,Y,N,463,2006,Northeast,96238.49,Year,Y,Certified
EZYV8358,Asia,Doctorate,N,Y,1523,2004,Northeast,71485.11,Year,Y,Certified
EZYV10695,Asia,Master's,N,N,195,2004,Northeast,131.51,Hour,Y,Denied
EZYV22251,Asia,Master's,Y,N,4314,1960,Midwest,48387.59,Year,Y,Certified
EZYV20566,Asia,Master's,N,N,1922,2012,South,84268.36,Year,Y,Certified
EZYV9674,Asia,Doctorate,Y,N,1091,1850,Northeast,75842.94,Year,Y,Certified
EZYV6797,Asia,Master's,N,N,2046,1980,South,109938.87,Year,Y,Certified
EZYV20097,Asia,Bachelor's,Y,N,2546,2007,West,89350.33,Year,Y,Certified
EZYV22227,Europe,Master's,Y,N,4149,1998,West,2938.9,Year,Y,Certified
EZYV3694,Asia,Bachelor's,Y,N,44,1855,South,12830.98,Year,Y,Certified
EZYV11347,Asia,Master's,Y,N,3519,2004,West,7315.4,Year,Y,Certified
EZYV9913,Asia,Master's,Y,N,313,1874,South,191578.46,Year,Y,Certified
EZYV25108,North America,Master's,Y,N,487,1998,Island,129020.92,Year,N,Certified
EZYV15311,Asia,Bachelor's,Y,N,3147,2006,South,62027.16,Year,Y,Denied
EZYV1319,Europe,Master's,Y,N,1376,1998,Northeast,100745.59,Year,Y,Certified
EZYV695,North America,High School,Y,N,1446,1988,Northeast,62273.39,Week,Y,Certified
EZYV19830,North America,Master's,Y,N,93,2004,West,161984.61,Year,Y,Certified
EZYV21254,Europe,Doctorate,Y,N,959,2013,West,1380.46,Year,Y,Certified
EZYV12331,Asia,Master's,N,Y,2482,1976,Island,66072.77,Year,Y,Certified
EZYV14337,Asia,Bachelor's,Y,N,5808,2007,Northeast,106836.01,Year,Y,Certified
EZYV20875,Asia,High School,Y,N,106,1871,West,195924.53,Year,Y,Certified
EZYV863,North America,Doctorate,N,N,3345,1992,West,40804.63,Year,Y,Denied
EZYV12930,Asia,Master's,Y,N,401,2012,Midwest,225877.49,Year,Y,Certified
EZYV12560,Asia,Master's,Y,N,31461,1965,South,74134.28,Year,Y,Certified
EZYV670,Asia,Bachelor's,Y,N,992,1992,West,218554.78,Year,Y,Certified
EZYV16447,Asia,Master's,N,N,2094,2001,South,83580.27,Year,Y,Certified
EZYV2218,Asia,High School,N,N,3533,2011,Midwest,55114.0,Year,Y,Certified
EZYV24745,Asia,High School,N,N,2359,1909,Midwest,114990.19,Year,Y,Certified
EZYV25175,Asia,Bachelor's,N,N,221,1997,South,45813.3,Year,Y,Certified
EZYV9211,North America,Master's,N,N,4144,1992,Northeast,679.4535,Hour,Y,Certified
EZYV22050,North America,Doctorate,N,Y,786,1899,Northeast,79914.33,Year,Y,Certified
EZYV2332,North America,Master's,Y,N,7999,1996,Northeast,100078.42,Year,N,Certified
EZYV7615,Europe,Master's,N,N,1761,1997,West,43248.22,Year,Y,Certified
EZYV12760,Africa,Master's,Y,N,1277,1993,South,117223.69,Year,Y,Certified
EZYV15270,Europe,High School,Y,Y,4078,1911,Midwest,39544.25,Year,Y,Denied
EZYV19843,Asia,High School,N,N,3456,2004,Northeast,122067.04,Year,N,Denied
EZYV9004,Asia,Bachelor's,Y,N,1957,1995,South,93553.05,Year,Y,Denied
EZYV15324,North America,Master's,N,Y,1622,2007,Northeast,175181.7,Year,Y,Denied
EZYV22072,North America,Master's,Y,N,354,2016,Northeast,76737.2,Year,Y,Certified
EZYV8768,Asia,Doctorate,Y,N,124220,1972,South,36376.89,Year,Y,Certified
EZYV2478,Asia,Master's,N,N,789,1975,Midwest,167775.32,Year,Y,Certified
EZYV23783,Asia,Doctorate,Y,N,515,2000,Midwest,78768.84,Year,Y,Certified
EZYV11589,Europe,Bachelor's,N,N,5422,2012,South,88949.09,Year,Y,Denied
EZYV11871,Asia,Master's,Y,N,418,1997,Midwest,100876.89,Year,Y,Certified
EZYV9868,Asia,Bachelor's,Y,N,2449,1897,Midwest,113247.75,Year,N,Certified
EZYV3699,North America,Bachelor's,N,N,3545,1879,Northeast,83626.72,Year,Y,Denied
EZYV16659,Asia,Bachelor's,Y,N,1967,2006,South,123144.8,Year,Y,Certified
EZYV17476,Asia,Doctorate,Y,N,1097,1981,South,536.553,Hour,Y,Denied
EZYV2493,Asia,Master's,N,N,1829,1838,South,97.6734,Hour,Y,Certified
EZYV21871,Europe,Bachelor's,Y,N,1191,1998,Northeast,85453.28,Year,Y,Certified
EZYV13394,North America,Bachelor's,Y,N,1271,2000,Midwest,103005.34,Year,Y,Certified
EZYV13433,Asia,Bachelor's,N,N,112,1965,Northeast,87629.79,Year,Y,Denied
EZYV24045,Asia,Bachelor's,Y,N,2899,1981,Northeast,123673.55,Year,Y,Certified
EZYV21111,Asia,Master's,N,N,1061,1999,Midwest,91678.98,Year,N,Certified
EZYV5726,Asia,Bachelor's,Y,N,1615,2004,Northeast,122684.72,Year,Y,Certified
EZYV20082,Asia,Master's,N,N,1460,1989,South,160.3648,Hour,Y,Denied
EZYV14308,South America,Bachelor's,Y,N,3082,2008,Midwest,25712.32,Year,Y,Denied
EZYV23479,Asia,Doctorate,Y,N,1044,2001,Northeast,65874.08,Year,Y,Denied
EZYV93,Asia,Bachelor's,N,N,3667,1970,Northeast,527.8901,Hour,Y,Denied
EZYV24203,Asia,Bachelor's,Y,N,3032,1998,West,210095.35,Year,Y,Certified
EZYV21919,Asia,Master's,Y,N,2628,1877,West,52523.24,Week,Y,Denied
EZYV19706,Asia,High School,N,N,5416,2004,South,151814.99,Year,N,Certified
EZYV14724,Asia,Bachelor's,Y,N,3551,1978,Midwest,122703.66,Year,Y,Certified
EZYV11457,South America,Bachelor's,N,N,418,1997,West,621.3853,Hour,Y,Denied
EZYV23789,Asia,Bachelor's,Y,N,57,1984,Northeast,28091.61,Year,Y,Certified
EZYV18985,Asia,Master's,Y,N,1997,1993,Midwest,172510.9,Year,Y,Certified
EZYV8985,Asia,Master's,N,N,1937,1984,West,614.7183,Hour,Y,Certified
EZYV14890,Europe,Doctorate,Y,N,280,2005,West,27026.92,Year,Y,Certified
EZYV17749,Asia,Master's,Y,N,5610,2005,West,14384.21,Year,Y,Certified
EZYV4543,Europe,Master's,N,N,3196,2005,Midwest,4110.43,Year,Y,Certified
EZYV18391,North America,Bachelor's,N,Y,1538,1995,West,95351.65,Year,Y,Denied
EZYV12965,Asia,High School,Y,N,4498,1867,Midwest,39257.01,Year,Y,Denied
EZYV9677,North America,Bachelor's,N,N,1900,2012,South,183.9091,Hour,Y,Certified
EZYV11160,Asia,Bachelor's,Y,N,721,1997,West,112224.51,Year,Y,Certified
EZYV13636,Asia,Bachelor's,N,N,2970,2012,Northeast,105352.89,Year,Y,Denied
EZYV9847,Asia,Bachelor's,N,N,589,1999,South,122716.68,Year,Y,Certified
EZYV15062,Asia,Master's,Y,N,1788,1968,Northeast,124778.03,Year,Y,Certified
EZYV17396,Asia,High School,Y,Y,190,1873,South,29916.77,Year,Y,Certified
EZYV24996,Asia,Bachelor's,N,N,2521,2014,South,186679.78,Year,Y,Certified
EZYV21305,Asia,Bachelor's,Y,N,2049,1995,West,27874.43,Month,Y,Denied
EZYV17477,North America,Bachelor's,N,N,4678,1988,Northeast,135817.09,Year,N,Denied
EZYV19180,Asia,High School,N,N,2026,1970,South,58189.21,Year,Y,Denied
EZYV15026,Europe,High School,N,N,4986,1995,West,10865.39,Year,Y,Denied
EZYV22125,Europe,Doctorate,N,Y,3057,2005,Northeast,77103.65,Year,Y,Certified
EZYV25343,Asia,High School,Y,N,736,2010,South,181607.5,Year,Y,Denied
EZYV20618,Asia,Bachelor's,N,N,3727,2001,West,98697.42,Year,Y,Denied
EZYV21961,Asia,Master's,Y,N,30722,1995,Northeast,48162.64,Year,N,Certified
EZYV19157,Asia,Master's,Y,N,2376,2006,South,48975.68,Year,Y,Certified
EZYV4212,Asia,Bachelor's,Y,N,36018,1996,South,54869.41,Year,Y,Certified
EZYV16146,South America,Master's,N,Y,2609,2005,West,53485.04,Year,Y,Denied
EZYV13086,Asia,Bachelor's,N,N,1163,2011,South,33282.16,Year,Y,Denied
EZYV1485,Asia,Master's,Y,N,35,2008,South,46332.43,Year,Y,Certified
EZYV14272,Europe,Doctorate,Y,N,5476,1818,Northeast,85427.58,Year,Y,Certified
EZYV21618,Asia,Master's,Y,N,907,2009,South,74930.99,Year,Y,Certified
EZYV19966,Asia,Master's,N,N,1237,2005,Northeast,108101.53,Year,Y,Certified
EZYV20299,Europe,Bachelor's,N,Y,2652,1994,West,72514.64,Year,Y,Certified
EZYV12775,Europe,Doctorate,Y,Y,661,1968,South,30926.78,Year,Y,Certified
EZYV1591,Europe,Doctorate,Y,N,2146,2008,South,1280.04,Year,Y,Certified
EZYV25439,Asia,Bachelor's,Y,N,139,1913,Northeast,94011.66,Year,Y,Certified
EZYV4591,Europe,Master's,Y,N,2812,1952,Island,109831.16,Year,N,Certified
EZYV5089,Asia,Master's,Y,N,3169,1995,Midwest,36721.72,Year,Y,Certified
EZYV23877,South America,Master's,N,N,1683,2007,West,162.92,Hour,Y,Denied
EZYV22618,Europe,Bachelor's,N,N,4632,2013,West,107213.23,Year,Y,Certified
EZYV23435,Asia,Bachelor's,N,N,3331,1999,South,108632.26,Year,Y,Denied
EZYV22592,North America,Master's,N,N,1506,1989,Northeast,93270.65,Year,Y,Certified
EZYV14082,Europe,Bachelor's,N,N,645,1997,West,17673.91,Year,Y,Certified
EZYV2422,Asia,Master's,Y,N,1076,2011,West,33413.24,Year,Y,Certified
EZYV12120,Asia,Bachelor's,Y,N,926,2008,South,86310.95,Week,Y,Denied
EZYV16356,North America,Bachelor's,Y,N,1940,2002,South,88199.87,Year,Y,Certified
EZYV15750,Asia,Master's,N,N,639,1882,Northeast,962.8543,Hour,Y,Certified
EZYV4393,Asia,Bachelor's,Y,N,1435,2010,Midwest,48974.94,Year,Y,Certified
EZYV8009,North America,Master's,N,N,20988,1994,Northeast,317.718,Hour,Y,Denied
EZYV19782,Asia,Bachelor's,Y,N,1180,1997,Midwest,111333.21,Year,Y,Certified
EZYV21143,Asia,High School,N,N,699,2011,South,133819.93,Year,Y,Certified
EZYV11820,Asia,Master's,Y,N,1252,1965,Midwest,130464.01,Year,Y,Certified
EZYV8003,Asia,Master's,N,N,1247,2011,Northeast,184175.39,Year,Y,Certified
EZYV16752,Asia,Doctorate,Y,N,1853,1910,Midwest,107426.82,Year,Y,Certified
EZYV13115,Europe,Bachelor's,N,N,1797,2004,South,99883.44,Year,Y,Certified
EZYV6049,Asia,High School,Y,N,1236,2010,South,63907.04,Year,Y,Denied
EZYV21008,Europe,Bachelor's,Y,N,193,1991,Northeast,100988.61,Year,Y,Certified
EZYV12136,Asia,Master's,Y,N,584,2005,Midwest,211252.65,Year,Y,Certified
EZYV24377,Asia,Bachelor's,Y,N,2627,2002,Midwest,66900.7,Year,Y,Certified
EZYV24616,Asia,Master's,Y,N,3885,1961,South,78587.67,Month,Y,Certified
EZYV21156,Asia,Master's,N,N,1834,2011,Northeast,108038.2,Year,Y,Certified
EZYV98,North America,Bachelor's,Y,N,3524,1982,Midwest,34494.86,Year,Y,Certified
EZYV11485,Asia,Bachelor's,Y,N,739,1958,West,219.92,Year,Y,Denied
EZYV16010,Asia,High School,Y,N,4577,2001,South,24208.74,Year,Y,Certified
EZYV19726,Asia,Bachelor's,N,Y,2228,2007,Northeast,17.8912,Hour,Y,Certified
EZYV15888,Asia,Bachelor's,Y,N,2197,1992,Northeast,123266.89,Year,Y,Certified
EZYV5668,Asia,Master's,Y,N,2004,2007,Midwest,68281.43,Year,Y,Certified
EZYV21593,Asia,Master's,Y,N,404,2003,West,43156.66,Year,Y,Denied
EZYV9121,Asia,Bachelor's,Y,N,576,1927,South,98784.81,Year,Y,Denied
EZYV13564,Asia,Bachelor's,N,N,579,1989,Midwest,120597.09,Year,Y,Certified
EZYV277,Asia,Bachelor's,Y,Y,4440,1998,South,21001.69,Year,Y,Certified
EZYV3391,Europe,High School,Y,N,103,1981,South,589.4545,Hour,Y,Denied
EZYV8793,Asia,Bachelor's,N,Y,627,1989,South,93356.03,Year,Y,Certified
EZYV5508,North America,Doctorate,N,Y,11995,2000,West,12703.38,Year,Y,Certified
EZYV24669,Asia,Bachelor's,Y,N,2247,2005,West,81826.01,Month,Y,Certified
EZYV3175,Asia,Master's,Y,N,657,1994,West,149.4644,Hour,Y,Certified
EZYV24652,Asia,Master's,Y,N,823,1989,West,77913.07,Year,Y,Denied
EZYV17962,North America,Master's,Y,N,2144,1991,Northeast,171973.75,Week,Y,Certified
EZYV14530,Asia,Master's,Y,N,2460,2008,West,33074.62,Year,N,Certified
EZYV9737,Asia,Bachelor's,N,N,1627,2011,Northeast,50743.32,Year,Y,Denied
EZYV19591,North America,Master's,Y,N,986,2006,South,97769.9,Year,N,Certified
EZYV4057,Asia,Bachelor's,N,N,1444,1892,South,60933.62,Year,N,Denied
EZYV11312,Asia,Master's,Y,N,5956,2006,Midwest,131765.12,Year,N,Denied
EZYV11106,Asia,Master's,N,N,580,2007,West,105.22,Hour,Y,Denied
EZYV17698,Europe,Bachelor's,N,N,2630,2002,West,106730.53,Year,Y,Certified
EZYV23380,Asia,Bachelor's,Y,Y,2591,2004,Midwest,39914.49,Year,Y,Certified
EZYV20317,Europe,Bachelor's,Y,N,221,1939,Northeast,121082.75,Year,Y,Certified
EZYV21715,Asia,Bachelor's,Y,N,666,1989,Northeast,176916.86,Year,Y,Certified
EZYV11954,North America,Master's,Y,N,1666,1968,West,89084.75,Year,Y,Certified
EZYV10411,Asia,Bachelor's,N,N,3376,2000,West,338.8448,Hour,Y,Denied
EZYV12178,South America,Bachelor's,Y,Y,1199,1968,West,7098.07,Year,Y,Certified
EZYV13917,Europe,High School,Y,N,2211,2009,Northeast,20641.61,Year,Y,Denied
EZYV21276,Asia,High School,N,N,181,1983,South,53472.28,Year,Y,Denied
EZYV22342,Asia,Master's,N,N,318,1992,West,164.86,Hour,Y,Certified
EZYV13716,Asia,Bachelor's,Y,N,5406,2004,South,33408.03,Year,Y,Certified
EZYV957,Asia,Bachelor's,N,N,581,2014,Northeast,74877.39,Year,Y,Denied
EZYV22954,Asia,Master's,Y,N,1407,2004,South,92528.15,Year,Y,Certified
EZYV22368,Asia,Master's,Y,N,108945,2012,Northeast,105165.56,Year,N,Denied
EZYV6273,Africa,Master's,Y,N,2409,1999,South,76838.51,Year,N,Certified
EZYV5111,Asia,Bachelor's,N,N,960,2000,West,116779.89,Year,Y,Denied
EZYV10445,Asia,Bachelor's,Y,N,5786,2000,South,48145.8,Year,Y,Certified
EZYV18695,Asia,Bachelor's,Y,N,7290,2011,Midwest,56998.23,Year,Y,Certified
EZYV3471,Asia,Master's,N,N,4585,1994,Northeast,100.73,Hour,Y,Denied
EZYV6719,Europe,Master's,N,N,32,1968,South,51088.69,Year,Y,Denied
EZYV24182,South America,Bachelor's,N,N,789,2008,Northeast,104.67,Hour,Y,Denied
EZYV23655,Europe,Master's,Y,N,1817,1973,South,35581.93,Year,Y,Certified
EZYV8031,Oceania,Bachelor's,N,N,2402,2009,Northeast,71136.12,Year,Y,Certified
EZYV24361,Asia,Master's,Y,N,5550,1991,Island,77094.42,Year,Y,Denied
EZYV16528,North America,Bachelor's,N,N,3782,1855,Northeast,722.8473,Hour,Y,Certified
EZYV7665,Europe,Bachelor's,N,Y,80,2009,South,91553.5,Year,Y,Certified
EZYV17319,Asia,Bachelor's,Y,N,3286,1994,South,55565.48,Year,Y,Denied
EZYV22324,Asia,High School,Y,N,1059,2000,Northeast,59.015,Hour,Y,Denied
EZYV1815,South America,Bachelor's,N,N,558,1981,Midwest,169851.35,Year,Y,Certified
EZYV8235,Asia,Bachelor's,Y,N,1840,2005,Northeast,403.334,Hour,Y,Certified
EZYV16370,Asia,High School,N,N,154164,2011,Northeast,62751.61,Year,Y,Denied
EZYV11596,Asia,High School,Y,N,4558,1965,Midwest,45377.81,Year,Y,Denied
EZYV8275,North America,Bachelor's,Y,N,1959,1858,South,304.0882,Hour,Y,Denied
EZYV23313,Asia,Bachelor's,Y,N,1039,2005,Midwest,135919.27,Year,Y,Certified
EZYV383,Asia,Master's,Y,N,566,1998,Midwest,142325.74,Year,Y,Certified
EZYV14281,Asia,Master's,Y,N,1409,2009,South,88653.35,Year,Y,Certified
EZYV4760,Asia,Doctorate,Y,N,36,1858,West,108323.22,Year,N,Certified
EZYV2186,Asia,Master's,Y,N,3246,2007,South,83333.03,Year,N,Certified
EZYV20434,Asia,Bachelor's,N,N,833,2009,South,148435.04,Week,Y,Certified
EZYV13000,Asia,Bachelor's,Y,N,1567,2009,Northeast,927.6348,Hour,Y,Denied
EZYV22606,Asia,Bachelor's,N,N,3157,1873,West,869.5418,Hour,Y,Certified
EZYV22391,North America,High School,N,N,2477,2008,Midwest,532.6818,Hour,Y,Denied
EZYV9855,Asia,High School,N,Y,3568,1948,South,63652.15,Year,Y,Denied
EZYV6638,North America,High School,N,N,3283,1999,South,179.6437,Hour,Y,Certified
EZYV21743,Asia,Bachelor's,Y,N,1505,1993,South,6861.49,Year,Y,Certified
EZYV24793,Asia,Bachelor's,Y,N,4658,1968,South,126906.32,Year,Y,Certified
EZYV22214,Asia,Bachelor's,Y,N,1231,1993,Northeast,224.0765,Hour,Y,Denied
EZYV14287,North America,Doctorate,N,N,215,2005,South,609.8755,Hour,Y,Denied
EZYV20127,Asia,Master's,Y,N,4879,2010,Northeast,72361.75,Year,Y,Certified
EZYV25180,North America,Bachelor's,N,N,368,1969,West,56205.99,Year,Y,Certified
EZYV5803,Europe,Bachelor's,Y,N,742,2013,South,40253.4,Year,Y,Certified
EZYV24687,North America,Master's,Y,N,1835,1998,Northeast,106523.82,Year,Y,Certified
EZYV7687,Asia,Master's,N,N,3809,2000,South,12669.71,Year,Y,Certified
EZYV17718,Asia,Master's,N,N,4409,2006,South,70589.21,Year,Y,Certified
EZYV2168,Asia,Bachelor's,Y,N,3992,1967,South,94583.36,Year,Y,Certified
EZYV15446,Asia,Master's,N,N,801,2004,West,56473.15,Year,Y,Denied
EZYV21649,North America,Master's,N,N,88,1916,South,542.6532,Hour,Y,Denied
EZYV8545,Europe,Bachelor's,Y,N,3867,2005,West,11056.41,Year,Y,Denied
EZYV21394,Asia,Master's,Y,N,3284,2002,South,102727.19,Year,N,Denied
EZYV22581,Asia,Bachelor's,Y,N,2904,2003,Northeast,24195.42,Year,Y,Certified
EZYV19538,North America,Master's,N,N,893,1989,Northeast,68088.14,Year,Y,Certified
EZYV23747,North America,Bachelor's,N,N,4487,1977,Midwest,10320.92,Year,Y,Certified
EZYV17733,Europe,Bachelor's,N,N,550,2008,West,109752.6,Year,Y,Denied
EZYV11878,Europe,Master's,N,N,969,1994,Island,138052.98,Year,Y,Denied
EZYV10920,Asia,Doctorate,N,N,605,1996,Northeast,17.4747,Hour,Y,Certified
EZYV18218,North America,Doctorate,N,Y,83,1947,South,60351.77,Year,Y,Certified
EZYV17604,Asia,Master's,Y,N,1329,1935,Midwest,81479.18,Year,Y,Certified
EZYV19046,South America,Master's,Y,N,1067,1975,Midwest,91013.86,Year,Y,Certified
EZYV24179,Asia,Bachelor's,Y,N,1085,1999,West,13235.71,Year,Y,Denied
EZYV6852,Asia,Master's,N,N,2599,2003,Northeast,102942.54,Year,Y,Certified
EZYV13323,Asia,High School,N,Y,1667,2001,West,121777.59,Year,Y,Denied
EZYV16293,North America,Master's,N,N,778,1874,Northeast,115.63,Hour,Y,Certified
EZYV9533,Europe,Doctorate,Y,N,2883,1963,Northeast,138536.56,Year,Y,Certified
EZYV25048,Europe,Bachelor's,N,N,2461,1964,Northeast,371.8615,Hour,Y,Certified
EZYV6965,Asia,Master's,Y,N,951,1997,Northeast,58322.09,Year,Y,Certified
EZYV13664,North America,Master's,Y,N,2333,2007,South,91252.37,Year,N,Certified
EZYV5489,Asia,Bachelor's,N,N,245,1969,South,143209.29,Year,Y,Certified
EZYV1568,Europe,High School,N,Y,5303,1991,Northeast,112087.97,Year,Y,Denied
EZYV3299,South America,High School,Y,N,3179,1970,West,48965.5,Year,Y,Certified
EZYV23967,South America,Bachelor's,Y,N,1371,2003,Northeast,102.47,Hour,Y,Denied
EZYV21357,Asia,Bachelor's,Y,N,687,1999,Northeast,2633.32,Year,Y,Denied
EZYV9667,Asia,Bachelor's,Y,N,2414,1996,Midwest,158508.24,Year,N,Denied
EZYV17400,Asia,Master's,Y,N,4801,1977,Northeast,8123.95,Year,Y,Denied
EZYV11434,Asia,High School,Y,N,1616,1980,Midwest,45737.12,Year,Y,Denied
EZYV22583,North America,Master's,Y,N,4233,2007,Northeast,14199.58,Year,Y,Certified
EZYV6863,North America,Doctorate,Y,N,4719,1995,West,150980.65,Year,Y,Certified
EZYV4939,Asia,Bachelor's,Y,N,23151,1950,Midwest,162237.01,Year,N,Certified
EZYV1808,North America,Bachelor's,N,N,1983,2004,West,18998.82,Year,Y,Denied
EZYV2191,Asia,High School,N,N,3545,1990,South,19582.59,Year,Y,Certified
EZYV8268,Asia,Bachelor's,Y,N,546,2005,West,55509.24,Year,Y,Certified
EZYV22704,Asia,Master's,Y,N,3013,1993,Midwest,47266.97,Year,N,Denied
EZYV16262,Asia,High School,Y,N,4003,1979,South,37307.76,Year,Y,Certified
EZYV400,Asia,Master's,N,N,448,2006,Northeast,112831.03,Year,Y,Denied
EZYV12291,North America,Bachelor's,Y,N,2659,2003,West,54830.84,Year,Y,Certified
EZYV14389,North America,Master's,Y,N,2895,1998,Northeast,681.5492,Hour,Y,Denied
EZYV17015,Asia,Doctorate,N,N,930,1999,South,23137.88,Year,Y,Certified
EZYV24804,South America,Doctorate,N,N,1039,1947,Northeast,215.9285,Hour,Y,Denied
EZYV1468,Asia,Bachelor's,N,N,1812,1965,West,13480.75,Year,Y,Denied
EZYV1380,Asia,Bachelor's,N,N,644,1947,Northeast,36997.16,Year,Y,Denied
EZYV12183,North America,Doctorate,Y,N,5931,1959,West,10100.66,Year,Y,Certified
EZYV8485,Asia,Bachelor's,N,N,996,1850,Northeast,38958.4,Year,Y,Certified
EZYV24993,South America,Bachelor's,N,N,2754,2000,Northeast,115.0661,Hour,N,Denied
EZYV20201,Asia,Bachelor's,Y,N,636,2000,Northeast,46662.49,Year,Y,Certified
EZYV8878,Africa,Master's,Y,N,5082,1987,West,96751.24,Year,Y,Certified
EZYV7727,Asia,Bachelor's,N,Y,8789,1993,South,108619.03,Year,Y,Denied
EZYV18057,Europe,High School,N,N,3715,1969,South,12186.69,Year,Y,Certified
EZYV17158,Asia,Bachelor's,Y,N,701,1944,Northeast,45309.13,Year,Y,Certified
EZYV2135,Asia,Master's,Y,N,1319,2002,Northeast,8883.48,Year,Y,Certified
EZYV6357,Asia,Bachelor's,N,Y,62,2010,South,96916.95,Year,Y,Certified
EZYV12654,Asia,Bachelor's,N,N,1420,2010,Midwest,37063.59,Year,Y,Certified
EZYV17424,Asia,High School,Y,N,1927,2011,Midwest,41388.02,Year,Y,Certified
EZYV422,South America,Bachelor's,N,Y,2378,2005,West,94230.51,Year,Y,Denied
EZYV8494,South America,Bachelor's,N,Y,4292,1867,West,64871.55,Year,Y,Certified
EZYV9567,Asia,Bachelor's,Y,N,826,2004,West,43040.49,Year,Y,Denied
EZYV21403,Asia,Master's,Y,N,638,1996,South,100443.11,Year,Y,Certified
EZYV6846,Asia,Doctorate,Y,N,1983,1968,South,56825.46,Year,Y,Certified
EZYV18404,North America,Bachelor's,Y,N,3418,1928,Midwest,104491.72,Year,Y,Certified
EZYV7904,Asia,High School,N,Y,115,2001,Northeast,148367.96,Year,Y,Denied
EZYV6917,Asia,Bachelor's,Y,N,1036,1967,Northeast,116941.02,Year,N,Denied
EZYV17668,Asia,Bachelor's,N,N,3397,2007,West,134074.52,Year,Y,Certified
EZYV6902,Asia,Master's,Y,N,1047,2000,West,100988.51,Year,N,Certified
EZYV21119,Europe,Doctorate,Y,N,4053,2013,West,100399.78,Year,Y,Certified
EZYV2247,Asia,High School,Y,N,634,1869,South,28827.5,Year,Y,Certified
EZYV3533,South America,Doctorate,Y,N,106,2006,Northeast,13192.98,Year,Y,Certified
EZYV18909,Asia,Master's,Y,N,2295,1909,Midwest,133909.05,Year,Y,Certified
EZYV16693,Asia,Master's,Y,N,2271,1990,South,99628.86,Year,N,Denied
EZYV4883,Asia,Bachelor's,Y,N,3626,1979,Midwest,47664.78,Year,Y,Denied
EZYV61,Asia,Master's,N,Y,5340,2010,West,67410.59,Year,Y,Denied
EZYV23526,Asia,High School,N,N,183,2012,Midwest,83186.98,Year,Y,Certified
EZYV4952,Asia,Bachelor's,Y,N,1437,2006,Northeast,176207.24,Year,Y,Certified
EZYV8442,Asia,Master's,N,N,441,1978,Midwest,11616.64,Year,Y,Certified
EZYV11363,Europe,Master's,Y,N,2083,2005,Midwest,97825.11,Year,Y,Certified
EZYV8642,Asia,Master's,Y,N,1660,2008,West,59477.68,Year,Y,Certified
EZYV19108,Asia,Master's,Y,N,1324,1999,Midwest,52841.21,Year,N,Certified
EZYV17731,Asia,High School,N,N,1770,1869,Northeast,87168.26,Year,Y,Certified
EZYV17226,Europe,Master's,Y,N,188,2010,West,9753.21,Year,Y,Denied
EZYV20731,Asia,Bachelor's,N,N,1311,1982,Midwest,89209.47,Year,Y,Denied
EZYV17438,Asia,Doctorate,Y,N,61171,1987,Island,198846.65,Year,Y,Certified
EZYV1072,Asia,Bachelor's,Y,N,2274,1989,Northeast,14610.31,Month,Y,Certified
EZYV13001,Asia,Bachelor's,N,N,3752,1977,West,63445.87,Year,Y,Certified
EZYV12361,Asia,Master's,N,N,177,1991,Northeast,325.346,Hour,Y,Certified
EZYV487,Asia,Master's,N,N,3267,2003,South,161738.67,Year,Y,Certified
EZYV25251,Asia,Master's,N,N,4389,1899,South,114515.24,Year,N,Denied
EZYV6920,North America,Doctorate,N,N,2138,2004,West,96142.66,Year,Y,Certified
EZYV16129,Asia,High School,N,N,3903,1996,Midwest,100133.13,Year,Y,Certified
EZYV7655,Europe,Doctorate,N,N,941,1926,Northeast,71020.5,Year,Y,Certified
EZYV14163,Asia,Bachelor's,Y,N,1140,1853,Northeast,79540.26,Year,Y,Certified
EZYV22322,Asia,High School,Y,N,3097,2004,Northeast,54100.25,Year,Y,Certified
EZYV15565,Asia,Bachelor's,N,N,3891,2009,West,96.1061,Hour,Y,Denied
EZYV15603,Asia,Bachelor's,Y,N,3883,2008,West,28864.92,Year,Y,Certified
EZYV3466,Asia,High School,Y,N,1960,2007,West,13387.53,Year,Y,Denied
EZYV5499,Asia,Master's,Y,N,2022,1889,Northeast,72229.67,Year,Y,Certified
EZYV14434,Asia,Master's,Y,N,487,2009,Northeast,434.5867,Hour,Y,Certified
EZYV23567,Asia,Bachelor's,N,N,2054,1982,South,122691.02,Year,Y,Denied
EZYV25272,Asia,Bachelor's,Y,N,3495,1971,South,132821.07,Year,Y,Certified
EZYV12731,Europe,Bachelor's,Y,N,2105,2005,Midwest,1031.94,Year,Y,Certified
EZYV5835,Asia,Doctorate,Y,N,1245,1971,South,123360.97,Year,Y,Certified
EZYV14566,North America,Bachelor's,Y,N,3315,1969,Northeast,37560.64,Year,N,Denied
EZYV7240,Asia,Master's,N,N,161,2006,Midwest,142934.18,Year,N,Certified
EZYV20702,North America,Master's,Y,N,1024,2003,Northeast,108079.54,Year,Y,Certified
EZYV10732,North America,Bachelor's,N,N,3247,1871,South,105.81,Hour,Y,Certified
EZYV418,Asia,Master's,N,N,2549,1993,South,108989.75,Year,N,Certified
EZYV22839,Asia,Master's,Y,N,4287,2005,West,45466.49,Year,Y,Denied
EZYV8205,Asia,High School,Y,Y,420,2011,West,9836.74,Year,Y,Denied
EZYV24674,Asia,Bachelor's,Y,N,699,1866,South,26165.66,Year,Y,Certified
EZYV18631,Europe,Doctorate,Y,N,627,2011,West,9295.78,Year,Y,Certified
EZYV9734,North America,Bachelor's,Y,N,1455,1968,Northeast,78181.56,Year,N,Denied
EZYV19777,South America,Bachelor's,Y,N,7262,1971,West,29851.67,Week,Y,Certified
EZYV22757,North America,Bachelor's,Y,N,2780,2014,West,38147.84,Year,Y,Certified
EZYV7936,Europe,High School,Y,N,4728,1997,West,58082.29,Year,Y,Denied
EZYV22422,North America,Master's,N,N,3714,2012,South,52806.82,Year,Y,Certified
EZYV2506,Asia,Bachelor's,Y,N,1838,2009,West,108861.91,Year,Y,Certified
EZYV23184,Europe,Doctorate,Y,Y,5392,2001,West,112193.76,Year,Y,Certified
EZYV12218,Asia,Master's,Y,N,391,2001,Northeast,119350.32,Year,Y,Certified
EZYV8348,Asia,Bachelor's,Y,N,142,1989,Northeast,127765.0,Year,N,Denied
EZYV4200,Asia,Bachelor's,Y,N,3925,2001,West,48693.44,Year,Y,Certified
EZYV909,Africa,Master's,N,N,5878,1868,West,72752.64,Year,Y,Denied
EZYV18998,Asia,Doctorate,Y,N,4015,1970,South,8593.05,Year,Y,Certified
EZYV9558,Europe,High School,N,N,23088,2006,South,63354.01,Year,Y,Denied
EZYV3072,Europe,Bachelor's,N,N,504,1873,South,117034.69,Year,Y,Certified
EZYV16843,Asia,Bachelor's,Y,N,1895,2007,South,53889.99,Year,Y,Denied
EZYV13954,Asia,Master's,N,N,5371,1964,Northeast,110650.93,Year,N,Certified
EZYV13992,Asia,Bachelor's,N,N,3432,2000,West,181893.87,Year,Y,Denied
EZYV22489,Asia,Master's,Y,N,2175,1984,West,640.3602,Hour,Y,Denied
EZYV16047,Asia,Bachelor's,N,N,4976,2000,West,146655.47,Year,Y,Denied
EZYV14282,Asia,Master's,Y,N,898,2000,Northeast,87743.03,Year,Y,Certified
EZYV6596,Europe,Doctorate,Y,N,2675,1966,Northeast,37890.59,Year,Y,Certified
EZYV23873,Asia,Master's,N,N,2205,2000,Midwest,106451.69,Year,Y,Denied
EZYV17968,Asia,Doctorate,N,Y,2104,1997,West,99361.22,Year,Y,Certified
EZYV3463,Europe,Master's,Y,N,902,1988,Midwest,91463.49,Year,Y,Certified
EZYV8792,Asia,Master's,N,Y,3438,2001,Midwest,106779.93,Year,Y,Certified
EZYV3558,Asia,High School,Y,N,3361,2001,West,76504.35,Year,Y,Denied
EZYV1215,Asia,Bachelor's,N,N,2821,1876,Northeast,31166.4,Year,N,Denied
EZYV1664,North America,Master's,N,N,1129,2007,South,107747.49,Year,Y,Certified
EZYV7826,Asia,Bachelor's,Y,N,2519,1869,South,103190.41,Year,Y,Certified
EZYV8501,North America,Bachelor's,N,N,2751,1850,West,113991.6,Year,Y,Certified
EZYV22633,Asia,Bachelor's,N,N,403,1991,Northeast,24999.29,Year,Y,Denied
EZYV9476,Asia,Bachelor's,Y,N,5019,2010,South,7406.8,Year,Y,Certified
EZYV11579,Asia,Master's,Y,N,3623,2005,West,21186.62,Year,Y,Certified
EZYV18257,Asia,Bachelor's,N,Y,3908,2001,South,24463.68,Year,Y,Denied
EZYV5157,Europe,Doctorate,N,Y,889,1980,South,80104.22,Year,Y,Certified
EZYV397,North America,High School,Y,N,693,1999,West,123519.71,Year,Y,Certified
EZYV6537,North America,Bachelor's,N,Y,1233,2011,South,99760.1,Year,Y,Certified
EZYV20806,North America,Master's,N,N,4047,1951,Northeast,51303.37,Year,Y,Certified
EZYV11678,Asia,Bachelor's,N,N,3052,1980,Midwest,99019.7,Year,Y,Denied
EZYV3645,Africa,Bachelor's,Y,N,3463,2008,Northeast,30799.2,Year,Y,Certified
EZYV7338,Asia,Bachelor's,Y,N,2470,2012,Midwest,79713.99,Year,Y,Certified
EZYV19940,Asia,Doctorate,N,N,1915,2009,Midwest,124138.64,Year,Y,Certified
EZYV15932,Asia,Master's,Y,N,528,1979,South,124943.29,Year,Y,Certified
EZYV1208,Asia,Master's,Y,N,3908,1968,South,74537.88,Year,Y,Certified
EZYV16448,Europe,Doctorate,N,N,1277,1989,Northeast,96657.38,Year,Y,Certified
EZYV2738,Europe,Master's,N,N,4489,1980,West,43719.51,Year,Y,Certified
EZYV16819,South America,Master's,Y,N,2555,1984,Northeast,10858.58,Year,Y,Certified
EZYV8420,North America,Master's,Y,N,613,1840,Midwest,151276.84,Year,N,Certified
EZYV3067,Europe,High School,N,N,1635,1975,Northeast,43866.54,Year,Y,Denied
EZYV16209,Asia,High School,Y,N,3019,1987,South,16036.49,Year,Y,Certified
EZYV5648,Asia,Master's,Y,N,854,2013,Northeast,109769.32,Year,Y,Certified
EZYV6633,Asia,Master's,Y,N,5100,1977,Island,161837.84,Year,Y,Certified
EZYV592,Europe,Bachelor's,N,N,86050,2007,South,152569.46,Year,Y,Certified
EZYV13242,Europe,Bachelor's,Y,N,7118,2007,South,19181.32,Year,Y,Certified
EZYV7048,Africa,Master's,N,N,3446,1999,Northeast,81614.25,Year,Y,Certified
EZYV22278,North America,Bachelor's,N,Y,899,2004,Northeast,78026.51,Year,Y,Certified
EZYV369,Asia,Bachelor's,Y,N,1506,1998,Northeast,112853.73,Year,Y,Certified
EZYV19639,Asia,Bachelor's,Y,N,628,1942,Midwest,83851.73,Year,Y,Certified
EZYV21447,Asia,Master's,Y,N,3675,1968,Northeast,43175.2,Year,Y,Certified
EZYV7619,Asia,Bachelor's,N,N,2575,1977,South,975.6228,Hour,Y,Denied
EZYV2507,North America,Master's,Y,N,4104,1999,West,121384.75,Year,Y,Certified
EZYV18006,Asia,Bachelor's,Y,N,12572,1996,Northeast,87929.86,Year,Y,Denied
EZYV16754,Asia,Bachelor's,Y,N,1517,1981,West,79322.18,Year,Y,Certified
EZYV17059,North America,Master's,Y,N,343,1994,West,120604.41,Year,N,Denied
EZYV24521,North America,Bachelor's,Y,N,4535,1996,Northeast,22272.94,Year,Y,Certified
EZYV4926,Europe,Bachelor's,Y,N,5241,1964,Northeast,116251.85,Week,Y,Denied
EZYV3513,Asia,High School,N,N,4364,2009,Northeast,111582.9,Year,Y,Denied
EZYV12819,Asia,Bachelor's,N,N,2261,1999,Northeast,48239.58,Year,Y,Certified
EZYV16901,Asia,Master's,N,N,1235,1838,South,688.5408,Hour,Y,Denied
EZYV15153,Asia,Bachelor's,Y,N,891,2000,South,11289.91,Year,Y,Certified
EZYV18039,Asia,Bachelor's,Y,N,358,1848,South,144778.25,Month,Y,Certified
EZYV11967,Asia,Bachelor's,Y,N,21642,1987,Northeast,15952.76,Year,Y,Denied
EZYV23754,Asia,Master's,N,N,3447,1993,Midwest,76191.93,Year,Y,Denied
EZYV6608,North America,Bachelor's,Y,N,491,1998,West,45762.95,Year,Y,Denied
EZYV2842,Europe,Master's,N,N,1506,1974,Northeast,106628.4,Year,Y,Certified
EZYV20756,Asia,High School,Y,N,3502,2008,West,154365.87,Year,Y,Certified
EZYV23308,Asia,Master's,Y,N,2329,1981,South,20084.65,Year,Y,Certified
EZYV20578,Asia,Master's,Y,Y,1367,2009,West,124801.84,Year,Y,Certified
EZYV2596,Asia,Master's,N,N,444,2015,Island,67006.71,Year,Y,Denied
EZYV10149,Asia,Master's,Y,N,2898,2010,Northeast,9994.38,Year,Y,Certified
EZYV2918,Asia,High School,Y,N,3267,2006,West,90894.8,Year,Y,Denied
EZYV7494,North America,Master's,Y,N,1612,1991,South,75922.08,Year,N,Certified
EZYV11029,Asia,Master's,N,N,1996,2005,Midwest,158199.96,Year,Y,Certified
EZYV5674,North America,Master's,N,N,4979,1998,South,42675.92,Year,Y,Certified
EZYV21036,Asia,Bachelor's,N,Y,500,1901,West,84460.97,Year,Y,Denied
EZYV7232,Asia,Doctorate,Y,N,269,2003,Midwest,101734.39,Year,Y,Certified
EZYV23586,Asia,High School,Y,N,3218,1950,West,91722.93,Year,Y,Certified
EZYV436,Asia,Master's,N,N,1499,1969,Northeast,69068.26,Year,Y,Denied
EZYV23372,Asia,Master's,N,N,61,1928,West,57988.21,Year,Y,Denied
EZYV4793,Asia,Bachelor's,Y,N,4329,2002,South,106686.74,Year,Y,Certified
EZYV4546,Asia,Bachelor's,N,N,1385,1859,South,85340.66,Year,Y,Denied
EZYV10535,Asia,Bachelor's,N,Y,1891,1974,South,65499.71,Year,Y,Certified
EZYV5098,Europe,Master's,N,N,2495,1950,Northeast,96786.46,Year,Y,Certified
EZYV2798,Europe,Bachelor's,Y,N,2730,2005,South,28597.77,Year,Y,Certified
EZYV18645,Asia,High School,N,N,824,1997,South,156710.51,Year,Y,Certified
EZYV21304,Europe,Bachelor's,N,N,252242,1899,West,39661.23,Year,Y,Certified
EZYV12880,Asia,Doctorate,Y,N,652,1989,Northeast,14900.67,Year,Y,Certified
EZYV10263,Asia,Master's,Y,N,1312,2009,South,54766.18,Year,Y,Certified
EZYV1035,Asia,Doctorate,Y,N,1945,2005,West,170656.55,Year,N,Certified
EZYV24428,Asia,Bachelor's,N,N,1864,1963,Northeast,144648.88,Year,Y,Denied
EZYV3428,North America,Bachelor's,Y,N,10185,1999,South,107729.24,Year,Y,Denied
EZYV25050,Asia,Master's,Y,Y,3890,2000,West,116395.82,Year,Y,Denied
EZYV15354,Asia,High School,Y,N,406,2000,Northeast,106579.06,Year,N,Denied
EZYV10083,Asia,Master's,N,N,3943,1912,Midwest,124316.92,Year,Y,Certified
EZYV25218,Asia,Bachelor's,N,Y,2393,1995,West,191745.22,Year,Y,Denied
EZYV24257,Asia,Bachelor's,N,N,1658,2010,Northeast,522.13,Year,Y,Denied
EZYV16285,Europe,Bachelor's,N,N,106610,1950,South,12653.6,Year,Y,Certified
EZYV23664,Asia,Bachelor's,Y,N,679,2005,Midwest,145207.22,Year,Y,Certified
EZYV24653,Asia,Doctorate,Y,N,31672,2009,Midwest,58536.1,Year,Y,Certified
EZYV9849,Asia,Master's,N,Y,4903,1997,South,113661.42,Year,Y,Certified
EZYV22335,Asia,Bachelor's,Y,N,680,1997,South,109.88,Hour,Y,Denied
EZYV2563,Asia,Bachelor's,Y,N,1581,1962,West,86380.35,Year,Y,Certified
EZYV15185,Asia,Master's,Y,Y,588,1838,Northeast,102876.51,Year,Y,Certified
EZYV5161,Asia,Bachelor's,N,N,151,1997,South,3633.99,Year,Y,Denied
EZYV12680,Asia,Bachelor's,Y,N,4698,1985,South,71967.86,Year,Y,Certified
EZYV20991,Asia,High School,N,N,3417,2002,South,77.3424,Hour,Y,Certified
EZYV19769,Asia,Bachelor's,Y,N,917,2001,West,42464.19,Year,Y,Denied
EZYV7009,Asia,Bachelor's,N,N,2390,2011,South,60142.3,Year,N,Denied
EZYV25477,Asia,High School,Y,N,3274,2006,Northeast,279174.79,Year,Y,Certified
EZYV13951,Asia,Bachelor's,N,N,1290,1801,Northeast,201507.74,Year,Y,Denied
EZYV15834,Asia,Master's,Y,N,2223,1960,West,102344.62,Year,Y,Certified
EZYV3051,North America,Master's,Y,N,361,2005,Midwest,68353.9,Year,Y,Certified
EZYV16571,Asia,Bachelor's,N,N,3451,2010,Northeast,65566.28,Year,Y,Certified
EZYV20024,South America,Master's,Y,N,27957,1977,Northeast,49083.36,Year,Y,Denied
EZYV19293,Asia,Bachelor's,N,N,27,1968,West,56207.12,Year,Y,Denied
EZYV3394,Asia,Bachelor's,Y,N,2701,2001,Northeast,102329.29,Year,Y,Certified
EZYV16982,Asia,Master's,N,N,165,2005,Midwest,144724.07,Year,Y,Certified
EZYV16849,Europe,Bachelor's,Y,N,2344,1942,West,28740.68,Year,Y,Certified
EZYV5623,Asia,Master's,Y,N,2007,1989,Midwest,58328.52,Year,Y,Certified
EZYV23203,Asia,Doctorate,N,N,4706,2010,Midwest,101706.73,Year,Y,Certified
EZYV22091,Europe,Bachelor's,N,N,1902,1999,Northeast,85512.2,Year,Y,Certified
EZYV15571,Asia,High School,Y,N,1888,2003,Midwest,127517.18,Year,Y,Denied
EZYV6429,Asia,Bachelor's,Y,N,919,1998,Northeast,115032.02,Year,Y,Certified
EZYV18455,Africa,Doctorate,Y,N,2598,2010,West,130750.62,Year,Y,Certified
EZYV3762,South America,Master's,N,N,5973,2007,Northeast,53263.14,Year,Y,Denied
EZYV513,Asia,Master's,Y,N,2020,2000,South,795.4405,Hour,Y,Certified
EZYV10019,Europe,Bachelor's,N,Y,176,1998,West,12317.29,Year,Y,Certified
EZYV16837,Asia,Bachelor's,Y,N,3357,1984,Northeast,72073.37,Year,Y,Certified
EZYV21759,Asia,Bachelor's,N,N,3286,1997,South,119426.37,Year,Y,Denied
EZYV17654,Asia,Bachelor's,Y,N,1962,2000,South,80565.69,Year,Y,Certified
EZYV23764,Asia,High School,N,N,1045,1954,Midwest,75386.54,Year,Y,Certified
EZYV11642,Asia,Master's,N,N,1850,2005,Midwest,204380.65,Year,N,Denied
EZYV8015,Asia,Master's,Y,N,92,1923,Midwest,69809.7,Year,Y,Certified
EZYV5462,Asia,Bachelor's,Y,N,280,1996,West,76966.42,Year,Y,Denied
EZYV18711,Asia,Bachelor's,Y,N,936,2002,Midwest,505.2474,Hour,Y,Denied
EZYV13102,North America,Master's,Y,N,4576,2013,West,48780.01,Year,Y,Certified
EZYV15824,Asia,Bachelor's,N,Y,1538,1994,South,31288.63,Year,Y,Denied
EZYV20542,Asia,Bachelor's,N,N,3159,2008,West,646.1086,Hour,Y,Denied
EZYV20009,North America,Bachelor's,Y,N,4468,2011,Northeast,28088.6,Year,Y,Certified
EZYV20829,Europe,High School,Y,N,2856,1884,South,38219.83,Year,Y,Denied
EZYV5199,Asia,Bachelor's,Y,N,4322,2010,South,130396.85,Year,Y,Certified
EZYV4927,Asia,Bachelor's,N,N,1729,2001,South,59718.56,Year,Y,Certified
EZYV16382,Asia,Bachelor's,Y,N,929,1984,West,789.9388,Hour,Y,Denied
EZYV1691,Asia,High School,Y,N,8145,2011,Midwest,43336.26,Year,Y,Certified
EZYV14899,Asia,Bachelor's,Y,N,13804,1997,Northeast,88691.22,Year,Y,Certified
EZYV8597,Asia,High School,Y,N,8387,2003,Midwest,108825.55,Year,Y,Denied
EZYV25231,Asia,Doctorate,Y,Y,1747,1998,West,139749.58,Year,Y,Denied
EZYV14851,Asia,Bachelor's,N,Y,7105,2004,South,60238.63,Year,Y,Certified
EZYV12863,Asia,High School,N,N,2919,1998,Northeast,58035.72,Year,Y,Denied
EZYV7407,Asia,Doctorate,N,N,306,1991,Northeast,91225.19,Year,Y,Certified
EZYV17250,Asia,High School,Y,N,4568,1989,Midwest,31470.66,Year,Y,Certified
EZYV11577,Asia,Bachelor's,N,N,2664,2010,South,27639.44,Year,Y,Denied
EZYV16660,Asia,Bachelor's,Y,Y,707,1977,Midwest,144015.8,Year,N,Certified
EZYV16643,Asia,Bachelor's,N,N,3109,2006,South,31438.34,Year,Y,Certified
EZYV18553,Asia,Master's,Y,N,42,2001,Northeast,57771.89,Year,Y,Denied
EZYV662,Asia,Master's,N,N,1737,1956,West,118601.72,Year,Y,Denied
EZYV8000,Europe,Bachelor's,Y,N,2615,1997,Northeast,13860.88,Year,Y,Certified
EZYV9624,North America,Master's,Y,N,79,2008,Midwest,204868.83,Year,Y,Certified
EZYV10847,Asia,Master's,N,N,1768,1965,Northeast,49844.77,Year,Y,Certified
EZYV17482,Asia,Bachelor's,Y,N,1204,1863,South,55394.4,Year,N,Certified
EZYV24897,Europe,Bachelor's,Y,N,140990,1999,Northeast,99326.01,Year,Y,Certified
EZYV19071,Asia,High School,Y,Y,2196,1979,South,65598.53,Year,Y,Denied
EZYV4449,Asia,Bachelor's,N,N,1556,1997,Northeast,164679.97,Year,Y,Denied
EZYV20264,Europe,Master's,N,N,3518,1983,South,792.3641,Hour,Y,Denied
EZYV5594,North America,Master's,Y,N,2585,1986,South,52486.74,Year,Y,Certified
EZYV25092,North America,High School,N,N,4045,1997,Northeast,127682.93,Year,Y,Certified
EZYV5423,Asia,Master's,Y,N,555,1920,Midwest,71682.42,Year,Y,Certified
EZYV22884,Europe,Master's,N,N,3354,1898,West,65130.21,Year,Y,Certified
EZYV11402,North America,Bachelor's,Y,N,70050,1867,South,68174.39,Year,Y,Denied
EZYV5119,Asia,Bachelor's,Y,N,2221,2000,Midwest,101863.05,Year,Y,Certified
EZYV7387,Asia,Bachelor's,N,N,3847,1995,Northeast,89536.0,Year,Y,Certified
EZYV1207,North America,Bachelor's,Y,N,4057,1925,Midwest,2984.24,Year,Y,Certified
EZYV8714,Asia,Master's,N,N,1652,1987,Midwest,159643.51,Year,Y,Certified
EZYV2052,Europe,Master's,N,N,388,1996,Northeast,375.6911,Hour,Y,Certified
EZYV447,South America,Master's,Y,N,636,1977,South,1857.39,Year,Y,Certified
EZYV8667,South America,Bachelor's,Y,N,61,2004,Northeast,85934.41,Year,Y,Certified
EZYV22142,Asia,High School,Y,N,147828,2009,Island,168385.16,Year,Y,Denied
EZYV8860,Asia,Bachelor's,N,N,2658,1999,Northeast,69310.25,Year,Y,Certified
EZYV17912,North America,Bachelor's,Y,N,5583,1991,Northeast,114913.17,Year,Y,Denied
EZYV22710,Europe,Doctorate,Y,N,891,1987,West,38144.03,Year,Y,Certified
EZYV22160,Asia,Bachelor's,N,N,988,1984,West,111820.03,Year,Y,Denied
EZYV3002,Europe,Doctorate,N,N,51569,1999,Northeast,8476.52,Year,Y,Certified
EZYV10030,Asia,Master's,N,Y,866,1958,Northeast,112215.82,Year,Y,Certified
EZYV14388,Asia,Bachelor's,N,N,342,1995,West,847.814,Hour,Y,Denied
EZYV17465,Asia,Master's,Y,N,4420,2005,West,61073.64,Year,N,Certified
EZYV20412,Europe,Doctorate,N,Y,4320,2010,Northeast,912.98,Year,Y,Certified
EZYV8787,Asia,Bachelor's,Y,N,4578,1864,West,54954.86,Year,Y,Certified
EZYV22277,Asia,Bachelor's,Y,Y,82,2007,West,58547.96,Year,Y,Certified
EZYV11326,Europe,Doctorate,Y,N,751,1977,Midwest,26434.64,Year,Y,Certified
EZYV57,Europe,Bachelor's,Y,Y,779,1994,West,85854.09,Year,Y,Certified
EZYV9960,Asia,Bachelor's,Y,Y,3013,1991,South,92360.99,Year,Y,Certified
EZYV9483,Asia,Master's,N,Y,2513,1963,West,53971.42,Year,Y,Certified
EZYV24019,North America,Bachelor's,Y,N,841,2003,Northeast,21632.84,Week,Y,Certified
EZYV18207,Asia,Master's,N,N,279,1989,Northeast,127904.94,Year,N,Denied
EZYV13175,Asia,Master's,Y,N,3538,2011,Northeast,81213.69,Year,Y,Certified
EZYV24892,Asia,High School,N,Y,11322,1980,South,90084.04,Year,Y,Certified
EZYV13039,Asia,Master's,Y,N,4894,1978,Midwest,136180.62,Year,Y,Certified
EZYV4941,Africa,Doctorate,N,N,991,1867,Northeast,74006.58,Year,Y,Certified
EZYV7887,Europe,Doctorate,Y,N,4781,1878,Northeast,10260.53,Year,Y,Certified
EZYV18383,Asia,High School,N,N,549,1983,Northeast,427.3764,Hour,Y,Denied
EZYV2938,Asia,Bachelor's,N,N,1897,1998,South,53779.21,Year,Y,Denied
EZYV19035,Asia,Bachelor's,N,Y,1470,2001,Midwest,88644.44,Year,Y,Denied
EZYV14671,Asia,Bachelor's,Y,N,1869,1984,Midwest,186594.05,Year,N,Certified
EZYV18163,Asia,Master's,N,N,11791,2006,West,63031.67,Year,Y,Certified
EZYV16198,Asia,High School,Y,N,1870,2000,South,6559.01,Year,Y,Certified
EZYV11762,Asia,Master's,Y,Y,1996,1998,Northeast,67900.04,Year,Y,Certified
EZYV6447,Asia,Bachelor's,Y,N,3248,1818,South,212219.53,Year,Y,Certified
EZYV17565,North America,Master's,Y,N,3103,1838,Northeast,86385.21,Year,N,Denied
EZYV7358,Asia,Master's,N,N,28,1998,Northeast,110466.85,Year,N,Certified
EZYV19790,Asia,Bachelor's,N,N,5732,2007,Midwest,160441.03,Year,Y,Certified
EZYV9426,Asia,Master's,N,N,2809,2004,Northeast,98462.89,Year,Y,Certified
EZYV24958,Asia,Bachelor's,Y,N,3543,2001,Midwest,135625.17,Year,Y,Denied
EZYV24539,North America,High School,N,N,5232,1980,Midwest,247355.35,Year,Y,Certified
EZYV22169,Asia,Master's,Y,N,1079,1994,South,55512.44,Week,Y,Certified
EZYV499,Asia,Bachelor's,N,N,1110,1963,South,97931.99,Month,Y,Certified
EZYV7934,Asia,Bachelor's,N,N,1043,1887,West,79393.31,Year,Y,Certified
EZYV25315,North America,Bachelor's,Y,N,3369,1997,South,25993.05,Year,Y,Certified
EZYV312,Europe,Bachelor's,Y,N,3831,2010,West,18035.36,Year,Y,Certified
EZYV11725,Europe,High School,Y,N,3634,1817,Northeast,43075.38,Year,Y,Denied
EZYV9406,Asia,Bachelor's,N,N,2041,2009,West,130429.73,Year,Y,Denied
EZYV13205,Asia,Master's,Y,N,1258,2008,Northeast,22053.19,Year,Y,Certified
EZYV5213,Europe,High School,Y,N,2808,1858,South,111.5107,Hour,Y,Denied
EZYV536,Asia,Master's,N,N,241,1961,Northeast,66092.25,Year,Y,Denied
EZYV24855,Asia,Master's,Y,Y,3548,1974,South,40730.58,Year,Y,Denied
EZYV23058,Asia,Bachelor's,N,N,662,1971,South,142190.29,Year,Y,Certified
EZYV18432,North America,High School,Y,N,3428,1976,Northeast,155493.15,Year,Y,Certified
EZYV10868,South America,Bachelor's,N,N,18,2010,South,125539.15,Year,Y,Denied
EZYV6827,Europe,Bachelor's,Y,N,514,1978,West,18998.73,Year,Y,Certified
EZYV10833,Asia,Master's,Y,N,3659,2006,Northeast,50325.12,Year,Y,Certified
EZYV4668,North America,Master's,N,N,4380,2012,West,113428.22,Year,Y,Denied
EZYV1581,Asia,High School,Y,N,4135,1973,Northeast,43276.83,Year,Y,Denied
EZYV20999,Asia,Bachelor's,N,N,1263,1948,South,91209.93,Year,Y,Denied
EZYV23163,Asia,Master's,Y,N,261,2008,West,101803.1,Year,Y,Certified
EZYV1511,Asia,Master's,Y,N,4630,2008,Northeast,75492.61,Year,Y,Certified
EZYV19858,North America,Bachelor's,Y,Y,78,2000,Northeast,138883.29,Year,Y,Denied
EZYV13948,Asia,Master's,Y,N,1347,1993,Midwest,93234.1,Year,Y,Certified
EZYV23712,South America,Master's,Y,N,2300,2007,Northeast,93706.38,Year,Y,Certified
EZYV24011,Asia,Bachelor's,Y,N,1490,2010,West,130116.43,Year,Y,Certified
EZYV19970,Asia,Bachelor's,N,Y,2394,1999,Midwest,20201.13,Year,Y,Certified
EZYV17070,Europe,High School,Y,N,4046,1854,South,43217.91,Year,Y,Denied
EZYV22299,Africa,Master's,Y,N,1942,2007,West,162285.42,Year,Y,Certified
EZYV17977,Asia,Bachelor's,Y,N,922,2009,Northeast,148620.51,Year,Y,Certified
EZYV18270,North America,Bachelor's,Y,N,1476,2000,West,65311.85,Year,Y,Denied
EZYV13236,Asia,Master's,N,N,403,2009,Northeast,42111.36,Year,Y,Denied
EZYV19824,Europe,Master's,Y,N,4102,2007,West,4562.97,Year,Y,Certified
EZYV3108,North America,Master's,Y,N,1185,2005,South,93221.99,Year,N,Certified
EZYV16776,Asia,Bachelor's,Y,N,874,1857,West,60089.67,Year,Y,Certified
EZYV4910,Europe,Bachelor's,N,N,108074,1996,Northeast,41580.5,Year,Y,Certified
EZYV6217,South America,Master's,N,Y,1635,1838,Northeast,91080.42,Year,Y,Certified
EZYV18369,Europe,High School,Y,N,3296,1994,South,17075.36,Year,Y,Certified
EZYV10713,Europe,Master's,Y,N,1606,1989,Northeast,18083.73,Year,Y,Certified
EZYV10739,Oceania,Master's,N,N,17838,1916,Midwest,21601.82,Year,Y,Certified
EZYV24088,Asia,Master's,Y,N,2154,1998,Northeast,174245.51,Year,Y,Denied
EZYV15857,Asia,Bachelor's,Y,N,2792,1983,Northeast,42574.63,Year,Y,Certified
EZYV7743,Asia,Bachelor's,N,N,826,2010,South,98538.2,Year,Y,Certified
EZYV6210,Asia,Master's,Y,N,2304,2007,South,151277.04,Year,Y,Certified
EZYV10124,Asia,Master's,N,N,237,2007,Midwest,61584.0,Year,Y,Certified
EZYV11256,Europe,Master's,Y,N,1599,1819,West,78197.33,Year,Y,Certified
EZYV8267,Asia,Master's,Y,N,5369,1998,South,165963.26,Year,N,Certified
EZYV3872,Europe,Doctorate,N,Y,4020,1892,South,64325.43,Year,Y,Certified
EZYV5114,Europe,Bachelor's,N,N,1174,1996,West,8819.93,Year,Y,Certified
EZYV19476,Asia,Master's,Y,N,4550,1925,Northeast,13247.79,Year,Y,Certified
EZYV545,Asia,Bachelor's,Y,N,4824,1996,West,49122.07,Year,Y,Certified
EZYV13442,Europe,Master's,N,N,1437,2010,Northeast,8093.66,Year,Y,Certified
EZYV20471,Asia,High School,N,N,2888,1993,Northeast,110594.85,Year,Y,Denied
EZYV21297,Asia,Bachelor's,Y,N,323,1986,Midwest,115140.04,Year,Y,Certified
EZYV17831,Asia,Master's,N,N,422,2010,West,172309.71,Year,Y,Certified
EZYV22263,Asia,High School,Y,N,3797,1923,Northeast,106405.24,Year,Y,Certified
EZYV6168,Asia,Master's,Y,N,3484,1989,Midwest,165751.23,Year,Y,Certified
EZYV18758,Europe,Bachelor's,N,Y,1642,1997,Northeast,94500.22,Year,Y,Certified
EZYV12831,Africa,Doctorate,Y,N,1658,2009,South,105658.33,Year,Y,Certified
EZYV8606,Asia,Master's,N,N,1135,1997,South,76256.89,Year,Y,Certified
EZYV20078,Asia,Bachelor's,N,N,2983,2004,South,144.73,Hour,Y,Certified
EZYV23666,Asia,Bachelor's,Y,N,4655,2008,Northeast,59173.03,Year,Y,Certified
EZYV10080,Asia,Master's,Y,N,5136,1981,South,52874.2,Year,Y,Certified
EZYV21258,Asia,Master's,N,N,427,1990,Midwest,216225.65,Year,Y,Denied
EZYV22629,Asia,Master's,N,N,296,1875,Midwest,197601.44,Year,Y,Certified
EZYV8280,Asia,Bachelor's,Y,N,1875,1981,West,153315.16,Year,Y,Denied
EZYV8342,Asia,Bachelor's,N,N,468,2002,South,81365.63,Year,Y,Certified
EZYV25247,Asia,Bachelor's,Y,N,2604,1986,Northeast,3020.68,Year,Y,Certified
EZYV20305,Europe,Bachelor's,Y,N,20261,2014,Northeast,73937.78,Year,Y,Certified
EZYV18523,Asia,Bachelor's,N,N,3168,2010,West,6457.02,Year,Y,Certified
EZYV17151,Asia,Bachelor's,Y,N,3976,1998,South,229208.81,Year,Y,Denied
EZYV7946,Europe,Master's,Y,N,1262,1997,West,7612.62,Year,Y,Certified
EZYV22366,Asia,High School,Y,N,2697,1999,South,45510.62,Year,Y,Denied
EZYV16315,Asia,High School,Y,N,3763,1989,West,56966.02,Year,Y,Certified
EZYV14575,Europe,Doctorate,N,N,1132,2001,Northeast,45934.45,Year,Y,Certified
EZYV13556,Africa,Master's,N,Y,2779,1992,West,125172.89,Year,Y,Denied
EZYV10873,Asia,Bachelor's,Y,N,1062,2001,Northeast,146204.36,Year,Y,Certified
EZYV287,Europe,Master's,Y,N,306,1975,South,103390.44,Year,N,Certified
EZYV13631,Europe,High School,Y,Y,949,1986,Northeast,147382.29,Year,Y,Denied
EZYV8086,Asia,Bachelor's,Y,Y,3490,1975,South,65680.52,Year,Y,Certified
EZYV9061,Asia,Bachelor's,Y,N,267,1989,Northeast,24341.15,Year,Y,Certified
EZYV17661,Asia,Master's,Y,N,3988,2001,Midwest,109738.49,Year,N,Denied
EZYV4537,Asia,Bachelor's,Y,N,205,1998,West,24.7965,Hour,Y,Denied
EZYV874,North America,Bachelor's,Y,N,6289,2004,Northeast,12759.63,Year,Y,Certified
EZYV16707,Europe,Bachelor's,N,N,3371,2007,Northeast,427.8691,Hour,Y,Denied
EZYV345,Asia,Bachelor's,N,N,3438,2013,Island,97325.13,Year,Y,Denied
EZYV13944,North America,Bachelor's,N,Y,4229,1999,West,25925.96,Year,Y,Denied
EZYV14569,Asia,Master's,N,N,548,1998,Midwest,125472.25,Year,Y,Certified
EZYV11273,Asia,Bachelor's,N,Y,280,1975,West,1066.19,Year,Y,Certified
EZYV3606,Europe,Doctorate,Y,N,211,1946,West,74285.35,Year,Y,Certified
EZYV8896,Asia,Bachelor's,Y,N,3514,2000,West,107352.92,Year,Y,Certified
EZYV13144,Europe,Bachelor's,Y,N,2727,1990,West,101275.84,Year,Y,Certified
EZYV22981,Asia,Bachelor's,N,N,386,2001,South,130763.98,Year,Y,Certified
EZYV12319,Asia,Bachelor's,Y,N,4377,1979,Northeast,88443.0,Year,Y,Certified
EZYV13763,North America,Bachelor's,N,Y,1500,1994,South,420.0593,Hour,Y,Certified
EZYV10902,Asia,Bachelor's,N,Y,1795,1983,South,58994.27,Year,Y,Certified
EZYV12512,Asia,Master's,Y,N,3755,2000,Midwest,63158.35,Year,Y,Certified
EZYV22855,Europe,Bachelor's,Y,N,1925,1979,West,18272.76,Year,Y,Denied
EZYV21468,Asia,Master's,N,N,2683,2006,Northeast,134487.59,Year,N,Certified
EZYV9782,Oceania,Master's,Y,N,530,1993,West,66412.32,Year,Y,Certified
EZYV7391,South America,Doctorate,N,N,2154,1831,Northeast,60746.11,Year,Y,Certified
EZYV9798,Asia,Bachelor's,N,N,2024,2011,Northeast,58109.59,Year,Y,Certified
EZYV2614,Asia,Bachelor's,N,N,4001,1989,South,113334.35,Year,N,Denied
EZYV21572,Asia,Bachelor's,N,N,784,1966,South,187499.99,Year,Y,Certified
EZYV20825,Europe,Doctorate,Y,N,367,2010,Midwest,21298.97,Year,Y,Certified
EZYV4412,Europe,Bachelor's,N,N,633,2009,Northeast,813.4241,Hour,Y,Certified
EZYV21611,Asia,Master's,Y,N,3851,2003,Northeast,148.35,Hour,Y,Denied
EZYV7884,Europe,Bachelor's,N,N,2007,1998,West,15387.91,Year,Y,Certified
EZYV6622,Asia,Master's,Y,N,2131,1984,Midwest,99513.35,Year,N,Certified
EZYV18900,Asia,Bachelor's,Y,N,3366,1971,West,32481.62,Year,Y,Certified
EZYV15092,Asia,High School,N,N,318,1831,South,88883.13,Year,N,Denied
EZYV4319,Europe,Bachelor's,N,N,3671,2002,South,103870.68,Year,Y,Certified
EZYV23959,Europe,Master's,Y,Y,3597,1911,West,49794.44,Year,Y,Certified
EZYV11059,Asia,High School,N,Y,26592,1984,West,102254.44,Year,Y,Denied
EZYV16009,Europe,Bachelor's,Y,Y,4842,2000,West,59172.82,Year,Y,Certified
EZYV11288,Europe,Master's,Y,Y,2543,1979,West,44082.61,Year,Y,Certified
EZYV10407,Asia,Bachelor's,Y,N,1619,1986,West,101305.77,Year,N,Certified
EZYV16442,Asia,Bachelor's,N,N,2577,1970,South,88664.77,Year,Y,Certified
EZYV1856,North America,Doctorate,Y,N,2633,1962,Northeast,165478.43,Year,Y,Certified
EZYV10433,Asia,Master's,Y,N,2320,2006,Northeast,781.2903,Hour,Y,Certified
EZYV1865,Africa,Doctorate,Y,N,1420,1997,Northeast,33759.48,Year,Y,Certified
EZYV15246,Asia,Bachelor's,Y,N,875,1984,Midwest,74411.63,Year,Y,Certified
EZYV728,Asia,High School,N,N,660,2009,South,66781.76,Year,N,Certified
EZYV9261,Asia,Master's,Y,N,781,1944,South,124449.18,Year,Y,Certified
EZYV21870,Asia,Bachelor's,Y,N,1833,2002,South,119262.34,Year,Y,Denied
EZYV11324,Asia,Master's,N,N,796,1906,Northeast,84587.92,Year,Y,Certified
EZYV9074,North America,Master's,Y,N,5213,1901,West,8838.33,Year,Y,Certified
EZYV5117,Oceania,Bachelor's,Y,N,2030,2007,Midwest,21672.7,Year,Y,Certified
EZYV3134,Asia,Master's,N,N,2686,1985,South,54309.55,Year,N,Denied
EZYV5470,Asia,High School,N,Y,2198,1997,South,227609.87,Year,Y,Denied
EZYV1276,Asia,Master's,N,N,92,2005,Midwest,166677.8,Year,Y,Certified
EZYV13854,Asia,High School,N,N,1452,1873,Midwest,187906.94,Year,Y,Denied
EZYV13693,Asia,Bachelor's,N,N,3428,1984,Northeast,22628.53,Year,Y,Denied
EZYV22838,North America,Master's,Y,N,19122,1997,Midwest,109538.99,Year,N,Denied
EZYV19484,Asia,Master's,Y,N,3026,2013,Northeast,90418.07,Year,Y,Denied
EZYV23968,North America,Doctorate,Y,N,1082,2011,Northeast,116248.5,Year,Y,Certified
EZYV1872,Europe,Master's,N,N,183,1975,West,69076.34,Year,Y,Certified
EZYV21925,Asia,Master's,Y,N,1917,1873,Northeast,16742.32,Year,Y,Certified
EZYV3113,South America,High School,Y,N,1533,2013,South,47358.68,Year,Y,Certified
EZYV5238,Asia,High School,N,Y,50270,2011,South,86688.84,Year,Y,Denied
EZYV12460,Asia,Master's,Y,N,627,1997,Northeast,45014.55,Year,N,Certified
EZYV1210,South America,Bachelor's,N,N,3751,2002,South,102101.31,Year,Y,Certified
EZYV11964,Asia,Doctorate,Y,N,132,1999,Midwest,31732.61,Year,Y,Certified
EZYV8749,Asia,Master's,Y,N,773,1996,Northeast,71772.59,Year,Y,Certified
EZYV22329,Asia,Master's,Y,Y,384,1939,South,59557.22,Year,Y,Certified
EZYV10163,North America,Bachelor's,Y,N,4022,1998,Northeast,509.423,Hour,Y,Denied
EZYV4861,Asia,Bachelor's,Y,N,1220,1981,South,70710.61,Year,Y,Certified
EZYV8652,Europe,Bachelor's,Y,N,108,2001,Midwest,59263.07,Year,Y,Certified
EZYV4687,Asia,Bachelor's,N,N,1331,2015,Midwest,145688.5,Year,Y,Denied
EZYV16413,Asia,Bachelor's,N,N,1940,2013,Northeast,970.1795,Hour,Y,Denied
EZYV22430,Asia,Bachelor's,N,Y,3723,1976,Northeast,101300.95,Year,Y,Certified
EZYV22738,Asia,Bachelor's,Y,N,1661,1968,Northeast,139573.58,Year,Y,Certified
EZYV18590,Europe,Master's,Y,N,2473,1994,West,42394.72,Year,Y,Certified
EZYV19860,Asia,Master's,Y,N,4592,1977,Northeast,125820.7,Year,Y,Certified
EZYV4366,Asia,Bachelor's,N,N,2025,1976,Northeast,34288.35,Year,Y,Denied
EZYV22255,Asia,Bachelor's,Y,N,4605,1873,Northeast,25340.81,Week,Y,Certified
EZYV8020,Asia,Master's,Y,N,683,1987,South,87896.18,Year,Y,Certified
EZYV7412,Asia,Bachelor's,N,N,27,1991,West,140896.1,Year,Y,Denied
EZYV5393,Europe,High School,Y,N,5114,2000,West,59706.32,Year,Y,Denied
EZYV18052,Asia,Bachelor's,N,Y,2131,2011,Northeast,104833.47,Year,Y,Denied
EZYV19770,Asia,Master's,Y,N,3897,2009,West,42364.01,Year,Y,Certified
EZYV8686,Asia,Bachelor's,N,Y,458,1991,South,210625.56,Year,Y,Denied
EZYV9918,Asia,Bachelor's,Y,N,1065,1998,West,126319.2,Year,Y,Certified
EZYV2487,North America,Master's,Y,N,3275,1996,South,63590.3,Year,Y,Certified
EZYV6890,Asia,High School,Y,N,3243,1962,South,96962.79,Year,Y,Denied
EZYV6423,Asia,Bachelor's,Y,N,1917,2008,Northeast,63824.11,Year,Y,Certified
EZYV20445,Europe,Doctorate,Y,N,3612,1999,Northeast,58909.45,Year,Y,Certified
EZYV3486,North America,Bachelor's,Y,N,1256,1970,West,39534.57,Week,Y,Denied
EZYV9196,Europe,Bachelor's,Y,N,92407,1998,Northeast,44611.43,Year,Y,Certified
EZYV22976,Europe,Doctorate,N,N,1018,1954,South,488.58,Year,Y,Certified
EZYV13748,Asia,High School,Y,N,675,2003,West,73923.0,Year,Y,Denied
EZYV11076,Asia,Bachelor's,Y,N,4436,2003,Midwest,111.74,Hour,Y,Denied
EZYV18399,Asia,Bachelor's,Y,N,1354,1977,West,137296.22,Year,Y,Denied
EZYV587,Asia,Master's,N,N,2213,1855,Northeast,832.11,Year,Y,Denied
EZYV11236,Asia,Bachelor's,N,Y,764,2002,Northeast,77558.24,Year,Y,Certified
EZYV21481,North America,Doctorate,Y,N,2255,1967,West,54878.38,Year,Y,Certified
EZYV9126,North America,Bachelor's,N,N,1449,1914,Northeast,73813.64,Year,Y,Certified
EZYV14827,Asia,Master's,N,N,3372,1999,Northeast,156225.89,Year,N,Denied
EZYV8273,South America,Master's,Y,N,137,2012,West,33474.72,Year,Y,Denied
EZYV4234,Asia,Bachelor's,Y,N,2177,1960,West,93206.46,Year,Y,Denied
EZYV131,South America,High School,N,N,2554,2005,Midwest,247393.01,Year,Y,Certified
EZYV11730,Asia,High School,Y,N,1880,2003,West,231138.15,Year,Y,Denied
EZYV22759,Asia,Master's,N,N,1291,1873,South,63813.69,Year,Y,Denied
EZYV7311,Asia,Master's,N,N,554,1999,Northeast,352.4315,Hour,Y,Certified
EZYV12978,Asia,Bachelor's,N,N,1524,1928,West,72723.49,Year,Y,Denied
EZYV11895,North America,Doctorate,N,N,851,1999,West,92686.73,Year,Y,Certified
EZYV14367,Europe,Doctorate,Y,N,847,1980,Northeast,114395.61,Year,Y,Certified
EZYV23010,Asia,High School,Y,N,2899,2001,Northeast,60131.09,Year,Y,Certified
EZYV21186,Asia,Bachelor's,N,N,411,2005,West,174689.15,Year,Y,Certified
EZYV15319,Asia,Bachelor's,N,N,737,2007,Northeast,137382.63,Year,Y,Denied
EZYV12561,North America,Bachelor's,N,N,570,1998,South,121331.65,Year,Y,Denied
EZYV23020,Asia,Bachelor's,Y,N,2157,1831,Northeast,10167.47,Year,Y,Certified
EZYV18178,Asia,Bachelor's,Y,N,2727,1988,South,50739.74,Year,Y,Certified
EZYV16190,North America,Master's,N,N,2333,2006,Northeast,126593.79,Year,Y,Denied
EZYV8486,Europe,Doctorate,N,N,5879,1960,West,153.98,Year,Y,Certified
EZYV17799,Africa,Master's,N,N,2189,1987,West,122590.93,Year,Y,Denied
EZYV19986,Europe,High School,N,N,3965,1971,West,108123.72,Year,Y,Certified
EZYV16228,Europe,High School,Y,N,41,1984,South,6723.92,Year,Y,Certified
EZYV13603,Asia,Bachelor's,Y,Y,41469,1949,Midwest,195135.52,Year,Y,Certified
EZYV15455,Oceania,Master's,Y,N,1207,2008,Northeast,127765.36,Year,Y,Certified
EZYV7108,North America,Doctorate,Y,N,3089,1979,Northeast,505.8025,Hour,Y,Certified
EZYV8612,Asia,Bachelor's,Y,N,2466,2001,South,69831.14,Year,Y,Denied
EZYV23734,Asia,Bachelor's,N,N,2182,1871,West,15368.62,Year,Y,Certified
EZYV12352,Asia,Master's,Y,N,11416,1997,South,51705.83,Year,Y,Certified
EZYV10135,Asia,Master's,Y,N,3737,2005,Midwest,90786.46,Year,Y,Certified
EZYV16884,North America,Bachelor's,Y,N,-26,1968,Northeast,168.1558,Hour,Y,Denied
EZYV21563,North America,Master's,Y,N,2800,1985,West,63381.64,Year,Y,Certified
EZYV13961,Europe,Bachelor's,Y,N,2225,1885,West,152120.29,Year,Y,Certified
EZYV14782,Asia,Master's,N,N,4094,1993,South,641.4029,Hour,Y,Denied
EZYV6288,North America,Master's,Y,N,16378,1954,West,80471.0,Year,Y,Certified
EZYV25148,South America,Bachelor's,N,N,869,2010,Northeast,85388.53,Year,Y,Denied
EZYV17317,Asia,Master's,Y,N,140,2004,South,191718.29,Year,Y,Certified
EZYV12828,Asia,Master's,N,N,973,1957,West,40061.46,Year,Y,Certified
EZYV2737,Asia,Bachelor's,N,Y,3845,1995,South,133631.87,Year,Y,Denied
EZYV18060,Asia,Doctorate,N,N,32,2012,South,163771.16,Year,Y,Denied
EZYV24502,North America,Doctorate,N,N,2517,1961,South,80705.19,Year,Y,Certified
EZYV24162,Europe,Bachelor's,Y,N,3754,2005,Northeast,66579.3,Year,Y,Certified
EZYV3532,Asia,High School,N,N,4222,1851,Midwest,123775.68,Year,Y,Denied
EZYV16927,Asia,Doctorate,Y,N,247,2001,Northeast,46345.94,Year,Y,Certified
EZYV15736,Asia,High School,N,N,4172,1988,South,97558.91,Year,N,Denied
EZYV12411,North America,Master's,Y,N,4340,1989,West,40652.86,Week,Y,Certified
EZYV17020,North America,Master's,N,N,2574,1888,South,81584.53,Year,Y,Denied
EZYV3231,Asia,Master's,Y,N,2426,1977,West,140821.26,Year,Y,Certified
EZYV6005,Asia,Bachelor's,N,N,1563,1972,Northeast,95142.87,Year,Y,Certified
EZYV19356,Asia,Bachelor's,N,N,5047,1911,Northeast,15336.26,Year,Y,Denied
EZYV22831,Europe,Bachelor's,Y,N,970,1986,Northeast,132341.25,Year,Y,Certified
EZYV11423,North America,High School,N,Y,1832,1855,Midwest,120253.81,Year,Y,Denied
EZYV6753,Europe,Doctorate,N,N,1552,1998,West,133746.96,Year,Y,Certified
EZYV2479,North America,Doctorate,Y,N,2721,1997,West,3563.65,Year,N,Certified
EZYV14316,Africa,Master's,Y,N,79266,1988,Northeast,79539.0,Year,Y,Certified
EZYV19334,Asia,Bachelor's,Y,N,3644,2007,South,23288.49,Year,Y,Certified
EZYV15970,Asia,Master's,Y,N,4630,1965,Northeast,139870.88,Year,Y,Certified
EZYV883,North America,Master's,N,N,4032,1953,Northeast,152856.79,Year,N,Denied
EZYV18901,North America,Bachelor's,N,Y,250,1986,Midwest,111421.04,Year,Y,Denied
EZYV16334,Asia,Master's,Y,N,4228,2010,Northeast,129559.22,Year,N,Denied
EZYV9936,Asia,Master's,Y,N,2988,1994,Northeast,12649.85,Year,Y,Certified
EZYV115,Asia,Doctorate,N,N,1048,1985,Midwest,83503.6,Year,Y,Certified
EZYV5517,North America,Bachelor's,N,N,1268,1999,West,31368.12,Year,Y,Denied
EZYV4832,Asia,Master's,N,N,229,2013,Island,179131.84,Year,Y,Certified
EZYV5279,South America,Bachelor's,N,Y,4292,1973,West,123148.09,Year,Y,Denied
EZYV15017,Europe,High School,Y,N,4349,1864,South,57833.24,Year,Y,Denied
EZYV21555,South America,Master's,N,Y,2274,1952,West,155489.31,Year,Y,Certified
EZYV20106,Asia,Bachelor's,Y,N,917,2002,West,20975.02,Year,Y,Denied
EZYV2421,Asia,Bachelor's,Y,N,700,1992,Midwest,926.2305,Hour,Y,Certified
EZYV12321,South America,Bachelor's,Y,Y,1720,2003,Northeast,6719.81,Year,Y,Certified
EZYV10537,Africa,Bachelor's,N,N,1551,2009,Northeast,75585.88,Year,Y,Certified
EZYV13189,Asia,High School,Y,N,4013,1982,Northeast,173.24,Hour,Y,Denied
EZYV25035,Asia,Bachelor's,Y,Y,152,1980,South,124428.23,Year,Y,Certified
EZYV7775,North America,Bachelor's,N,N,110269,2013,Northeast,42662.9,Year,Y,Certified
EZYV17257,Asia,Bachelor's,Y,N,2280,2001,South,119656.55,Year,Y,Certified
EZYV16573,Asia,Bachelor's,Y,Y,651,1984,South,74071.8,Year,Y,Certified
EZYV11340,Asia,Master's,N,N,37938,2013,West,27684.86,Year,Y,Certified
EZYV1301,Asia,Master's,N,N,711,1991,South,81410.3,Year,Y,Certified
EZYV22105,Asia,Bachelor's,N,N,2721,1988,West,72195.55,Year,Y,Certified
EZYV16799,Europe,Bachelor's,N,N,2574,2010,West,20967.77,Year,Y,Certified
EZYV20970,Europe,Bachelor's,Y,N,29736,2010,South,5238.4,Year,Y,Denied
EZYV4587,Asia,Doctorate,Y,N,3622,2007,Northeast,53138.63,Year,Y,Certified
EZYV2501,Asia,Master's,N,N,1552,2001,Northeast,46609.18,Year,Y,Denied
EZYV23830,Asia,Master's,Y,N,5863,2001,West,94926.47,Year,N,Denied
EZYV1714,Africa,Bachelor's,Y,N,2248,1994,Northeast,96832.44,Year,Y,Denied
EZYV23375,North America,Master's,Y,N,64,1985,Northeast,232029.62,Year,N,Denied
EZYV8697,Asia,Master's,N,N,295,2009,West,52774.58,Year,Y,Certified
EZYV24727,Europe,Bachelor's,Y,N,1876,1855,West,78471.91,Year,Y,Certified
EZYV22696,Asia,High School,Y,N,3562,1933,South,149454.39,Year,N,Denied
EZYV2954,Asia,High School,Y,N,2601,1919,West,94985.97,Year,Y,Denied
EZYV4815,Asia,Bachelor's,Y,N,25567,2009,South,64060.63,Year,Y,Certified
EZYV23629,Asia,Master's,Y,N,332,1971,South,166514.25,Year,Y,Certified
EZYV17293,Asia,Bachelor's,Y,N,3929,2009,West,110639.0,Year,Y,Certified
EZYV18935,Asia,Master's,N,Y,1508,1995,South,138093.56,Year,Y,Certified
EZYV6485,Asia,Bachelor's,Y,N,3481,1979,South,99957.16,Year,Y,Denied
EZYV23478,North America,High School,Y,N,3144,2013,Midwest,3026.34,Year,Y,Certified
EZYV16254,Europe,Bachelor's,Y,N,1822,1990,Northeast,63614.32,Year,Y,Certified
EZYV3304,Asia,High School,Y,N,4568,1992,Northeast,67072.82,Year,Y,Denied
EZYV23796,Asia,Bachelor's,Y,N,4486,1998,South,81375.83,Year,Y,Denied
EZYV4791,North America,High School,Y,N,139451,1984,Northeast,57482.45,Year,Y,Certified
EZYV15974,Asia,Bachelor's,N,Y,2264,1875,South,114276.74,Year,N,Denied
EZYV5839,Asia,Master's,Y,N,115953,2006,Northeast,69250.96,Year,Y,Certified
EZYV18679,South America,Bachelor's,Y,N,4469,1976,West,73543.08,Year,Y,Denied
EZYV15712,Asia,Bachelor's,N,N,186,2000,Northeast,72526.3,Year,Y,Denied
EZYV2900,South America,High School,Y,Y,1948,1869,West,103762.31,Year,Y,Certified
EZYV12611,Asia,Master's,Y,N,1697,2007,Northeast,82757.22,Year,Y,Certified
EZYV3803,Asia,Bachelor's,Y,N,61,1992,Midwest,83171.53,Year,Y,Certified
EZYV16037,Africa,Bachelor's,N,N,2359,1991,Northeast,769.5993,Hour,Y,Denied
EZYV21580,Europe,Bachelor's,Y,N,1724,2015,West,49003.05,Year,Y,Certified
EZYV16514,Asia,Bachelor's,N,N,744,1969,Northeast,87644.49,Year,Y,Certified
EZYV3954,Europe,Bachelor's,N,N,1271,1990,West,27761.34,Year,Y,Certified
EZYV15436,Asia,Master's,Y,N,3188,2002,South,12458.37,Year,Y,Certified
EZYV12008,North America,Doctorate,Y,Y,416,2013,South,139413.91,Year,Y,Certified
EZYV12702,Asia,Bachelor's,Y,Y,77261,1911,Northeast,33968.7,Year,Y,Certified
EZYV23364,Asia,Bachelor's,Y,N,3049,1993,West,60677.43,Year,Y,Denied
EZYV469,Europe,Doctorate,Y,N,772,2007,South,71977.54,Year,Y,Certified
EZYV17263,Asia,Bachelor's,Y,N,4451,1873,South,37378.63,Year,Y,Certified
EZYV5072,Asia,Bachelor's,Y,N,2931,1961,West,55951.55,Year,Y,Certified
EZYV13093,Asia,Bachelor's,Y,N,721,1980,South,158421.51,Year,N,Certified
EZYV17329,Asia,Bachelor's,N,N,2504,1964,West,230395.29,Year,Y,Certified
EZYV15156,Asia,Master's,N,N,1507,2010,West,8012.28,Year,Y,Certified
EZYV24560,Asia,Bachelor's,N,N,2921,2005,West,88176.62,Year,N,Denied
EZYV11442,Asia,Master's,Y,N,1297,2008,South,147447.95,Year,Y,Certified
EZYV3927,Asia,Bachelor's,Y,N,85162,1890,West,108680.94,Year,N,Certified
EZYV7561,Asia,High School,Y,Y,3865,1993,South,15453.27,Year,Y,Denied
EZYV12012,Asia,Bachelor's,N,N,1030,1984,South,392.8745,Hour,Y,Denied
EZYV5766,Oceania,Bachelor's,N,N,4029,1859,Midwest,132347.75,Year,Y,Certified
EZYV2722,Asia,Master's,N,N,796,1998,Midwest,94973.9,Year,Y,Denied
EZYV3696,North America,Doctorate,N,N,2442,1981,Midwest,123539.66,Year,Y,Denied
EZYV24495,Asia,Doctorate,Y,Y,976,1897,Midwest,29918.19,Year,Y,Certified
EZYV9445,Asia,Doctorate,N,Y,3720,1896,South,106988.22,Year,Y,Certified
EZYV673,Asia,Master's,N,N,111654,2012,Northeast,963.0685,Hour,Y,Denied
EZYV7522,North America,Master's,N,N,660,1975,Midwest,146104.93,Year,Y,Denied
EZYV22269,Asia,High School,Y,N,3020,2001,South,179317.92,Year,Y,Certified
EZYV10781,Asia,Master's,Y,N,3529,1986,West,20871.22,Year,Y,Certified
EZYV11170,Oceania,Master's,Y,N,3714,1968,Midwest,155754.11,Year,N,Denied
EZYV6858,Asia,Master's,Y,N,4065,1988,Northeast,3206.28,Year,Y,Certified
EZYV23469,Asia,Master's,Y,N,59776,1911,Midwest,168255.62,Year,Y,Certified
EZYV17265,Europe,Bachelor's,N,Y,2591,1994,Northeast,60653.68,Year,Y,Certified
EZYV20447,North America,Master's,N,N,481,2002,Northeast,124658.25,Year,Y,Denied
EZYV23115,South America,Bachelor's,Y,N,2563,1951,South,28229.14,Year,Y,Certified
EZYV19678,Asia,High School,Y,N,2707,1910,Midwest,32612.95,Year,Y,Denied
EZYV13648,Europe,Bachelor's,N,N,935,1986,Northeast,343.0688,Hour,Y,Denied
EZYV11625,Asia,Bachelor's,Y,N,5766,2010,West,427.14,Year,Y,Certified
EZYV5449,Asia,Bachelor's,N,N,396,2004,West,111717.28,Year,Y,Denied
EZYV24457,Europe,Bachelor's,N,N,1636,2010,South,19550.32,Year,Y,Certified
EZYV25015,North America,Master's,N,N,2935,1986,West,24554.76,Year,Y,Denied
EZYV11412,Europe,Master's,Y,N,5686,1989,Northeast,39734.5,Year,Y,Certified
EZYV23813,Asia,Master's,Y,N,5369,1855,West,39445.27,Year,Y,Certified
EZYV16716,Asia,Doctorate,Y,N,2233,2010,Midwest,87361.67,Year,Y,Certified
EZYV17137,Europe,Doctorate,N,N,499,1981,West,80115.48,Year,Y,Denied
EZYV22491,Asia,Master's,N,N,3000,2000,Northeast,166.8968,Hour,Y,Denied
EZYV25435,North America,Bachelor's,N,N,2347,1998,Northeast,891.2318,Hour,Y,Denied
EZYV17778,Europe,Bachelor's,Y,Y,740,1972,West,40647.39,Year,N,Certified
EZYV2141,Asia,Bachelor's,N,N,20124,2002,Northeast,56844.76,Year,Y,Denied
EZYV25348,Asia,Bachelor's,N,N,2203,1999,Midwest,132574.3,Year,N,Certified
EZYV7818,Asia,Master's,N,N,2786,1998,South,157633.94,Year,Y,Certified
EZYV6312,Asia,Doctorate,Y,N,5939,1999,Northeast,48041.54,Year,Y,Certified
EZYV22938,Asia,Master's,Y,N,2990,1987,West,135809.61,Year,N,Certified
EZYV9947,North America,Master's,Y,N,3455,2001,Northeast,199553.2,Year,N,Denied
EZYV19288,North America,Bachelor's,Y,Y,4651,1984,South,21650.68,Year,Y,Denied
EZYV24478,Asia,Master's,N,N,33013,2003,South,107511.67,Year,Y,Certified
EZYV22576,Europe,High School,N,Y,3983,2001,South,102133.71,Year,Y,Certified
EZYV19613,North America,Bachelor's,Y,N,1063,2007,Northeast,135092.83,Year,N,Certified
EZYV3549,North America,Master's,Y,N,3579,2001,South,10122.3,Year,Y,Certified
EZYV14120,Asia,Master's,N,Y,1310,1996,Northeast,150649.6,Year,Y,Denied
EZYV12961,Asia,Doctorate,N,N,2068,2010,South,109100.14,Year,N,Certified
EZYV21095,Europe,Bachelor's,N,N,830,2002,Midwest,61343.58,Year,Y,Certified
EZYV10429,Asia,Bachelor's,Y,N,1465,1996,South,176620.95,Year,Y,Certified
EZYV21707,Asia,Bachelor's,Y,N,3993,2009,West,25142.04,Year,Y,Certified
EZYV19694,North America,Master's,N,N,1541,1999,Northeast,724.7312,Hour,Y,Denied
EZYV12224,Asia,Master's,Y,Y,1414,1994,West,91544.85,Year,Y,Certified
EZYV15677,Asia,Master's,N,Y,2570,2003,South,51025.54,Year,Y,Certified
EZYV2912,North America,Master's,Y,N,2559,2007,Northeast,105257.67,Year,Y,Certified
EZYV16223,Asia,Bachelor's,Y,N,3592,1997,South,108587.07,Year,Y,Certified
EZYV13758,Asia,Master's,N,N,928,1946,Midwest,66232.62,Year,Y,Certified
EZYV19845,Europe,Bachelor's,Y,N,2732,1983,South,15123.82,Year,Y,Certified
EZYV22377,Europe,Master's,N,N,132782,1993,Northeast,83488.1,Year,Y,Certified
EZYV23048,Asia,Master's,Y,N,2462,1912,South,72270.97,Year,Y,Certified
EZYV18973,Oceania,High School,Y,N,3399,1998,Midwest,162579.62,Year,Y,Denied
EZYV9595,Europe,Bachelor's,N,N,6646,1985,West,15914.23,Year,Y,Certified
EZYV18768,Asia,Master's,Y,N,2605,1983,South,37754.74,Year,Y,Certified
EZYV5546,Africa,Bachelor's,N,N,2512,1968,Midwest,52.8519,Hour,Y,Denied
EZYV23705,Asia,Bachelor's,Y,N,1034,1993,West,12889.14,Year,Y,Denied
EZYV2632,Asia,Doctorate,N,N,3520,1889,Midwest,51596.56,Year,Y,Denied
EZYV2608,Asia,High School,N,N,3090,2005,Midwest,136631.9,Year,Y,Denied
EZYV4539,South America,Bachelor's,N,Y,975,1986,West,82467.19,Year,Y,Denied
EZYV54,Asia,High School,Y,N,2438,1976,Midwest,35018.04,Year,Y,Certified
EZYV7667,Asia,High School,N,N,2827,1993,Midwest,23290.84,Year,Y,Denied
EZYV9269,Asia,Bachelor's,Y,N,252,1997,Northeast,83428.96,Year,Y,Certified
EZYV6132,Asia,Master's,Y,N,1470,1947,Northeast,25191.79,Year,Y,Certified
EZYV21195,North America,Master's,Y,N,1097,1855,South,37986.57,Year,N,Denied
EZYV18439,Europe,Doctorate,Y,N,3345,2010,Midwest,875.88,Year,Y,Certified
EZYV8881,South America,Master's,Y,N,232,2001,South,92542.35,Year,Y,Certified
EZYV24164,Asia,Master's,N,N,1965,1998,West,99932.29,Year,Y,Certified
EZYV22957,Asia,Master's,Y,N,4501,1993,Northeast,126.5075,Hour,Y,Denied
EZYV18348,Asia,Bachelor's,N,Y,14083,1914,West,70048.73,Year,Y,Denied
EZYV19881,Asia,Bachelor's,Y,N,2121,1993,Midwest,106013.07,Year,Y,Certified
EZYV1873,North America,Master's,Y,N,1015,1938,West,50.4192,Hour,Y,Certified
EZYV19734,Asia,Master's,N,Y,4709,1996,Northeast,32938.85,Year,Y,Denied
EZYV22536,South America,Bachelor's,Y,N,18083,1976,South,25942.3,Year,Y,Certified
EZYV23715,Europe,Master's,Y,Y,434,1996,Midwest,74042.53,Year,Y,Denied
EZYV10556,Asia,Master's,Y,N,697,2007,Midwest,94154.53,Year,Y,Certified
EZYV20678,Asia,Bachelor's,Y,N,4496,1885,West,21547.89,Year,Y,Certified
EZYV700,Asia,Master's,Y,N,463,1907,Northeast,68182.63,Year,Y,Certified
EZYV10819,South America,Bachelor's,N,Y,187,2009,Northeast,80239.66,Year,Y,Denied
EZYV18548,Europe,High School,N,N,593,2002,West,44594.76,Year,Y,Certified
EZYV605,Asia,Master's,Y,N,1989,1995,West,94398.97,Year,Y,Certified
EZYV6433,Asia,Bachelor's,N,N,4029,1911,West,61954.09,Year,Y,Certified
EZYV22662,Europe,Bachelor's,N,N,3552,1996,West,65306.87,Year,Y,Certified
EZYV7267,Asia,Bachelor's,Y,N,2176,2006,South,70343.71,Year,Y,Denied
EZYV19321,Asia,Bachelor's,N,N,665,1999,West,298.4886,Hour,Y,Certified
EZYV7174,Asia,Master's,Y,N,4192,1946,West,54955.72,Year,Y,Certified
EZYV7738,South America,Master's,Y,N,4430,1932,Northeast,129533.41,Week,Y,Denied
EZYV8974,Asia,Bachelor's,N,N,1465,2001,West,55328.88,Year,Y,Certified
EZYV13935,South America,Master's,Y,N,2733,1998,West,4165.52,Year,Y,Certified
EZYV12475,Asia,Bachelor's,Y,N,3928,2007,West,53751.99,Year,Y,Certified
EZYV21037,Asia,Master's,Y,N,3325,1993,Island,46557.41,Week,Y,Denied
EZYV7301,Asia,Bachelor's,Y,N,62408,2005,South,99542.21,Year,Y,Denied
EZYV16101,Asia,Bachelor's,Y,N,3232,1997,Northeast,2314.0,Year,Y,Certified
EZYV17498,Asia,Master's,N,Y,212,1908,South,57836.71,Year,Y,Certified
EZYV5511,Asia,Bachelor's,N,Y,1073,2005,South,144436.92,Year,Y,Denied
EZYV14003,Asia,Bachelor's,Y,N,3169,2005,Midwest,93359.88,Year,Y,Certified
EZYV9769,Asia,Bachelor's,Y,N,3676,2004,Northeast,97816.29,Year,Y,Certified
EZYV21367,Asia,High School,Y,N,3535,2004,West,149189.06,Year,Y,Certified
EZYV1727,Asia,High School,N,N,3519,2006,South,217043.29,Year,N,Certified
EZYV3951,Asia,Bachelor's,Y,N,4312,2005,South,61966.91,Year,Y,Denied
EZYV19369,Asia,Master's,N,N,165502,1925,Northeast,63670.06,Year,Y,Certified
EZYV13675,Asia,Bachelor's,Y,N,5309,2008,South,49463.32,Year,Y,Certified
EZYV7843,Asia,Bachelor's,Y,N,2322,2012,South,37141.15,Year,Y,Certified
EZYV8462,Europe,Master's,Y,N,109850,1838,Northeast,30999.32,Year,Y,Certified
EZYV24310,South America,Bachelor's,Y,Y,1033,2011,South,100927.72,Year,Y,Certified
EZYV21778,North America,Bachelor's,Y,N,2416,2000,Island,103930.39,Year,Y,Certified
EZYV15178,Europe,Doctorate,Y,N,1758,1884,West,104140.23,Year,Y,Certified
EZYV17520,Asia,Master's,Y,N,2326,2005,Midwest,43662.44,Year,Y,Certified
EZYV16669,Asia,Master's,N,N,3393,1997,West,87961.08,Year,N,Denied
EZYV14024,North America,Master's,Y,N,414,1987,Northeast,29623.54,Year,Y,Certified
EZYV11304,Asia,Master's,N,N,3365,1995,Northeast,89880.37,Year,N,Denied
EZYV20081,Asia,Bachelor's,Y,N,964,1974,Northeast,85903.19,Year,Y,Denied
EZYV7356,Asia,Bachelor's,Y,N,5467,2003,West,34601.88,Year,Y,Certified
EZYV21831,Asia,Doctorate,Y,N,2707,1962,Northeast,117726.0,Year,Y,Denied
EZYV5627,North America,Bachelor's,Y,N,453,2007,Northeast,294.882,Hour,Y,Denied
EZYV11345,Asia,Master's,N,N,2116,2005,South,60862.94,Year,Y,Certified
EZYV21121,Asia,Bachelor's,N,N,2580,2013,West,95254.9,Year,Y,Certified
EZYV23194,North America,Master's,Y,N,2287,1991,South,139703.67,Year,N,Certified
EZYV2602,South America,Master's,N,N,938,2005,South,135691.49,Year,Y,Denied
EZYV8848,Asia,Master's,Y,N,42,2008,South,111965.77,Year,Y,Certified
EZYV10778,Oceania,Bachelor's,N,N,1031,2012,South,539.8384,Hour,Y,Denied
EZYV15948,Asia,Bachelor's,N,N,32162,1982,Northeast,641.4508,Hour,Y,Denied
EZYV15849,Asia,Bachelor's,Y,Y,863,1999,South,128950.94,Year,Y,Certified
EZYV14580,Asia,Master's,Y,N,1979,2003,Midwest,183146.72,Year,Y,Certified
EZYV11827,Asia,High School,N,N,1274,1994,Northeast,52350.99,Year,Y,Denied
EZYV19523,Asia,Master's,N,Y,2830,2005,South,76024.35,Year,Y,Denied
EZYV22032,Asia,Bachelor's,N,N,3387,1998,South,69717.57,Year,N,Certified
EZYV21101,Europe,Doctorate,N,N,3752,2013,West,104.17,Year,Y,Certified
EZYV14404,Asia,Bachelor's,Y,N,2746,1999,Northeast,77072.04,Year,Y,Certified
EZYV9252,North America,Master's,N,N,3136,1981,Midwest,58191.8,Year,Y,Certified
EZYV17981,Asia,Bachelor's,N,N,2632,1885,Northeast,60056.92,Year,Y,Denied
EZYV14524,Europe,High School,Y,N,5022,1995,South,15710.53,Year,Y,Denied
EZYV25362,Asia,High School,N,N,2559,2010,Midwest,107717.62,Year,Y,Certified
EZYV9510,Asia,High School,Y,N,5618,2009,West,56980.9,Year,Y,Denied
EZYV3899,Asia,Bachelor's,Y,N,3934,1992,South,105976.06,Year,Y,Certified
EZYV3809,Asia,Master's,Y,N,1619,2008,South,4065.74,Year,Y,Certified
EZYV1641,Africa,Bachelor's,Y,Y,7833,2001,Midwest,106043.78,Year,Y,Certified
EZYV6270,North America,Bachelor's,N,N,28871,2000,South,195998.12,Year,Y,Denied
EZYV8539,North America,Master's,N,N,342,1998,Northeast,112491.36,Year,Y,Denied
EZYV9825,Asia,Doctorate,N,N,2529,2012,West,13531.19,Year,Y,Certified
EZYV540,Europe,Bachelor's,Y,Y,1187,1968,West,104068.77,Year,Y,Certified
EZYV493,Asia,Master's,N,N,1106,2000,West,521.0385,Hour,Y,Denied
EZYV21552,North America,Master's,Y,N,2430,2007,Midwest,88262.44,Year,N,Denied
EZYV4879,Europe,Master's,N,N,46,1968,West,28928.77,Year,Y,Certified
EZYV2472,Asia,Bachelor's,Y,N,6369,1972,South,5299.54,Year,Y,Certified
EZYV8291,Europe,Doctorate,Y,N,4074,1973,Northeast,74259.66,Year,Y,Certified
EZYV8127,Asia,Bachelor's,Y,Y,11007,1975,South,11842.3,Year,Y,Certified
EZYV17864,North America,Doctorate,N,N,468,1955,West,51730.55,Year,Y,Certified
EZYV1032,Asia,Master's,Y,Y,247,1993,West,38406.29,Year,Y,Certified
EZYV15574,North America,Master's,N,N,962,2010,Midwest,107689.56,Year,Y,Certified
EZYV20990,Europe,Bachelor's,Y,Y,2982,1997,South,86714.73,Year,Y,Denied
EZYV4603,Asia,Bachelor's,N,N,5805,1967,West,236316.36,Year,Y,Denied
EZYV7091,Asia,Master's,Y,N,928,2008,Midwest,112107.8,Year,Y,Certified
EZYV12987,North America,Master's,N,N,2626,1911,South,108736.26,Year,N,Certified
EZYV14048,Europe,Master's,Y,N,154373,1995,Midwest,11948.18,Year,Y,Certified
EZYV24600,Europe,Master's,N,N,2810,2007,Northeast,67732.08,Year,N,Certified
EZYV6975,Asia,Bachelor's,N,N,2319,2010,West,44321.76,Year,N,Denied
EZYV18483,Asia,Bachelor's,Y,N,4627,2001,South,16184.46,Year,Y,Denied
EZYV15517,Asia,Bachelor's,Y,N,5271,1964,Northeast,37804.72,Year,Y,Certified
EZYV13674,Asia,Bachelor's,N,N,3613,2008,Midwest,93171.62,Year,Y,Certified
EZYV11527,Asia,Master's,Y,N,3536,1989,Northeast,1088.02,Year,Y,Certified
EZYV14818,Asia,Master's,N,N,1042,2010,South,130623.82,Year,N,Certified
EZYV19745,Oceania,Bachelor's,N,Y,1781,2007,Midwest,33819.63,Year,Y,Certified
EZYV15538,Asia,Master's,Y,N,9891,1981,South,77845.3,Year,N,Certified
EZYV18,Asia,Master's,Y,N,2747,2001,West,16132.61,Year,Y,Certified
EZYV8584,Asia,Master's,Y,N,2020,1999,South,119.79,Hour,Y,Certified
EZYV13372,Europe,Bachelor's,Y,N,3216,2004,Northeast,33594.65,Year,Y,Certified
EZYV5649,Asia,High School,N,N,1884,1994,West,151611.86,Year,Y,Denied
EZYV19724,Europe,Doctorate,Y,Y,2815,1999,West,65498.78,Year,Y,Certified
EZYV16297,Asia,High School,Y,N,986,2005,West,30478.01,Year,Y,Certified
EZYV17155,Europe,Bachelor's,N,N,16646,2003,Northeast,78754.27,Year,Y,Certified
EZYV82,Asia,Master's,Y,N,4036,2001,South,113882.38,Year,Y,Certified
EZYV835,Asia,Bachelor's,N,N,2316,2001,Northeast,27828.08,Year,Y,Denied
EZYV1817,North America,Bachelor's,N,N,4478,1982,Northeast,38225.16,Year,Y,Denied
EZYV13398,South America,Master's,N,N,2507,1981,South,113381.58,Year,Y,Certified
EZYV732,Asia,High School,N,N,28279,1968,West,91822.75,Year,N,Denied
EZYV21823,North America,Doctorate,Y,Y,3860,2003,South,98472.25,Year,Y,Certified
EZYV13905,North America,High School,N,N,1825,2011,Northeast,103213.81,Year,Y,Denied
EZYV19725,Asia,Bachelor's,N,N,2953,2003,Northeast,83494.59,Year,Y,Certified
EZYV12676,Asia,Master's,Y,N,666,1995,South,81445.08,Year,N,Certified
EZYV23534,Asia,High School,Y,N,760,1994,Midwest,95911.56,Year,Y,Certified
EZYV12985,North America,Master's,Y,N,13917,2007,West,70087.12,Year,Y,Certified
EZYV7865,Asia,Bachelor's,N,N,71,2000,Midwest,63243.06,Year,Y,Certified
EZYV15367,North America,Bachelor's,Y,N,1625,1982,Northeast,127.3734,Hour,Y,Denied
EZYV24405,Asia,High School,N,Y,922,1989,West,88755.6,Year,Y,Denied
EZYV23052,Asia,Bachelor's,Y,N,4537,2001,West,29147.93,Year,Y,Denied
EZYV17687,North America,Bachelor's,Y,N,4479,1897,South,81084.06,Year,Y,Certified
EZYV18504,Asia,Bachelor's,Y,N,381,2001,West,76410.93,Year,Y,Certified
EZYV21879,Asia,Master's,Y,N,3273,1920,Northeast,122262.21,Year,Y,Certified
EZYV5252,Asia,Master's,Y,N,1074,2010,Northeast,75562.58,Year,N,Certified
EZYV1219,North America,Master's,N,N,3106,1975,West,87773.64,Year,N,Denied
EZYV18947,Asia,Bachelor's,Y,N,1513,1962,South,68912.54,Year,Y,Certified
EZYV18875,Asia,Bachelor's,N,N,3953,1990,Northeast,24399.77,Year,Y,Certified
EZYV23694,South America,Bachelor's,Y,N,1664,1983,Northeast,5334.93,Year,Y,Certified
EZYV2008,Asia,Bachelor's,Y,N,3245,2007,West,13393.28,Year,Y,Certified
EZYV5418,Asia,Bachelor's,N,N,4256,2004,West,87176.58,Year,Y,Certified
EZYV5271,Europe,Bachelor's,Y,N,964,2000,South,61788.85,Year,Y,Certified
EZYV6673,Asia,High School,Y,N,2026,2013,Midwest,132480.35,Year,Y,Denied
EZYV13294,Europe,Doctorate,N,N,3571,1993,Northeast,70330.13,Year,Y,Certified
EZYV2932,Asia,Doctorate,N,N,3198,1982,South,591.7602,Hour,Y,Denied
EZYV25074,Asia,Master's,Y,N,26906,2004,West,212882.1,Year,N,Certified
EZYV8444,Asia,Bachelor's,Y,N,110713,1893,Midwest,154588.93,Year,N,Certified
EZYV6831,North America,Master's,Y,N,781,2012,West,102403.56,Year,Y,Denied
EZYV438,Asia,Master's,N,N,3537,1998,West,72239.48,Year,Y,Denied
EZYV4990,North America,Master's,Y,N,5557,1968,Northeast,15981.44,Year,Y,Certified
EZYV21356,Asia,Bachelor's,Y,Y,1704,2001,South,26577.74,Year,Y,Certified
EZYV14166,South America,Master's,Y,N,2000,1994,South,772.7031,Hour,Y,Denied
EZYV23137,Asia,Master's,N,N,2792,1928,West,65715.59,Year,Y,Certified
EZYV11598,Asia,Doctorate,Y,Y,2495,1997,South,218318.76,Year,Y,Certified
EZYV21811,Asia,Bachelor's,Y,N,3896,1979,Northeast,32578.15,Year,Y,Certified
EZYV24181,North America,Bachelor's,N,Y,3791,2001,Northeast,101718.16,Year,Y,Certified
EZYV20323,Asia,Bachelor's,N,N,2750,1995,Midwest,128748.38,Year,Y,Certified
EZYV23805,Asia,Bachelor's,N,N,859,2005,Island,107.43,Hour,Y,Certified
EZYV4473,Asia,Master's,Y,N,2087,2008,South,116073.68,Year,Y,Certified
EZYV19871,Asia,Master's,N,Y,3634,1997,Island,15825.93,Year,Y,Certified
EZYV21307,Asia,Bachelor's,Y,N,1815,1977,Northeast,85808.76,Year,Y,Certified
EZYV1256,North America,Master's,Y,N,1904,1911,South,5805.5,Year,Y,Certified
EZYV7263,Asia,High School,N,N,1168,2001,West,32125.12,Year,Y,Denied
EZYV25029,Asia,High School,Y,N,2168,1977,Midwest,126506.11,Year,Y,Certified
EZYV17944,Asia,Bachelor's,Y,N,1095,2002,Northeast,10975.62,Year,Y,Certified
EZYV24297,Asia,Bachelor's,Y,N,1004,1997,South,42907.31,Year,Y,Certified
EZYV7941,North America,Bachelor's,N,N,1214,2011,Midwest,38808.64,Year,Y,Certified
EZYV3310,Asia,Master's,N,N,3178,1993,West,139990.02,Year,Y,Denied
EZYV18251,Asia,Master's,N,N,2663,1907,South,326.0929,Hour,Y,Denied
EZYV16570,Asia,Master's,Y,N,5236,1978,Northeast,4427.97,Year,Y,Denied
EZYV18932,Asia,Bachelor's,Y,N,2364,1988,South,122899.51,Year,Y,Certified
EZYV22479,Europe,High School,Y,N,1159,2009,West,58102.96,Year,Y,Certified
EZYV20254,Asia,Master's,Y,N,759,1949,Northeast,76789.69,Year,Y,Certified
EZYV16705,Asia,Master's,Y,N,579,2012,Island,184217.83,Year,Y,Denied
EZYV20329,Europe,Doctorate,Y,N,1688,2004,West,159301.53,Year,Y,Certified
EZYV21688,Asia,High School,Y,N,666,1939,Midwest,116712.38,Year,Y,Certified
EZYV20601,Europe,Master's,Y,N,4451,1997,Midwest,60590.79,Year,Y,Certified
EZYV5216,North America,High School,Y,N,46,2011,South,111971.7,Year,Y,Certified
EZYV19006,Asia,Bachelor's,Y,N,2316,2010,South,114369.66,Year,Y,Certified
EZYV23870,Asia,Master's,N,N,1341,1997,South,128985.38,Year,Y,Denied
EZYV22029,Africa,High School,N,Y,3592,1870,South,19915.5,Year,Y,Certified
EZYV5311,Asia,Master's,N,N,4243,1852,Northeast,777.8201,Hour,Y,Certified
EZYV23620,Asia,Master's,N,Y,3414,2000,Northeast,65576.45,Year,Y,Denied
EZYV25006,Asia,Master's,Y,N,2533,2007,West,42631.71,Year,Y,Denied
EZYV17820,Asia,Bachelor's,Y,N,78,1886,West,59139.55,Year,Y,Certified
EZYV19731,Asia,Master's,N,N,3946,2008,South,98935.96,Year,Y,Denied
EZYV18114,Asia,High School,N,N,751,2005,Island,132837.86,Year,Y,Denied
EZYV4630,Asia,Master's,Y,N,1544,1997,Northeast,28935.69,Year,N,Certified
EZYV12151,Europe,Bachelor's,N,Y,430,2008,West,172943.0,Year,Y,Certified
EZYV15663,Asia,High School,Y,N,1936,1948,West,76140.02,Year,Y,Denied
EZYV17602,North America,Master's,Y,N,1206,1879,Northeast,121469.58,Year,N,Certified
EZYV25287,Europe,Doctorate,Y,N,2705,1986,South,3795.05,Year,Y,Certified
EZYV18341,Europe,Bachelor's,Y,Y,2065,1996,West,10737.05,Year,Y,Certified
EZYV20973,North America,Master's,Y,N,3757,2001,Island,89035.17,Year,N,Denied
EZYV24122,Asia,High School,N,N,100,2005,South,61391.17,Year,Y,Denied
EZYV16031,Europe,Master's,Y,N,3867,2010,South,59062.81,Year,Y,Certified
EZYV7987,Asia,Master's,Y,N,5428,1998,Midwest,108959.66,Year,Y,Certified
EZYV7337,North America,Master's,Y,N,1658,1977,West,53884.03,Year,Y,Certified
EZYV10947,Oceania,Bachelor's,N,N,3215,1986,West,45294.27,Year,Y,Certified
EZYV20814,Asia,Bachelor's,N,N,2983,1998,Midwest,62141.03,Year,Y,Certified
EZYV21752,Asia,Bachelor's,N,N,686,1999,Midwest,94954.61,Year,Y,Denied
EZYV12641,South America,High School,Y,N,1899,1952,Northeast,111791.76,Year,Y,Denied
EZYV13601,Asia,Bachelor's,N,N,1934,1999,West,102.11,Hour,Y,Denied
EZYV379,Asia,Bachelor's,N,Y,-11,2011,Northeast,32506.14,Year,Y,Denied
EZYV13458,North America,Master's,Y,N,532,1939,West,124604.5,Year,N,Denied
EZYV21437,Asia,Master's,Y,N,3098,1978,Northeast,32233.42,Year,Y,Denied
EZYV3280,Asia,High School,N,N,334,2000,Midwest,68337.5,Year,Y,Denied
EZYV17586,Asia,Bachelor's,Y,N,452,2004,South,86668.71,Year,Y,Certified
EZYV14592,South America,Master's,Y,N,1320,1899,West,99290.77,Year,Y,Denied
EZYV320,North America,Doctorate,Y,Y,1615,1991,South,112655.02,Year,Y,Certified
EZYV24078,Europe,Doctorate,N,Y,574,2005,South,54989.01,Year,Y,Certified
EZYV21261,Asia,Bachelor's,N,N,922,1978,South,30797.67,Year,Y,Certified
EZYV24398,Asia,Master's,Y,N,1608,1993,West,114088.58,Year,Y,Certified
EZYV8260,Asia,Master's,Y,N,4859,1994,West,143840.0,Year,Y,Certified
EZYV9857,Asia,Master's,N,Y,795,1902,West,60243.93,Year,Y,Certified
EZYV15600,Asia,Bachelor's,N,N,341,2006,Northeast,152132.98,Year,Y,Certified
EZYV16599,Asia,Bachelor's,N,N,639,2007,South,83111.64,Year,Y,Certified
EZYV19719,Asia,High School,Y,N,126,2000,Northeast,85438.85,Year,Y,Denied
EZYV1935,Asia,Master's,Y,N,650,2008,Northeast,410.1235,Hour,Y,Certified
EZYV17044,Asia,Master's,Y,N,938,1999,South,6882.0,Year,Y,Certified
EZYV25026,Asia,Master's,Y,N,380,2007,South,182.5918,Hour,Y,Certified
EZYV571,Asia,Bachelor's,Y,N,1268,2001,South,7439.91,Year,Y,Certified
EZYV9810,Europe,Bachelor's,Y,N,91,2012,Northeast,22228.36,Year,Y,Certified
EZYV22534,Europe,Master's,N,Y,1217,1897,West,39521.79,Year,Y,Certified
EZYV18061,Asia,Master's,N,N,982,1864,West,92358.02,Year,Y,Certified
EZYV23837,Asia,Bachelor's,N,N,2099,1931,Northeast,83255.98,Year,Y,Denied
EZYV17599,Asia,Bachelor's,Y,N,2678,1961,West,139671.17,Year,Y,Denied
EZYV23205,Asia,Master's,N,N,5345,2004,West,127380.63,Year,Y,Certified
EZYV16749,Africa,Bachelor's,Y,N,2348,1926,West,101717.66,Year,Y,Denied
EZYV3795,Asia,Master's,N,Y,3570,1982,Northeast,139315.01,Year,Y,Denied
EZYV1734,Asia,Master's,Y,N,2701,1946,South,80461.55,Year,Y,Certified
EZYV23212,Asia,Bachelor's,N,N,802,1998,Midwest,138514.52,Year,Y,Certified
EZYV18542,Europe,High School,Y,N,2365,1897,Northeast,33622.03,Year,Y,Certified
EZYV9009,Asia,Bachelor's,Y,N,1467,1956,West,228937.44,Year,Y,Certified
EZYV10566,North America,Master's,Y,N,2389,1980,South,39287.11,Year,Y,Certified
EZYV24040,Asia,High School,N,N,1396,1972,Northeast,29303.24,Year,Y,Denied
EZYV23129,Asia,Bachelor's,N,N,889,1998,Northeast,112573.24,Year,Y,Denied
EZYV348,Asia,Bachelor's,N,N,2384,2007,West,96146.09,Year,N,Denied
EZYV1363,North America,Bachelor's,Y,N,4931,1963,Midwest,22497.09,Year,Y,Certified
EZYV22409,Asia,Master's,Y,N,136,1867,Northeast,203056.19,Year,N,Certified
EZYV11125,North America,Master's,Y,N,3115,1999,South,306206.67,Year,N,Denied
EZYV9943,Asia,High School,Y,N,821,1922,South,152792.17,Year,Y,Denied
EZYV4637,Asia,Bachelor's,Y,N,1563,1936,South,83812.19,Year,Y,Certified
EZYV15234,Asia,Bachelor's,Y,N,516,1997,South,431.4548,Hour,Y,Denied
EZYV10776,Africa,Doctorate,N,N,94603,1998,Northeast,93086.78,Year,Y,Certified
EZYV14067,Asia,Bachelor's,N,N,1953,1987,Northeast,107911.45,Year,Y,Denied
EZYV5160,Asia,Doctorate,Y,Y,847,1915,Northeast,91258.5,Year,Y,Certified
EZYV7683,North America,Master's,Y,N,3703,1997,South,89737.44,Year,Y,Certified
EZYV14601,Europe,Bachelor's,Y,N,589,1972,West,18202.35,Year,Y,Certified
EZYV966,Asia,Master's,N,N,898,2002,Midwest,122187.35,Year,Y,Certified
EZYV9415,Asia,Bachelor's,N,Y,1892,1977,South,55257.68,Year,Y,Certified
EZYV3432,Asia,Master's,N,N,1060,2013,West,113238.49,Year,Y,Denied
EZYV10790,Asia,Bachelor's,Y,N,4495,1962,South,149141.18,Year,Y,Denied
EZYV24304,Asia,Bachelor's,Y,N,506,1946,West,75115.0,Year,Y,Certified
EZYV11794,Asia,Bachelor's,N,N,1980,2007,Midwest,50394.41,Year,Y,Certified
EZYV22746,Asia,Bachelor's,Y,N,210,1895,Northeast,22930.72,Year,Y,Denied
EZYV19085,Asia,Master's,Y,N,1147,1846,Northeast,197111.34,Year,Y,Certified
EZYV16085,North America,Bachelor's,N,N,334,2008,Midwest,106463.01,Year,Y,Certified
EZYV14322,Asia,Bachelor's,N,N,1537,1900,Midwest,1382.71,Year,Y,Denied
EZYV13077,Asia,Master's,N,N,519,2007,South,123374.86,Year,N,Certified
EZYV2874,Europe,High School,N,N,983,1990,South,93249.45,Year,Y,Denied
EZYV15638,North America,Master's,N,N,1137,2013,Midwest,65697.01,Month,Y,Denied
EZYV22111,Europe,Master's,N,N,4334,1996,Northeast,707.813,Hour,Y,Certified
EZYV2096,Asia,Bachelor's,Y,N,1564,1990,Northeast,208.5263,Hour,Y,Certified
EZYV11086,Asia,Master's,Y,N,1048,1987,Northeast,20197.99,Year,Y,Certified
EZYV15183,Asia,Bachelor's,Y,N,1436,2005,Northeast,46541.22,Year,Y,Certified
EZYV7944,Asia,Bachelor's,N,N,986,2000,Midwest,128.6745,Hour,Y,Denied
EZYV9603,Europe,Bachelor's,Y,N,2433,1911,West,102824.69,Year,Y,Certified
EZYV8059,Asia,Bachelor's,N,N,707,1985,Northeast,240467.47,Year,N,Denied
EZYV7246,Asia,Bachelor's,Y,Y,1751,1999,Midwest,72615.17,Year,Y,Denied
EZYV14354,Asia,Bachelor's,Y,N,1508,1889,West,75408.95,Year,Y,Certified
EZYV3363,North America,Doctorate,N,N,30923,2005,Midwest,476.24,Year,Y,Denied
EZYV3693,Asia,Bachelor's,N,Y,692,2007,Northeast,27785.74,Year,Y,Denied
EZYV10614,Asia,Master's,Y,N,1167,2005,Midwest,84208.57,Year,Y,Certified
EZYV8707,Asia,Master's,Y,N,1102,1999,West,244758.73,Year,Y,Certified
EZYV19012,North America,Bachelor's,N,N,4100,2009,Island,81287.65,Year,Y,Certified
EZYV7258,Asia,Bachelor's,N,N,2425,2010,Northeast,118126.08,Year,Y,Certified
EZYV22232,Europe,Bachelor's,Y,Y,1738,1971,West,47545.61,Year,Y,Denied
EZYV4582,Asia,Master's,Y,N,288,1999,South,40246.23,Year,Y,Certified
EZYV17627,North America,Bachelor's,Y,N,1400,2005,West,737.2313,Hour,Y,Denied
EZYV20131,Asia,Master's,Y,N,2211,1925,Midwest,83441.8,Year,Y,Certified
EZYV11606,Asia,Master's,N,N,2372,1896,Northeast,112548.94,Year,N,Certified
EZYV19602,Asia,Bachelor's,N,Y,4802,1977,West,55035.51,Year,Y,Certified
EZYV12549,Asia,Master's,N,N,1273,1947,Northeast,56480.3,Year,Y,Certified
EZYV4315,North America,Master's,N,N,3351,1990,West,567.7643,Hour,Y,Denied
EZYV6200,Asia,Master's,N,N,1370,2001,South,89918.47,Week,Y,Certified
EZYV22782,Asia,Master's,N,N,4222,2009,Northeast,128158.37,Year,Y,Denied
EZYV223,Europe,Doctorate,N,N,2468,1991,West,195404.0,Year,Y,Certified
EZYV22124,Europe,Master's,N,N,962,1855,Midwest,76679.28,Year,Y,Certified
EZYV23290,Asia,Bachelor's,Y,N,2145,1980,Midwest,43677.82,Year,Y,Denied
EZYV24396,Asia,Bachelor's,Y,N,11099,1981,Island,188295.32,Year,Y,Denied
EZYV5015,Asia,High School,Y,N,983,1991,Midwest,78811.73,Year,Y,Denied
EZYV1028,Asia,Master's,Y,Y,770,1997,West,150091.79,Year,Y,Certified
EZYV19749,Asia,High School,N,N,3569,2013,Midwest,130753.83,Year,N,Denied
EZYV18899,Asia,Bachelor's,Y,N,62,1992,Midwest,181163.49,Year,Y,Certified
EZYV23488,Europe,Doctorate,N,Y,15050,1969,Northeast,78308.2,Year,Y,Denied
EZYV11279,Asia,Master's,N,N,2453,1997,South,88831.1,Year,Y,Denied
EZYV20662,Asia,Master's,N,N,4100,1897,Midwest,455.8524,Hour,Y,Denied
EZYV9631,Asia,Master's,Y,N,456,1979,Northeast,36030.0,Year,Y,Certified
EZYV25055,Asia,Bachelor's,Y,N,3297,1998,Midwest,144870.37,Year,N,Denied
EZYV14568,Asia,Doctorate,Y,N,1204,1998,Northeast,399.1941,Hour,Y,Certified
EZYV5281,Africa,Master's,Y,N,4021,2008,West,27900.97,Year,Y,Certified
EZYV7485,Asia,Bachelor's,N,N,106968,1995,Midwest,108522.28,Year,Y,Denied
EZYV11949,Asia,Bachelor's,Y,N,156,2005,Island,12153.83,Year,Y,Denied
EZYV6623,South America,Master's,Y,N,2306,2007,West,40025.55,Year,Y,Denied
EZYV12289,Asia,Master's,Y,N,617,1946,West,18747.55,Year,Y,Certified
EZYV4132,Europe,Master's,Y,N,170,2009,Northeast,93356.03,Year,Y,Certified
EZYV11367,Europe,High School,N,N,2863,1981,West,16202.09,Year,Y,Denied
EZYV8460,Asia,Master's,Y,N,5960,1984,West,58308.39,Year,Y,Certified
EZYV16524,Asia,Bachelor's,Y,N,604,1880,Midwest,216188.09,Year,Y,Certified
EZYV16509,Asia,Bachelor's,Y,N,3175,1999,South,89407.87,Year,Y,Denied
EZYV24245,Europe,Doctorate,Y,N,1869,1946,Northeast,72280.91,Year,Y,Certified
EZYV21068,Asia,Master's,Y,N,1999,1998,Northeast,13485.12,Year,Y,Certified
EZYV21701,Europe,Doctorate,Y,N,4591,1994,Northeast,4865.42,Year,Y,Certified
EZYV18575,Asia,Master's,N,N,2425,2002,West,71001.4,Year,Y,Certified
EZYV14733,Asia,Bachelor's,Y,N,2522,1993,Northeast,38219.26,Year,Y,Denied
EZYV11524,Asia,High School,Y,Y,2171,1950,Northeast,125325.51,Year,Y,Denied
EZYV12063,Europe,Master's,Y,Y,1897,1838,Northeast,107441.04,Year,Y,Certified
EZYV7191,Asia,Bachelor's,N,Y,3074,2013,South,63326.99,Year,Y,Certified
EZYV7110,Asia,Doctorate,N,N,647,1953,West,121.11,Hour,Y,Certified
EZYV4742,Asia,Bachelor's,Y,N,561,1993,West,154669.59,Year,N,Certified
EZYV1665,Asia,Bachelor's,Y,N,1368,1968,Midwest,56448.74,Year,Y,Certified
EZYV454,Asia,Bachelor's,Y,N,3277,1980,Midwest,124439.76,Year,Y,Certified
EZYV16967,Asia,High School,Y,N,5903,1974,Northeast,58981.22,Year,Y,Certified
EZYV16586,Asia,Bachelor's,Y,N,48681,1855,South,77605.05,Year,Y,Certified
EZYV3667,Asia,Master's,N,N,1603,1999,Midwest,73834.3,Year,Y,Denied
EZYV15195,Asia,Bachelor's,N,Y,1403,2006,South,122769.34,Year,Y,Certified
EZYV3316,Asia,Master's,N,N,91,2003,South,24605.99,Year,Y,Denied
EZYV12003,Europe,Doctorate,Y,N,3020,1998,South,88706.94,Year,Y,Certified
EZYV23810,Europe,Bachelor's,Y,N,2458,1969,West,91075.42,Year,Y,Certified
EZYV5728,Asia,Master's,Y,N,5624,1996,Northeast,73889.0,Year,Y,Certified
EZYV23064,Asia,Master's,N,N,2863,1999,West,104.11,Hour,Y,Denied
EZYV7793,Asia,Master's,Y,N,435,1981,Northeast,247935.5,Year,N,Certified
EZYV15227,Asia,Bachelor's,Y,N,1879,1991,South,38545.56,Year,Y,Denied
EZYV9561,Asia,High School,N,N,1349,2002,South,51809.06,Year,Y,Denied
EZYV15096,Asia,Bachelor's,Y,N,46359,2013,Island,101283.16,Year,N,Certified
EZYV8611,Asia,Bachelor's,Y,N,4128,1968,Midwest,78268.27,Year,Y,Certified
EZYV15589,Asia,Bachelor's,Y,N,3791,1985,South,19411.33,Year,Y,Denied
EZYV7038,Africa,Master's,Y,N,1962,2010,Northeast,57331.36,Year,Y,Certified
EZYV11189,Asia,Bachelor's,Y,N,1295,1998,Northeast,31706.19,Year,Y,Denied
EZYV944,Europe,Doctorate,Y,N,1074,1970,West,19383.25,Year,Y,Certified
EZYV5019,Asia,High School,Y,N,3085,2009,Northeast,1912.07,Year,Y,Denied
EZYV18969,Asia,Bachelor's,Y,N,870,2000,Northeast,95295.96,Year,Y,Certified
EZYV14420,Asia,Master's,Y,N,2191,2008,South,96860.0,Year,Y,Certified
EZYV5628,Asia,Bachelor's,Y,N,5056,1963,West,89785.86,Year,Y,Certified
EZYV2754,Asia,Master's,Y,N,2353,2007,Midwest,51866.51,Year,Y,Certified
EZYV24763,Asia,Bachelor's,Y,N,979,1919,Northeast,53604.22,Week,Y,Denied
EZYV13735,Asia,Bachelor's,Y,N,128,2003,South,903.0093,Hour,Y,Certified
EZYV20590,Europe,Bachelor's,Y,Y,1820,1993,Northeast,18046.16,Year,Y,Certified
EZYV20103,North America,Master's,Y,N,2059,2007,Northeast,78323.11,Year,Y,Certified
EZYV11060,Europe,Bachelor's,N,N,2825,1996,South,67814.2,Year,Y,Denied
EZYV10338,Asia,Bachelor's,N,N,763,1981,Northeast,35306.92,Year,Y,Denied
EZYV3593,Asia,Bachelor's,Y,N,4538,1968,West,28217.11,Year,Y,Certified
EZYV3359,Asia,Bachelor's,Y,Y,2336,1978,West,101202.11,Year,Y,Certified
EZYV280,Asia,High School,N,N,3725,2009,Midwest,139424.83,Year,Y,Certified
EZYV9962,Europe,Bachelor's,Y,N,1012,1999,Northeast,30693.7,Year,Y,Certified
EZYV7497,Europe,High School,Y,N,30859,1975,Northeast,115700.8,Year,Y,Denied
EZYV4912,Asia,Master's,Y,Y,586,2010,South,64878.61,Year,Y,Certified
EZYV9673,Asia,Bachelor's,Y,N,1617,1951,Northeast,139105.11,Year,Y,Denied
EZYV18896,Asia,Bachelor's,N,N,2638,1999,West,104907.43,Year,Y,Certified
EZYV5700,Asia,Doctorate,Y,N,4016,2003,Midwest,34744.45,Year,Y,Certified
EZYV15079,Asia,Master's,Y,N,2378,2007,Northeast,129122.1,Year,N,Certified
EZYV17205,Asia,Master's,Y,N,607,1984,Midwest,85966.67,Year,Y,Certified
EZYV18225,Europe,High School,Y,N,783,1998,West,156.8268,Hour,Y,Denied
EZYV2340,Asia,Master's,Y,N,188650,1977,South,64787.51,Year,Y,Certified
EZYV19468,Asia,High School,Y,N,2912,2004,Midwest,119097.85,Year,Y,Certified
EZYV6615,South America,High School,Y,N,1304,1990,West,147.7032,Hour,Y,Certified
EZYV25459,Asia,Master's,Y,N,2591,2002,Island,81497.19,Year,Y,Certified
EZYV13003,Europe,High School,Y,N,1485,1973,South,12905.43,Year,Y,Denied
EZYV12555,Europe,Bachelor's,Y,Y,4237,1913,South,112625.94,Year,Y,Certified
EZYV3773,Africa,High School,Y,N,1000,2008,Northeast,66194.39,Year,Y,Denied
EZYV15233,Asia,Master's,N,N,2827,1987,Midwest,259835.69,Year,Y,Certified
EZYV896,Africa,High School,Y,N,4310,1909,Northeast,109111.37,Year,Y,Denied
EZYV2004,Asia,Bachelor's,N,N,1725,1971,Northeast,112557.69,Year,N,Denied
EZYV5006,Asia,Bachelor's,Y,N,3071,1967,West,129267.0,Year,Y,Certified
EZYV5500,Asia,Bachelor's,Y,N,977,2002,Midwest,141319.42,Year,Y,Certified
EZYV21191,Asia,Master's,Y,N,6410,2000,Island,143492.14,Year,Y,Denied
EZYV24738,Asia,Master's,Y,N,4778,2001,South,42473.49,Year,Y,Certified
EZYV12130,North America,Master's,N,N,893,2010,Midwest,36285.72,Year,Y,Certified
EZYV14535,Asia,Bachelor's,Y,N,42998,2002,West,13081.34,Year,Y,Certified
EZYV12574,Africa,Bachelor's,N,Y,2134,1979,South,103627.11,Year,Y,Denied
EZYV16683,Asia,Bachelor's,N,N,3863,2003,Northeast,48351.66,Year,Y,Certified
EZYV13810,Asia,High School,Y,N,4275,2003,Midwest,77509.81,Year,Y,Denied
EZYV2855,Asia,Master's,Y,N,3202,2005,Midwest,91881.06,Year,Y,Certified
EZYV14253,Asia,Master's,N,N,2585,2005,Midwest,124531.35,Year,Y,Certified
EZYV5251,Asia,Doctorate,Y,N,2917,2001,Midwest,89143.43,Year,Y,Certified
EZYV16460,Asia,Master's,Y,N,3860,2009,Midwest,169476.56,Year,Y,Certified
EZYV16757,Asia,Master's,N,N,1880,1969,Northeast,111556.24,Year,Y,Denied
EZYV664,Asia,Bachelor's,Y,N,56,1992,South,102237.74,Year,Y,Certified
EZYV10020,Asia,Bachelor's,Y,N,3200,1978,Midwest,128525.19,Year,Y,Certified
EZYV1544,Asia,Bachelor's,N,Y,658,2010,South,122387.28,Year,Y,Certified
EZYV3014,Asia,High School,N,N,511,2015,Midwest,35941.1,Year,Y,Denied
EZYV21073,Asia,Bachelor's,N,N,1368,1999,South,64913.69,Year,Y,Certified
EZYV10999,Europe,Master's,Y,N,1068,1998,South,12994.79,Year,Y,Certified
EZYV11275,Asia,Doctorate,N,Y,2854,1895,Midwest,112127.47,Year,Y,Certified
EZYV1611,Asia,Master's,Y,N,3620,2001,Midwest,136289.98,Year,Y,Certified
EZYV22820,South America,High School,Y,N,4062,1994,Midwest,22430.47,Year,Y,Denied
EZYV20042,Asia,Master's,Y,N,1983,1941,South,284205.22,Year,Y,Certified
EZYV19996,Europe,Bachelor's,Y,N,3773,2011,Northeast,68468.16,Year,Y,Certified
EZYV23886,Asia,Master's,N,Y,1727,1992,South,78796.73,Year,Y,Certified
EZYV3218,Asia,Master's,N,N,5232,2011,South,148336.92,Year,Y,Denied
EZYV14436,Europe,Bachelor's,N,N,4204,1987,Midwest,100925.57,Year,Y,Certified
EZYV2170,North America,Bachelor's,Y,N,2566,1838,West,138688.06,Year,Y,Denied
EZYV18144,Asia,High School,Y,N,3654,1978,Northeast,103897.57,Year,Y,Certified
EZYV1504,North America,Bachelor's,N,N,2457,1857,Northeast,649.5659,Hour,Y,Denied
EZYV1601,North America,Bachelor's,N,N,3065,1973,Midwest,174495.55,Year,N,Certified
EZYV12072,Asia,High School,Y,N,2595,1998,West,152179.08,Year,Y,Denied
EZYV8136,Asia,Master's,Y,N,3441,2006,West,30892.16,Year,Y,Certified
EZYV7779,Asia,Master's,Y,N,4308,2006,West,18257.93,Year,Y,Certified
EZYV8041,Asia,Master's,N,N,3026,1995,Northeast,336.9514,Hour,Y,Certified
EZYV9256,Asia,High School,Y,N,5453,2005,Northeast,106098.65,Year,Y,Denied
EZYV623,Asia,Bachelor's,N,N,1610,1960,South,250510.67,Year,Y,Certified
EZYV23701,South America,Bachelor's,Y,N,4998,1989,Northeast,75282.07,Year,Y,Denied
EZYV17946,Asia,Bachelor's,N,Y,807,2000,Northeast,78649.84,Year,Y,Certified
EZYV3911,Europe,Master's,Y,N,3950,1981,West,32517.96,Year,Y,Certified
EZYV16521,South America,Master's,Y,N,4347,1922,Midwest,76239.55,Year,Y,Certified
EZYV15861,Asia,High School,Y,N,862,1851,South,19606.84,Year,Y,Denied
EZYV3680,Europe,Doctorate,Y,N,1715,1994,Northeast,63016.72,Year,Y,Certified
EZYV1731,North America,Master's,N,N,1534,1997,South,144292.14,Year,Y,Certified
EZYV23970,Europe,High School,Y,N,2353,1940,Northeast,31849.93,Year,Y,Certified
EZYV17087,Asia,Bachelor's,N,N,2848,1991,South,124314.21,Year,Y,Certified
EZYV16402,Europe,Doctorate,Y,N,62,1974,West,42120.25,Year,Y,Certified
EZYV18492,Asia,Bachelor's,N,N,378,1998,South,50474.58,Year,Y,Denied
EZYV17580,North America,Doctorate,Y,N,438,1999,West,133238.32,Year,Y,Certified
EZYV20780,Asia,Doctorate,Y,N,122114,1999,Northeast,114288.61,Year,Y,Certified
EZYV18145,Asia,Bachelor's,Y,N,4756,2010,Northeast,205.1512,Hour,Y,Denied
EZYV24682,Asia,Bachelor's,N,N,222,2008,Northeast,42419.61,Year,Y,Certified
EZYV113,Asia,Bachelor's,Y,N,2421,1974,South,87336.53,Year,Y,Certified
EZYV5280,Asia,Master's,N,N,3100,2009,Northeast,118559.46,Year,N,Certified
EZYV7037,North America,Master's,Y,N,2807,1985,West,80035.69,Year,Y,Certified
EZYV15350,Asia,Master's,Y,N,2042,1965,South,81832.29,Week,N,Certified
EZYV20488,Asia,Bachelor's,N,N,3429,2006,Northeast,63246.24,Year,Y,Certified
EZYV8934,Asia,Bachelor's,N,N,545,2011,Northeast,101532.85,Year,Y,Certified
EZYV11841,Asia,Master's,Y,N,2595,2009,South,92845.65,Year,Y,Certified
EZYV20110,South America,Bachelor's,N,N,1224,1984,Northeast,47615.62,Year,Y,Denied
EZYV19342,South America,Master's,N,N,300,1974,West,74402.14,Year,Y,Certified
EZYV3017,Africa,Master's,Y,N,3725,1972,Northeast,141431.74,Year,Y,Certified
EZYV9717,Asia,Bachelor's,N,N,317,1983,Midwest,13713.74,Year,Y,Certified
EZYV2109,Asia,Bachelor's,Y,N,680,1995,Northeast,47381.0,Year,Y,Certified
EZYV23426,South America,Master's,Y,N,4664,1968,South,29049.97,Year,Y,Certified
EZYV15835,Asia,Doctorate,Y,N,4560,2004,Midwest,117747.43,Year,Y,Certified
EZYV21569,Asia,Bachelor's,Y,N,443,2007,Midwest,143097.83,Year,Y,Certified
EZYV7929,Asia,Doctorate,N,N,1315,2007,South,581.855,Hour,Y,Certified
EZYV6094,Europe,Master's,Y,N,163,1980,South,6251.13,Year,Y,Certified
EZYV17388,North America,Bachelor's,N,N,3182,1977,Northeast,95796.28,Year,Y,Denied
EZYV3459,Asia,Master's,N,N,418,2000,Northeast,133220.07,Year,N,Denied
EZYV10361,Europe,Master's,Y,N,1770,1930,Island,45445.88,Year,Y,Certified
EZYV16947,Europe,Doctorate,N,N,2081,2001,Northeast,25143.5,Year,Y,Certified
EZYV17900,Asia,Master's,N,N,86,1972,Midwest,83162.23,Year,Y,Certified
EZYV17008,Asia,High School,N,N,3327,1998,South,15811.55,Year,Y,Certified
EZYV16361,Africa,Doctorate,N,N,183,2010,Northeast,19425.4,Month,Y,Certified
EZYV10260,Asia,Bachelor's,N,N,1454,1974,West,128.76,Hour,Y,Denied
EZYV13965,Asia,Bachelor's,N,N,2669,1982,South,57842.46,Year,Y,Denied
EZYV881,Asia,High School,N,N,74,2001,Northeast,206997.93,Year,Y,Denied
EZYV6952,Asia,Bachelor's,N,N,1055,2004,Midwest,129704.95,Year,Y,Certified
EZYV2902,Asia,High School,Y,N,1453,1991,Midwest,76251.65,Year,N,Denied
EZYV16772,Asia,Bachelor's,Y,N,4905,1998,South,69416.47,Year,Y,Certified
EZYV21474,Asia,Master's,Y,N,3775,1999,West,96251.56,Year,Y,Certified
EZYV13756,Asia,High School,N,N,4181,2000,West,64569.44,Year,Y,Denied
EZYV13938,Asia,Bachelor's,N,N,3495,1981,South,197026.5,Year,Y,Certified
EZYV11009,Asia,Master's,Y,N,4669,1998,Midwest,23099.83,Year,Y,Certified
EZYV6844,Europe,Bachelor's,N,N,2953,1987,West,27744.6,Year,Y,Certified
EZYV22660,North America,Bachelor's,Y,N,118772,2005,Northeast,96511.67,Week,Y,Certified
EZYV3572,Asia,Master's,N,N,2181,1983,South,143687.52,Year,Y,Denied
EZYV11791,Asia,Bachelor's,N,N,2245,1992,South,353.2017,Hour,Y,Denied
EZYV12569,Asia,Bachelor's,Y,N,2423,2009,South,82331.98,Year,Y,Denied
EZYV6416,North America,Master's,Y,N,768,1872,Northeast,110134.18,Year,Y,Certified
EZYV7143,Asia,Bachelor's,N,Y,3586,1997,West,67911.59,Year,Y,Denied
EZYV19991,North America,Master's,N,N,3649,1902,Midwest,30267.06,Year,N,Certified
EZYV13986,Asia,Bachelor's,Y,N,850,1800,South,73067.58,Year,Y,Certified
EZYV17653,Europe,Master's,N,N,1977,2001,West,44358.41,Year,Y,Certified
EZYV1347,Asia,Master's,N,N,56,2001,West,51.6812,Hour,Y,Denied
EZYV5833,Asia,Master's,Y,N,766,1997,Northeast,90796.96,Year,N,Certified
EZYV3747,Asia,Bachelor's,N,N,3409,1997,Northeast,117040.44,Year,N,Denied
EZYV21253,Asia,Master's,Y,N,3507,2005,West,90658.0,Week,N,Denied
EZYV5651,Asia,Master's,N,N,430,1997,West,9724.8,Year,N,Certified
EZYV16362,Asia,Bachelor's,N,N,36567,2011,Northeast,50491.19,Year,Y,Certified
EZYV5596,Asia,High School,Y,N,1515,1999,South,16143.99,Year,Y,Denied
EZYV23400,Europe,Master's,N,N,2812,1994,Midwest,47453.72,Year,Y,Certified
EZYV19475,Asia,Master's,Y,N,414,2004,South,18546.12,Year,Y,Certified
EZYV24741,Asia,Bachelor's,Y,N,744,2000,West,144241.87,Year,Y,Certified
EZYV18971,Asia,Bachelor's,N,N,369,1989,Midwest,119047.32,Year,Y,Certified
EZYV24338,Africa,Master's,Y,N,398,2006,South,87024.08,Year,Y,Certified
EZYV17061,Asia,Master's,Y,N,3990,1839,Northeast,59920.0,Year,Y,Certified
EZYV22233,North America,Bachelor's,Y,N,2554,1987,West,50624.96,Year,Y,Certified
EZYV2744,North America,Bachelor's,Y,N,1456,1883,South,1454.03,Year,Y,Certified
EZYV21655,North America,Doctorate,N,N,297,2001,Northeast,111542.9,Year,Y,Certified
EZYV14263,Asia,Bachelor's,N,N,5335,2005,South,170205.46,Year,Y,Certified
EZYV885,Asia,Master's,N,N,4276,2005,Midwest,215240.7,Year,Y,Certified
EZYV17360,Asia,Master's,Y,Y,4609,1988,South,100641.02,Year,Y,Certified
EZYV8949,Europe,Bachelor's,Y,Y,202,1999,South,109356.35,Year,Y,Certified
EZYV13981,Asia,Bachelor's,Y,N,299,1994,South,115308.17,Year,Y,Denied
EZYV12597,North America,Bachelor's,Y,N,1299,1896,Northeast,28141.06,Year,Y,Certified
EZYV25307,Asia,High School,N,N,2988,2009,Midwest,74501.07,Year,Y,Denied
EZYV10443,Asia,Bachelor's,N,N,323,1994,South,646.7615,Hour,Y,Certified
EZYV7268,Asia,Master's,Y,N,4548,2011,Midwest,51160.93,Year,N,Certified
EZYV8285,Europe,Doctorate,N,N,104,1872,Northeast,51214.55,Year,Y,Certified
EZYV2580,Asia,Bachelor's,Y,N,320,2005,West,30218.37,Year,Y,Certified
EZYV19789,Europe,Master's,N,Y,1146,2004,Northeast,112163.39,Year,Y,Certified
EZYV546,Asia,Master's,N,N,364,2010,Midwest,126935.9,Year,N,Certified
EZYV14013,Asia,Bachelor's,Y,N,2304,2012,West,68978.46,Year,Y,Denied
EZYV3545,Asia,Bachelor's,N,N,2476,2010,Midwest,121756.25,Year,Y,Denied
EZYV9008,Europe,Bachelor's,Y,N,3281,1999,Northeast,103119.62,Year,Y,Certified
EZYV990,Europe,High School,Y,N,860,1988,South,70892.12,Year,Y,Certified
EZYV9656,South America,Master's,Y,N,3996,1847,Midwest,4530.64,Year,Y,Certified
EZYV6349,Asia,Bachelor's,Y,N,4264,2011,Midwest,13858.11,Year,Y,Certified
EZYV18077,South America,Master's,Y,N,4165,1998,Northeast,68057.99,Year,Y,Certified
EZYV17202,Asia,Master's,N,N,78,1970,Midwest,138696.17,Year,Y,Certified
EZYV10032,Europe,Master's,Y,N,2698,1981,South,10561.57,Year,Y,Certified
EZYV20213,Asia,Master's,N,N,3220,1909,Midwest,675.1753,Hour,Y,Certified
EZYV24729,North America,Bachelor's,Y,N,1943,2008,South,732.4531,Hour,Y,Denied
EZYV14232,Asia,Bachelor's,Y,N,1421,1968,Northeast,48686.57,Year,Y,Denied
EZYV21609,Asia,Master's,N,Y,295,1990,South,165433.78,Year,Y,Certified
EZYV7165,Asia,Master's,Y,N,647,1953,Midwest,463.3112,Hour,Y,Certified
EZYV5076,Asia,Bachelor's,Y,N,452,1843,Midwest,101475.51,Year,Y,Certified
EZYV22556,Europe,Master's,N,N,4202,1995,Northeast,140820.67,Year,N,Denied
EZYV4222,Asia,High School,Y,N,704,2013,West,68322.48,Year,Y,Denied
EZYV13586,North America,Master's,Y,N,3285,2005,South,26539.65,Year,Y,Certified
EZYV15441,Asia,Bachelor's,Y,N,4497,1908,West,40585.26,Year,N,Certified
EZYV5940,Asia,Master's,Y,N,1078,1968,Midwest,80567.05,Year,Y,Certified
EZYV24926,Asia,Master's,Y,Y,1386,2001,South,196858.6,Year,Y,Certified
EZYV4187,Asia,High School,Y,N,739,1939,West,24564.21,Year,Y,Denied
EZYV24742,North America,Bachelor's,N,N,1363,1838,Northeast,490.8277,Hour,Y,Denied
EZYV11970,Asia,Bachelor's,Y,N,1241,1993,Northeast,103063.25,Year,Y,Certified
EZYV15576,Asia,Master's,Y,N,1812,2015,South,87655.1,Year,Y,Certified
EZYV24202,Asia,Bachelor's,Y,N,16201,2008,Midwest,102470.05,Year,Y,Denied
EZYV23393,Asia,Master's,Y,N,2705,1985,West,106932.69,Year,Y,Certified
EZYV15628,Asia,High School,N,N,3990,2000,West,682.8026,Hour,Y,Denied
EZYV4876,Asia,Master's,N,N,417,2008,South,70715.01,Year,Y,Certified
EZYV11117,North America,Master's,N,Y,1679,1900,South,57362.43,Year,Y,Certified
EZYV19756,Asia,Master's,Y,N,5409,1983,South,118858.69,Year,Y,Certified
EZYV2410,Asia,Bachelor's,N,N,1986,1998,Northeast,105407.11,Year,Y,Denied
EZYV4865,Asia,Master's,Y,N,1099,1984,Northeast,109817.14,Year,Y,Certified
EZYV20929,South America,Bachelor's,N,N,3965,1993,South,123692.21,Year,Y,Certified
EZYV14105,Africa,Master's,N,N,1004,1929,Northeast,132289.27,Year,Y,Certified
EZYV16161,Asia,Master's,N,N,4206,1853,South,130565.83,Year,N,Certified
EZYV11380,Asia,High School,Y,N,4446,2000,Northeast,57966.03,Year,Y,Denied
EZYV16341,Asia,High School,Y,N,1052,1867,Northeast,30509.86,Year,Y,Certified
EZYV20711,North America,Master's,Y,N,2525,1838,South,82275.49,Year,Y,Certified
EZYV21161,Asia,High School,Y,N,455,1992,Midwest,90758.95,Year,Y,Denied
EZYV17706,Asia,Master's,Y,N,2647,1981,Island,29112.44,Year,Y,Certified
EZYV10192,Asia,Bachelor's,Y,N,548,1960,South,13856.62,Year,Y,Certified
EZYV1477,Asia,Bachelor's,Y,N,609,2000,West,64920.22,Year,Y,Certified
EZYV12734,Africa,Master's,Y,N,2110,1999,Northeast,17054.94,Year,Y,Certified
EZYV21287,Asia,Bachelor's,N,N,1068,2003,Northeast,92306.77,Year,N,Denied
EZYV7198,South America,Bachelor's,N,N,1522,1999,Midwest,111290.07,Year,Y,Certified
EZYV6798,Asia,Bachelor's,N,N,724,1998,Northeast,120.56,Hour,Y,Denied
EZYV19390,Asia,Master's,Y,N,3628,2004,West,58686.11,Year,Y,Certified
EZYV23312,Asia,Master's,N,N,3934,1998,South,90316.65,Year,Y,Denied
EZYV21496,Europe,High School,N,N,1511,1998,Northeast,48508.3,Year,Y,Certified
EZYV5235,Asia,Bachelor's,Y,N,2178,2013,South,3065.4,Year,Y,Denied
EZYV9089,Asia,Doctorate,Y,N,3367,1993,Northeast,929.2098,Hour,Y,Certified
EZYV6314,Europe,Bachelor's,N,N,755,2004,West,57749.9,Year,Y,Certified
EZYV8505,Asia,Bachelor's,Y,Y,2140,1871,West,99622.59,Year,Y,Denied
EZYV19533,Asia,Bachelor's,N,N,3529,1995,Northeast,8368.58,Year,Y,Denied
EZYV3764,Asia,Master's,Y,N,2839,1940,South,57902.85,Year,Y,Certified
EZYV23974,Asia,Master's,N,N,1335,2005,Midwest,101925.01,Year,Y,Denied
EZYV24000,Asia,Master's,Y,N,4170,1885,Northeast,42426.36,Year,Y,Certified
EZYV17638,North America,Bachelor's,N,N,1142,2007,West,871.2201,Hour,Y,Certified
EZYV18186,Asia,Master's,N,N,2962,1984,Midwest,63411.23,Year,Y,Certified
EZYV22274,Africa,Master's,Y,N,5184,2003,Northeast,104495.99,Year,Y,Certified
EZYV6950,Asia,Master's,Y,N,3177,1999,South,72974.58,Year,Y,Certified
EZYV11934,Asia,Master's,Y,Y,5373,2001,Island,79222.67,Year,Y,Certified
EZYV11505,Asia,Bachelor's,Y,N,2489,1993,West,67609.99,Year,N,Certified
EZYV13094,North America,Bachelor's,N,N,3233,2009,West,59.0859,Hour,Y,Certified
EZYV20608,South America,Bachelor's,N,N,1072,2001,South,111.82,Hour,Y,Denied
EZYV22873,Asia,High School,Y,N,2142,1902,South,230.0556,Hour,Y,Certified
EZYV1422,Asia,Doctorate,N,N,4434,2005,Midwest,164308.38,Year,Y,Certified
EZYV17363,Asia,Doctorate,Y,N,4205,1968,South,49813.4,Year,Y,Certified
EZYV24941,Europe,Master's,N,N,1690,2004,Midwest,62832.42,Year,Y,Certified
EZYV12043,Europe,Bachelor's,Y,N,1133,2008,Northeast,18937.85,Year,Y,Certified
EZYV2917,South America,Bachelor's,Y,N,21530,1838,West,69372.75,Year,Y,Denied
EZYV11530,Europe,Master's,Y,N,5273,1999,Northeast,11221.77,Year,Y,Certified
EZYV16115,Asia,Bachelor's,N,N,372,2005,Northeast,87039.57,Year,Y,Certified
EZYV12895,Asia,Master's,Y,N,1583,2001,Midwest,23741.69,Year,Y,Certified
EZYV4195,Asia,Bachelor's,N,N,914,2007,Midwest,45310.48,Year,Y,Denied
EZYV19567,Europe,High School,Y,N,4276,2010,Northeast,5123.08,Year,Y,Certified
EZYV10468,Asia,Bachelor's,Y,N,1433,1999,West,98559.0,Year,Y,Denied
EZYV10846,Europe,Master's,Y,N,785,1934,West,28778.55,Year,Y,Certified
EZYV20049,Asia,Bachelor's,Y,N,2030,1980,Midwest,17998.58,Year,Y,Certified
EZYV6098,Europe,Master's,Y,N,560,1969,South,109600.13,Year,Y,Certified
EZYV3013,Asia,Doctorate,Y,N,420,2007,Northeast,56289.55,Year,Y,Certified
EZYV129,Asia,Bachelor's,N,N,2140,1997,South,37032.83,Year,Y,Certified
EZYV6621,Asia,High School,Y,N,5226,2012,Northeast,99019.21,Year,Y,Denied
EZYV6256,Asia,High School,Y,N,2893,1994,West,31411.56,Year,Y,Denied
EZYV16372,Asia,Master's,N,N,3716,1949,South,110344.92,Year,Y,Denied
EZYV17288,Asia,Master's,Y,N,1409,2006,West,126008.86,Year,Y,Denied
EZYV17215,Asia,Bachelor's,N,N,3748,2000,Northeast,164090.71,Year,Y,Denied
EZYV9900,Asia,High School,N,N,3290,1817,Northeast,48.5167,Hour,Y,Denied
EZYV12487,Asia,Bachelor's,Y,N,2467,1986,South,93026.69,Year,Y,Certified
EZYV6218,Asia,Master's,N,N,3279,1992,Midwest,84584.46,Year,Y,Certified
EZYV5595,Europe,Master's,N,N,900,1986,South,172729.36,Year,Y,Certified
EZYV23018,Asia,Bachelor's,Y,N,3875,2009,West,20531.81,Year,Y,Denied
EZYV13267,Asia,Doctorate,N,Y,3671,1999,South,120032.46,Year,Y,Denied
EZYV3333,Asia,Master's,N,N,5040,2005,South,45422.51,Year,N,Denied
EZYV9841,Africa,Bachelor's,N,N,1405,1977,South,94600.0,Year,Y,Certified
EZYV5259,Asia,Bachelor's,N,Y,23833,1977,South,108480.24,Year,Y,Certified
EZYV535,Asia,Master's,N,N,1876,1980,Northeast,37688.62,Year,Y,Denied
EZYV466,Asia,Bachelor's,N,N,546,1983,Midwest,28280.53,Year,Y,Certified
EZYV12276,Asia,High School,N,N,3557,1994,South,38304.08,Year,Y,Denied
EZYV17276,Asia,Doctorate,Y,N,423,2004,West,97252.01,Year,Y,Denied
EZYV15703,Asia,Master's,Y,Y,1772,1984,South,136607.77,Year,Y,Certified
EZYV20996,Asia,Bachelor's,Y,N,434,2005,Northeast,52460.65,Year,Y,Certified
EZYV2201,Asia,Bachelor's,Y,N,5140,1993,West,22856.14,Year,Y,Certified
EZYV12060,Asia,Doctorate,Y,N,1007,1925,West,109717.08,Year,Y,Certified
EZYV3257,Africa,Master's,Y,N,3043,1988,West,15830.18,Year,Y,Certified
EZYV23004,Asia,Master's,N,N,985,1984,Midwest,172481.77,Year,Y,Certified
EZYV8258,Asia,Master's,Y,N,18207,1998,Midwest,124810.53,Year,N,Certified
EZYV11644,Europe,Doctorate,Y,N,2800,2005,Northeast,25145.54,Year,Y,Certified
EZYV21476,Asia,High School,Y,N,2876,1992,West,45234.64,Year,Y,Denied
EZYV16507,Asia,Master's,Y,N,2611,2000,Midwest,151022.92,Year,Y,Certified
EZYV14344,South America,Master's,Y,N,2340,1998,Northeast,527.6657,Hour,Y,Denied
EZYV22721,Asia,Master's,N,N,4370,1960,West,117397.66,Year,N,Certified
EZYV1122,Asia,Bachelor's,Y,N,1488,2009,West,136443.09,Year,Y,Certified
EZYV11909,Europe,Bachelor's,Y,N,1410,1992,South,75010.63,Year,N,Certified
EZYV7640,Asia,High School,N,N,657,1993,Midwest,113839.78,Year,Y,Denied
EZYV72,Asia,High School,Y,N,1722,2007,South,61521.92,Year,Y,Certified
EZYV12084,Europe,Bachelor's,Y,N,2415,2013,Northeast,41647.78,Year,Y,Certified
EZYV18796,Asia,Bachelor's,Y,Y,190,1994,South,62307.04,Year,Y,Denied
EZYV15668,Africa,High School,N,N,1399,2006,West,6897.5,Year,Y,Denied
EZYV3335,Asia,Master's,Y,N,586,1992,Northeast,1926.32,Year,Y,Certified
EZYV14096,Asia,Doctorate,Y,N,4456,2013,Northeast,82799.09,Year,Y,Certified
EZYV19838,Asia,Master's,Y,N,2914,1873,Northeast,129234.29,Year,Y,Certified
EZYV7873,North America,Bachelor's,Y,N,39573,1956,West,34304.14,Year,Y,Certified
EZYV5593,Asia,High School,Y,N,4274,1969,Midwest,95579.27,Year,Y,Denied
EZYV1103,Asia,Master's,N,Y,1938,1958,Midwest,120172.88,Year,Y,Certified
EZYV18398,Asia,Bachelor's,Y,N,1964,2006,West,847.3708,Hour,Y,Denied
EZYV22901,Asia,Bachelor's,N,Y,1708,1989,West,65097.53,Year,Y,Certified
EZYV6180,Asia,Bachelor's,Y,N,7261,1998,West,92980.81,Year,Y,Denied
EZYV21996,South America,Bachelor's,Y,N,1883,1994,Northeast,129032.04,Year,Y,Certified
EZYV958,Asia,Bachelor's,N,N,573,2009,South,62891.29,Year,Y,Certified
EZYV4715,Europe,Master's,Y,Y,2089,1998,West,72354.83,Year,Y,Certified
EZYV19036,Asia,Bachelor's,Y,N,4050,1833,Northeast,106638.44,Year,Y,Certified
EZYV16385,Europe,Bachelor's,Y,Y,2516,2004,West,79238.94,Year,Y,Certified
EZYV13499,North America,Bachelor's,Y,N,3560,1975,Northeast,85587.64,Year,Y,Certified
EZYV12634,North America,Doctorate,Y,N,4003,1999,Northeast,54520.44,Year,Y,Certified
EZYV17833,Europe,Doctorate,Y,N,111687,2009,West,36956.36,Year,Y,Certified
EZYV6432,Europe,Master's,Y,N,281,1995,West,76688.04,Year,Y,Certified
EZYV9912,Asia,High School,Y,N,994,2001,Midwest,154722.76,Year,Y,Denied
EZYV6467,Asia,Master's,N,N,324,1902,Northeast,254230.21,Year,N,Certified
EZYV5275,Asia,Bachelor's,Y,N,261,2007,South,127597.92,Year,Y,Certified
EZYV7960,Asia,High School,N,N,1353,2002,Midwest,37967.63,Year,Y,Denied
EZYV1500,Asia,Master's,Y,N,541,1937,Northeast,74696.29,Year,N,Certified
EZYV25222,Asia,Bachelor's,Y,N,1225,1979,Midwest,115997.27,Year,Y,Certified
EZYV10710,Asia,Master's,Y,N,5359,1907,Northeast,23184.77,Year,Y,Certified
EZYV13407,Europe,Doctorate,N,Y,83,1960,West,203045.5,Year,Y,Certified
EZYV4798,Asia,Bachelor's,N,N,2938,2002,South,77011.13,Year,Y,Denied
EZYV24087,Europe,Doctorate,Y,N,6237,1980,South,107488.23,Year,Y,Certified
EZYV15182,Asia,High School,Y,N,2214,1998,West,24330.86,Year,Y,Denied
EZYV7457,Asia,Doctorate,Y,N,2436,2009,West,82887.78,Year,Y,Certified
EZYV5109,Asia,Bachelor's,Y,N,4774,1998,Northeast,27784.03,Year,Y,Certified
EZYV20007,Asia,Bachelor's,Y,N,3717,1969,West,241680.07,Year,Y,Certified
EZYV11855,Asia,Master's,N,N,1155,1977,Midwest,141287.5,Year,Y,Certified
EZYV7243,Asia,Master's,Y,N,636,2007,West,95806.22,Year,N,Certified
EZYV207,Europe,Doctorate,Y,N,766,1950,Midwest,89079.05,Year,Y,Certified
EZYV17641,North America,Master's,Y,N,34109,1999,West,43891.95,Year,Y,Certified
EZYV659,Asia,Bachelor's,Y,N,2432,1889,Northeast,10837.15,Year,Y,Certified
EZYV20470,Africa,Bachelor's,N,N,1634,1980,South,122353.74,Year,Y,Denied
EZYV8078,Asia,Bachelor's,Y,Y,3136,2013,South,116228.33,Year,Y,Certified
EZYV9553,Asia,Master's,N,N,2556,2004,Midwest,92629.28,Year,Y,Certified
EZYV22167,Asia,Master's,N,N,32583,2005,Northeast,109447.65,Year,Y,Certified
EZYV19615,North America,High School,Y,N,5285,1989,Northeast,42116.45,Year,Y,Certified
EZYV3114,Asia,High School,Y,N,169,1997,South,51097.27,Year,Y,Denied
EZYV25323,Europe,Bachelor's,N,N,2047,2001,West,30213.71,Year,Y,Certified
EZYV12716,Asia,Master's,Y,N,657,2012,Northeast,24535.62,Year,Y,Certified
EZYV15396,North America,Master's,N,N,1166,2005,South,48.0773,Hour,Y,Denied
EZYV5322,Asia,Master's,N,N,1538,2002,Midwest,74323.1,Year,Y,Certified
EZYV15200,North America,Bachelor's,N,N,2342,1979,South,419.1758,Hour,Y,Denied
EZYV5150,Asia,Doctorate,N,N,1122,2007,Midwest,98869.31,Year,Y,Certified
EZYV22714,Asia,High School,N,N,375,1992,South,860.4852,Hour,Y,Denied
EZYV16462,Asia,High School,Y,N,4517,1843,West,118342.53,Year,Y,Denied
EZYV14262,Asia,Master's,Y,N,79,1998,Northeast,4409.09,Year,Y,Certified
EZYV3751,Asia,Master's,N,N,99,1881,Midwest,93313.92,Year,N,Denied
EZYV12703,Europe,Bachelor's,N,Y,971,1987,Midwest,71752.85,Year,Y,Denied
EZYV11352,North America,Bachelor's,Y,N,108596,2009,South,76800.44,Year,Y,Certified
EZYV1387,Asia,Bachelor's,N,N,3805,1985,West,2586.05,Year,N,Denied
EZYV22889,Asia,High School,N,N,2437,1988,South,135.3652,Hour,Y,Certified
EZYV6669,Asia,Bachelor's,N,N,3929,2005,West,57924.59,Year,Y,Certified
EZYV14708,Asia,Bachelor's,Y,Y,1509,1979,Northeast,30146.18,Year,Y,Denied
EZYV2030,Asia,Master's,Y,N,2497,1984,Midwest,7671.23,Year,Y,Certified
EZYV17829,Europe,Doctorate,Y,N,1002,1995,West,31781.11,Year,Y,Certified
EZYV6344,Asia,Master's,Y,N,2588,2008,Northeast,49520.41,Year,Y,Certified
EZYV12482,North America,Master's,N,N,623,2009,Northeast,124878.65,Year,Y,Denied
EZYV1088,Asia,Bachelor's,Y,N,92,2006,West,31940.68,Year,Y,Certified
EZYV5654,Asia,Bachelor's,N,N,728,2003,Northeast,564.3397,Hour,Y,Denied
EZYV19341,Asia,Master's,N,N,4409,1863,Northeast,2192.78,Year,Y,Denied
EZYV11454,Asia,High School,Y,N,454,1990,West,24356.17,Year,Y,Denied
EZYV3470,Europe,Doctorate,Y,N,2569,2001,Northeast,39460.63,Year,Y,Certified
EZYV20203,Europe,Master's,Y,N,1725,2005,South,21239.28,Year,Y,Certified
EZYV3551,Europe,Bachelor's,N,Y,1854,2007,Northeast,16075.69,Year,Y,Certified
EZYV11891,North America,Bachelor's,Y,N,350,1989,South,60295.65,Year,Y,Denied
EZYV22709,Asia,Master's,Y,N,1060,1978,South,117098.49,Year,Y,Certified
EZYV22526,Asia,Master's,Y,N,1099,2009,South,85112.36,Year,Y,Certified
EZYV17994,Asia,Master's,N,N,6180,2009,South,61687.78,Year,N,Certified
EZYV21079,South America,High School,Y,N,1711,2011,Northeast,66983.73,Year,Y,Certified
EZYV8082,Asia,Master's,Y,N,4122,2004,Northeast,80968.55,Year,Y,Certified
EZYV22637,Asia,Master's,Y,N,229,2001,Northeast,18914.29,Year,Y,Certified
EZYV10905,Asia,High School,Y,N,1152,1993,Northeast,984.9462,Hour,Y,Denied
EZYV1237,Africa,Master's,Y,N,314,1997,Northeast,72130.76,Year,Y,Certified
EZYV14795,Asia,Bachelor's,N,N,426,1998,South,123688.44,Year,Y,Denied
EZYV19631,Asia,Bachelor's,N,N,40,1855,Northeast,95866.31,Year,Y,Denied
EZYV3186,North America,Doctorate,Y,N,1582,2004,South,185489.36,Year,Y,Certified
EZYV18530,Asia,Master's,N,N,2146,1999,Northeast,90895.84,Year,Y,Certified
EZYV15267,Asia,Bachelor's,N,N,1949,1911,Northeast,26833.19,Week,Y,Denied
EZYV563,Europe,Master's,N,N,3937,1991,Northeast,103847.9,Year,Y,Certified
EZYV13908,Africa,Master's,Y,N,2960,1998,South,44670.83,Year,Y,Certified
EZYV18215,Africa,Master's,Y,N,592,1928,South,93084.4,Year,Y,Certified
EZYV23246,North America,Master's,N,N,2703,1974,Northeast,77314.1,Year,Y,Certified
EZYV4610,Asia,High School,Y,N,645,1969,Midwest,102368.95,Year,Y,Denied
EZYV25397,Asia,Bachelor's,N,N,1755,1980,South,78572.3,Year,Y,Denied
EZYV25187,Asia,Doctorate,N,N,4889,1961,Northeast,24145.14,Year,Y,Certified
EZYV5588,Asia,Doctorate,Y,N,1437,2006,South,121088.8,Year,N,Certified
EZYV6279,Asia,Bachelor's,Y,N,224,2012,South,39700.39,Year,Y,Denied
EZYV20327,Asia,Master's,Y,N,3834,1914,Midwest,171823.93,Year,Y,Certified
EZYV14247,Asia,Master's,Y,N,2759,1984,Midwest,126895.3,Year,Y,Certified
EZYV23023,Asia,Bachelor's,Y,N,197,1925,South,142788.48,Year,Y,Denied
EZYV11269,Asia,Master's,Y,Y,653,1939,Northeast,35054.7,Year,Y,Certified
EZYV15241,Asia,Bachelor's,Y,N,1896,1897,South,41444.76,Year,Y,Certified
EZYV18345,Asia,Master's,Y,N,820,2003,West,5884.7,Year,Y,Denied
EZYV80,Asia,High School,N,Y,1062,1998,West,194176.83,Year,Y,Denied
EZYV654,Asia,Master's,N,N,421,2010,West,35021.59,Year,Y,Denied
EZYV19562,Asia,Master's,Y,N,1868,1999,West,89218.19,Year,Y,Certified
EZYV16940,Europe,Doctorate,N,N,427,2005,West,171121.32,Year,Y,Certified
EZYV7928,Asia,Master's,Y,N,2481,1998,Northeast,75673.27,Year,Y,Certified
EZYV14063,Asia,Bachelor's,Y,N,2373,2007,West,69150.51,Year,Y,Denied
EZYV15758,Asia,Bachelor's,Y,N,4458,1853,Midwest,44859.32,Year,Y,Certified
EZYV18477,North America,Master's,Y,N,1668,1989,West,54014.19,Year,Y,Denied
EZYV23126,Asia,Bachelor's,N,N,5348,1923,West,56314.27,Year,Y,Denied
EZYV22411,Asia,Bachelor's,Y,N,216,2002,Northeast,47986.5,Year,Y,Certified
EZYV13602,Asia,High School,Y,N,2403,1998,Northeast,25897.94,Year,Y,Denied
EZYV21090,North America,Master's,Y,N,2556,1983,Northeast,50443.0,Year,Y,Certified
EZYV12417,Asia,Master's,N,N,504,1903,Midwest,93115.21,Year,Y,Certified
EZYV3143,Asia,Master's,Y,N,3158,1990,Northeast,69251.26,Year,N,Certified
EZYV24392,Europe,Doctorate,Y,N,608,2007,Northeast,52080.0,Year,Y,Certified
EZYV9336,Europe,Doctorate,Y,N,1967,1847,Northeast,38927.52,Year,Y,Certified
EZYV22795,Asia,Doctorate,Y,N,6183,1958,South,180855.03,Year,Y,Certified
EZYV8644,Asia,Bachelor's,N,N,1773,1952,South,43138.52,Year,Y,Certified
EZYV2728,Asia,Bachelor's,N,N,3733,1986,South,173.5091,Hour,Y,Denied
EZYV9036,Europe,Bachelor's,Y,N,1985,2011,South,6697.24,Year,Y,Certified
EZYV9587,Asia,Master's,N,N,4076,1976,Northeast,120183.84,Year,Y,Certified
EZYV17485,Europe,Bachelor's,Y,N,1489,1997,West,164455.26,Year,Y,Certified
EZYV20433,Asia,Master's,N,N,1909,1991,Midwest,84253.29,Year,Y,Certified
EZYV15168,Africa,Bachelor's,Y,N,1554,2012,Midwest,61540.57,Year,Y,Denied
EZYV25337,Asia,Bachelor's,Y,N,2043,1968,South,75086.2,Year,Y,Certified
EZYV1320,Asia,Bachelor's,N,N,2144,1850,Midwest,189888.19,Year,Y,Certified
EZYV7917,Asia,Bachelor's,Y,N,3398,2000,Northeast,182813.74,Year,Y,Denied
EZYV13099,Asia,Master's,N,N,260,1967,South,93418.08,Year,Y,Certified
EZYV5255,Europe,Doctorate,N,N,257,2015,Northeast,553.6915,Hour,Y,Certified
EZYV2699,Asia,Bachelor's,Y,N,3427,2006,Midwest,48452.57,Year,Y,Certified
EZYV18751,Asia,Bachelor's,N,N,3430,1976,Northeast,118086.76,Year,N,Denied
EZYV13112,Asia,High School,Y,N,2274,1971,South,115240.75,Year,N,Denied
EZYV7699,North America,Master's,Y,N,1101,2007,Northeast,195.1899,Hour,Y,Certified
EZYV10383,Europe,Bachelor's,N,Y,812,2001,Northeast,126862.33,Year,Y,Certified
EZYV10735,Asia,Bachelor's,Y,N,7242,1976,Island,146930.79,Year,Y,Denied
EZYV23738,North America,Bachelor's,Y,N,310,1993,South,79101.6,Year,Y,Certified
EZYV14595,Asia,Bachelor's,N,N,3738,1998,Midwest,173509.32,Year,Y,Certified
EZYV18551,Europe,Master's,Y,Y,3255,1999,Northeast,164490.33,Year,Y,Certified
EZYV2926,Asia,Bachelor's,Y,N,2280,1996,West,78636.21,Year,Y,Certified
EZYV2908,Asia,Master's,Y,N,112639,1988,West,47791.21,Year,Y,Certified
EZYV23038,North America,Doctorate,Y,N,4946,1917,Midwest,114159.86,Year,Y,Certified
EZYV5464,Asia,Master's,N,N,2085,1984,Northeast,65855.58,Year,Y,Certified
EZYV4976,Asia,Master's,Y,N,5232,1997,South,128923.23,Year,N,Certified
EZYV25091,Asia,Bachelor's,N,N,568,1897,Midwest,68158.16,Year,Y,Certified
EZYV23275,Asia,Master's,Y,Y,5168,2004,Northeast,59015.29,Year,Y,Certified
EZYV24362,Asia,High School,Y,N,840,2001,West,13529.64,Year,Y,Denied
EZYV6192,Asia,High School,Y,Y,3724,1977,Midwest,29480.3,Year,Y,Denied
EZYV4734,Asia,Master's,N,N,104,1920,South,68923.18,Year,N,Certified
EZYV9866,Asia,Bachelor's,N,N,2060,1996,South,258477.93,Year,Y,Certified
EZYV20458,North America,High School,N,N,1403,2013,West,76392.47,Year,Y,Denied
EZYV7111,Asia,Master's,N,N,814,2004,Northeast,74811.35,Year,N,Certified
EZYV14651,Asia,Master's,Y,N,353,1999,South,120312.37,Year,N,Certified
EZYV19689,North America,Bachelor's,Y,N,3053,2004,South,28257.56,Year,Y,Denied
EZYV11601,Europe,Doctorate,Y,N,818,1947,South,87635.03,Year,Y,Certified
EZYV8132,Asia,Bachelor's,Y,N,3139,1987,South,96886.71,Week,Y,Certified
EZYV6454,Asia,Bachelor's,N,N,1646,2001,South,27439.63,Year,Y,Certified
EZYV12105,Asia,Master's,Y,N,1359,1997,West,202237.04,Year,N,Certified
EZYV21025,North America,High School,Y,N,164,1978,Northeast,55339.35,Year,Y,Certified
EZYV820,Europe,Bachelor's,N,N,4376,1994,West,221944.22,Year,Y,Certified
EZYV11924,Asia,Master's,Y,N,3043,1891,Midwest,94698.22,Year,Y,Certified
EZYV25414,South America,Master's,Y,N,2423,2005,Midwest,163067.99,Year,Y,Certified
EZYV2957,Europe,Master's,N,Y,5664,1831,Northeast,31917.82,Year,Y,Certified
EZYV20921,Asia,Bachelor's,N,N,5828,1976,West,134026.85,Year,N,Denied
EZYV1844,Asia,Doctorate,Y,N,54598,1992,West,97368.15,Year,Y,Certified
EZYV12593,Europe,Master's,N,Y,2998,2006,Midwest,78613.07,Year,Y,Certified
EZYV5164,Asia,Doctorate,Y,N,756,2004,West,14239.71,Year,Y,Certified
EZYV7969,Asia,Bachelor's,N,N,2181,1957,Northeast,116154.55,Year,Y,Denied
EZYV6703,North America,Master's,Y,N,1588,1950,South,29895.05,Year,Y,Certified
EZYV25107,North America,Master's,Y,N,902,1955,Northeast,94376.07,Month,Y,Certified
EZYV17774,Asia,Master's,N,Y,1533,2004,South,200914.45,Year,Y,Certified
EZYV19163,South America,Master's,Y,N,2377,1823,Midwest,25656.16,Year,Y,Certified
EZYV2200,Europe,Doctorate,Y,N,4909,2012,South,40084.45,Year,Y,Certified
EZYV5249,North America,Bachelor's,Y,N,3940,2001,Northeast,17079.93,Year,Y,Certified
EZYV7469,Asia,Bachelor's,N,N,1416,1862,South,24353.42,Year,Y,Certified
EZYV3323,Asia,Master's,Y,N,4229,2009,Northeast,70746.04,Year,Y,Certified
EZYV22333,Europe,Bachelor's,Y,N,3306,1952,South,10990.9,Year,Y,Denied
EZYV5921,Asia,Master's,N,Y,31,1980,South,229494.55,Year,Y,Certified
EZYV21544,North America,Bachelor's,N,N,3342,2001,Northeast,122848.3,Week,Y,Denied
EZYV7287,Europe,High School,Y,N,1272,2010,West,36504.7,Year,Y,Denied
EZYV22319,South America,Master's,Y,N,3999,1978,South,68277.16,Year,Y,Certified
EZYV15346,Asia,Bachelor's,N,N,1710,1997,Northeast,121455.55,Year,Y,Certified
EZYV17295,North America,High School,Y,N,3427,1854,West,107183.26,Year,Y,Certified
EZYV3258,Asia,Bachelor's,Y,N,2033,2002,West,281832.93,Year,Y,Certified
EZYV5770,Asia,Bachelor's,Y,N,5137,1963,West,29118.39,Year,Y,Certified
EZYV9532,Asia,Master's,N,N,646,2012,Midwest,145248.41,Year,Y,Certified
EZYV23361,Asia,Doctorate,Y,N,4277,2001,Northeast,72652.13,Year,Y,Certified
EZYV4135,Asia,High School,Y,N,5248,2010,West,138302.43,Year,Y,Denied
EZYV20204,Europe,High School,Y,N,770,1998,West,19915.33,Year,Y,Denied
EZYV5983,Asia,Master's,Y,N,555,1981,Northeast,129744.35,Year,Y,Certified
EZYV13613,Asia,Master's,N,N,349,1946,South,21137.82,Year,N,Certified
EZYV10734,Asia,Bachelor's,Y,N,226,2007,Northeast,88631.26,Year,Y,Certified
EZYV5463,Asia,Master's,N,Y,3415,1991,South,104348.31,Year,Y,Certified
EZYV11884,Europe,Bachelor's,N,N,1057,1911,West,33867.14,Year,Y,Certified
EZYV22389,Asia,Master's,Y,N,-14,1986,South,17893.11,Year,Y,Certified
EZYV16197,Asia,Bachelor's,N,Y,1522,1920,West,44123.31,Year,Y,Certified
EZYV10539,South America,Master's,Y,N,3475,1973,West,380.995,Hour,Y,Denied
EZYV1030,Asia,High School,N,N,1498,1869,South,84393.44,Year,Y,Certified
EZYV3518,Europe,Master's,Y,N,3392,1902,South,182630.28,Year,Y,Certified
EZYV23823,Europe,Bachelor's,Y,Y,3165,2009,West,84409.22,Year,Y,Certified
EZYV4042,Europe,Master's,N,N,1150,1968,West,28993.82,Year,Y,Certified
EZYV20526,Asia,Bachelor's,Y,N,1611,1997,Northeast,1330.22,Year,Y,Certified
EZYV2228,Asia,High School,N,N,15671,2001,Midwest,155318.77,Year,Y,Certified
EZYV23867,Europe,High School,Y,N,1301,2005,Northeast,76983.32,Year,Y,Certified
EZYV6068,Asia,High School,N,N,4104,2007,Midwest,43133.71,Year,Y,Denied
EZYV7277,Asia,High School,Y,N,1058,1894,South,88745.16,Year,N,Denied
EZYV3652,Asia,Bachelor's,N,N,570,1994,South,105629.9,Year,Y,Denied
EZYV13855,Europe,Doctorate,Y,Y,2562,1884,West,47976.59,Year,Y,Certified
EZYV7467,Europe,Bachelor's,Y,N,1641,1912,South,41063.21,Year,Y,Certified
EZYV22543,North America,Doctorate,Y,N,67756,1870,Island,118519.52,Year,Y,Certified
EZYV22115,North America,Master's,Y,N,1377,2012,South,145103.79,Year,Y,Certified
EZYV20905,Asia,Master's,Y,N,135268,1939,Northeast,21994.22,Year,Y,Certified
EZYV11308,Asia,Bachelor's,N,N,1491,2001,South,948.0337,Hour,Y,Denied
EZYV10959,Asia,Master's,Y,N,1228,2005,Midwest,128505.27,Year,Y,Certified
EZYV9273,Asia,Master's,Y,N,377,2001,Midwest,155183.33,Year,Y,Certified
EZYV3452,Asia,Bachelor's,Y,N,388,2011,South,24288.14,Year,Y,Certified
EZYV20076,Asia,Bachelor's,N,N,1696,2011,Midwest,68586.1,Year,Y,Certified
EZYV7670,Asia,Bachelor's,Y,N,1524,2000,West,52545.97,Year,Y,Certified
EZYV4632,Asia,Bachelor's,Y,N,578,2009,South,74554.47,Year,Y,Denied
EZYV15245,North America,Master's,Y,N,1739,1948,Midwest,22018.67,Year,Y,Certified
EZYV15918,Asia,Master's,Y,N,315,2012,South,17991.33,Year,Y,Certified
EZYV4672,Asia,Bachelor's,Y,N,1660,1998,South,52290.62,Year,Y,Denied
EZYV11805,North America,Bachelor's,N,N,967,1804,South,87121.96,Year,Y,Denied
EZYV5102,Asia,Master's,N,N,1755,1968,South,120809.98,Year,N,Certified
EZYV10277,North America,Bachelor's,Y,N,5470,2002,Northeast,91991.78,Year,Y,Denied
EZYV4263,Asia,High School,N,N,3273,1977,South,232.6611,Hour,Y,Denied
EZYV24124,Asia,Master's,Y,N,2985,1993,West,56281.02,Year,Y,Denied
EZYV9646,Asia,Master's,Y,N,4570,2005,Midwest,130305.09,Year,Y,Certified
EZYV12687,North America,Master's,Y,N,2281,2004,South,23721.38,Year,Y,Certified
EZYV3723,North America,Master's,Y,N,4598,1869,Northeast,12728.81,Year,Y,Denied
EZYV11679,Asia,Master's,Y,N,3027,2013,West,54712.69,Year,Y,Certified
EZYV83,Asia,High School,Y,N,39,2000,West,70778.82,Year,Y,Denied
EZYV21537,Asia,Master's,Y,N,318,1859,West,109169.89,Year,Y,Denied
EZYV5286,Europe,Master's,N,N,3425,1977,West,35886.71,Year,Y,Certified
EZYV18199,Europe,Bachelor's,Y,N,4658,1983,West,50626.61,Year,Y,Certified
EZYV12229,South America,Master's,Y,N,5674,1999,West,42627.42,Year,Y,Denied
EZYV17658,Asia,Master's,Y,N,1497,1895,South,21349.41,Year,Y,Certified
EZYV15851,Asia,Bachelor's,N,N,1183,2001,Northeast,95771.26,Year,Y,Certified
EZYV17445,Asia,Master's,Y,N,2763,1987,West,2994.77,Year,Y,Certified
EZYV21780,Asia,Bachelor's,N,N,2520,1999,South,48962.69,Year,Y,Certified
EZYV9633,North America,High School,N,N,53,1966,West,618.2058,Hour,Y,Denied
EZYV24458,Asia,Doctorate,N,N,3529,1925,Midwest,66659.34,Year,Y,Certified
EZYV11581,Asia,Bachelor's,N,N,206,2008,Midwest,263466.82,Year,Y,Certified
EZYV1296,Asia,Bachelor's,N,N,2450,1999,West,92174.08,Year,Y,Denied
EZYV21389,Asia,Bachelor's,Y,Y,3971,1989,South,97151.94,Year,Y,Denied
EZYV24106,Asia,High School,Y,N,25200,2008,South,137102.99,Year,Y,Certified
EZYV23422,Asia,Bachelor's,Y,N,4287,2007,West,90100.4,Year,Y,Denied
EZYV21172,Asia,Master's,Y,N,2495,2001,Northeast,16605.21,Year,N,Certified
EZYV10321,Asia,Master's,Y,Y,3547,2001,West,96560.74,Year,Y,Denied
EZYV10821,Africa,Bachelor's,N,N,2651,2006,West,268713.5,Year,Y,Certified
EZYV16189,Asia,Bachelor's,Y,N,505,1981,Midwest,83747.92,Year,Y,Certified
EZYV22993,Europe,Doctorate,Y,N,17964,1966,West,90442.94,Year,Y,Certified
EZYV12001,North America,Bachelor's,Y,N,3428,2005,South,94518.66,Week,Y,Certified
EZYV21263,Asia,Bachelor's,N,N,1400,1929,Midwest,33665.06,Year,N,Certified
EZYV18880,Asia,Doctorate,Y,N,1947,2007,Northeast,408.9849,Hour,Y,Denied
EZYV10355,Asia,Bachelor's,Y,N,2590,2006,West,348.8404,Hour,Y,Denied
EZYV8447,North America,Master's,Y,N,4026,1987,Northeast,34091.08,Week,Y,Certified
EZYV8356,South America,Master's,Y,N,1216,1963,South,55970.62,Year,N,Certified
EZYV22907,Asia,Doctorate,Y,N,3488,2005,South,84581.4,Year,Y,Certified
EZYV14551,Asia,Bachelor's,Y,N,40315,1864,Midwest,68993.69,Year,Y,Certified
EZYV23225,Asia,Doctorate,Y,Y,2403,2007,Midwest,42945.12,Year,Y,Denied
EZYV15464,Asia,Doctorate,Y,N,2450,1923,Northeast,79771.94,Year,Y,Certified
EZYV17022,Asia,Bachelor's,Y,N,644,2006,South,96083.06,Year,Y,Certified
EZYV20541,Asia,Bachelor's,Y,N,2174,2011,West,87711.09,Year,Y,Denied
EZYV9526,Asia,Bachelor's,Y,N,3044,1911,West,31947.49,Year,Y,Certified
EZYV9011,Asia,High School,N,N,1564,1993,South,433.7437,Hour,Y,Denied
EZYV578,North America,Master's,Y,N,645,1988,South,149452.3,Year,Y,Certified
EZYV15852,Asia,High School,Y,N,99680,2005,South,17338.27,Year,Y,Denied
EZYV12822,Europe,Doctorate,Y,N,2499,1996,Northeast,23405.24,Year,Y,Certified
EZYV19897,Africa,Master's,Y,N,1143,1863,West,74217.35,Year,Y,Certified
EZYV22743,Europe,High School,N,N,50607,2013,West,41091.84,Year,Y,Certified
EZYV25103,Europe,Master's,Y,N,2477,2007,Midwest,64493.93,Year,Y,Certified
EZYV22868,Asia,Bachelor's,Y,N,5280,2005,Northeast,55550.88,Year,Y,Certified
EZYV13834,Asia,Bachelor's,N,Y,2161,1838,South,84457.64,Year,Y,Certified
EZYV18792,Asia,Bachelor's,Y,N,741,1946,South,124957.72,Year,N,Denied
EZYV15903,Asia,Master's,Y,Y,1733,2011,South,83611.3,Year,Y,Certified
EZYV24918,North America,Bachelor's,N,N,1040,1818,Northeast,87797.34,Year,N,Denied
EZYV712,Asia,Bachelor's,N,Y,2064,2008,Northeast,128946.06,Year,Y,Denied
EZYV1372,North America,Master's,Y,N,2499,1838,West,53900.61,Year,Y,Certified
EZYV599,South America,Master's,Y,N,26957,1917,Northeast,149649.91,Year,Y,Certified
EZYV7733,Europe,Doctorate,N,N,5224,1951,South,54989.09,Year,Y,Certified
EZYV10834,Asia,Master's,Y,N,2638,1892,South,139520.5,Year,N,Certified
EZYV9120,Asia,Master's,N,N,1954,2007,Midwest,126049.56,Year,Y,Certified
EZYV24876,Africa,Master's,Y,N,3287,2011,Northeast,81248.19,Year,Y,Certified
EZYV23355,Europe,High School,Y,N,795,1998,West,85312.44,Year,Y,Certified
EZYV20251,Asia,Master's,Y,N,1190,2005,Northeast,85658.81,Year,Y,Certified
EZYV22557,Asia,Master's,N,N,3737,1881,Midwest,107842.92,Year,Y,Certified
EZYV15828,Africa,Bachelor's,Y,N,37,2013,South,103265.19,Year,Y,Certified
EZYV19215,Asia,Bachelor's,Y,N,2716,1867,South,6230.57,Year,Y,Certified
EZYV21549,Asia,High School,Y,N,35,1999,Midwest,16137.35,Year,Y,Certified
EZYV23706,Asia,Bachelor's,N,Y,2750,1993,Northeast,135930.83,Year,Y,Denied
EZYV7488,South America,Doctorate,N,Y,2398,1946,South,123417.87,Year,Y,Certified
EZYV20889,North America,Bachelor's,N,Y,1410,2008,Northeast,82332.58,Year,Y,Certified
EZYV15545,Asia,Doctorate,Y,N,19569,1880,Northeast,27206.1,Year,Y,Certified
EZYV21368,Europe,Bachelor's,Y,N,566,1991,West,55157.48,Year,Y,Certified
EZYV510,Asia,High School,Y,Y,936,1855,South,144869.09,Year,Y,Certified
EZYV11541,Asia,High School,Y,N,2737,2000,Midwest,5327.35,Year,Y,Denied
EZYV11489,Europe,Doctorate,Y,N,5450,2008,West,4198.14,Year,Y,Certified
EZYV8093,North America,Bachelor's,N,N,58990,1986,West,43458.59,Year,Y,Certified
EZYV10408,North America,Master's,N,N,1157,2001,Island,466.3655,Hour,Y,Denied
EZYV10444,Asia,Master's,N,N,2872,2002,South,98336.18,Year,Y,Certified
EZYV22162,Asia,Master's,Y,N,31435,1968,Midwest,142211.63,Year,Y,Certified
EZYV11154,Europe,Bachelor's,Y,N,655,1914,West,294.402,Hour,Y,Denied
EZYV893,North America,Master's,Y,N,1177,1998,Northeast,40030.56,Year,Y,Certified
EZYV179,Asia,Doctorate,N,Y,2779,2002,Midwest,122535.0,Year,Y,Certified
EZYV13657,Asia,Master's,Y,N,3057,1998,South,213738.47,Year,N,Certified
EZYV13881,Asia,Master's,Y,N,1793,1925,West,158367.6,Year,Y,Certified
EZYV8665,Asia,Bachelor's,N,N,198,1993,Northeast,136468.02,Year,Y,Denied
EZYV13833,Asia,Bachelor's,Y,N,899,1987,Midwest,97645.27,Year,N,Certified
EZYV1887,Asia,Master's,Y,N,4371,2005,West,89326.61,Year,N,Certified
EZYV19804,Asia,Master's,Y,N,2757,1988,Midwest,179907.41,Year,N,Certified
EZYV7949,Asia,Master's,N,N,615,2004,South,150910.66,Year,N,Certified
EZYV11043,Europe,Master's,N,N,3977,1960,West,51455.45,Year,Y,Certified
EZYV4208,Europe,High School,Y,N,2889,2004,West,20862.62,Year,Y,Denied
EZYV3241,Asia,Master's,Y,N,1144,1979,South,90816.73,Year,Y,Certified
EZYV3155,Asia,Master's,N,N,1336,1968,Midwest,143145.26,Year,Y,Denied
EZYV1604,Asia,Bachelor's,Y,Y,501,1998,South,129895.13,Year,Y,Certified
EZYV19931,Europe,Master's,N,N,341,2012,Northeast,35953.69,Year,Y,Certified
EZYV6495,Europe,Master's,N,N,1257,1976,Northeast,58438.95,Year,Y,Certified
EZYV20522,Asia,Bachelor's,Y,Y,2318,1928,South,129283.7,Year,Y,Denied
EZYV20516,Asia,Bachelor's,N,N,361,2009,Midwest,114938.68,Year,Y,Certified
EZYV9430,Europe,Master's,Y,N,4813,2013,Northeast,57216.92,Year,Y,Certified
EZYV2531,Asia,Bachelor's,Y,N,574,1999,South,101541.53,Year,Y,Certified
EZYV20807,North America,Bachelor's,Y,N,1714,2008,South,347.228,Hour,Y,Denied
EZYV13168,Asia,High School,Y,N,2696,2000,West,72900.32,Year,Y,Denied
EZYV23963,Oceania,Bachelor's,Y,N,4656,1988,Northeast,13279.3,Year,Y,Certified
EZYV10990,Asia,Bachelor's,Y,N,1264,2011,Northeast,122890.56,Year,Y,Certified
EZYV997,North America,Master's,N,N,2294,2005,West,109711.81,Year,N,Denied
EZYV22392,Asia,High School,Y,N,3142,2006,Northeast,87176.05,Year,Y,Certified
EZYV16736,North America,Bachelor's,N,Y,973,2014,West,125015.28,Year,Y,Certified
EZYV24779,Asia,Master's,N,N,5644,1898,Midwest,22626.29,Year,Y,Certified
EZYV11648,Asia,Master's,N,N,1454,1909,Midwest,66669.92,Year,Y,Certified
EZYV22035,Asia,High School,Y,N,2769,2012,West,37185.38,Week,Y,Certified
EZYV9033,Asia,High School,N,N,2210,1998,West,72391.22,Year,N,Denied
EZYV3377,Asia,High School,N,Y,3069,1979,Northeast,10455.12,Year,Y,Denied
EZYV16956,South America,Bachelor's,Y,N,4179,1977,Northeast,264.5662,Hour,Y,Denied
EZYV23588,Asia,Master's,Y,N,1546,1984,Midwest,66300.4,Year,Y,Certified
EZYV16221,Asia,Master's,N,Y,3491,1962,Northeast,58078.33,Year,Y,Denied
EZYV16298,Europe,Master's,N,N,4602,1991,Midwest,65350.98,Year,Y,Certified
EZYV7122,Asia,Master's,N,N,857,2013,South,46047.5,Year,Y,Certified
EZYV8245,Asia,Bachelor's,N,N,3218,1985,South,79.1718,Hour,Y,Denied
EZYV13179,Europe,Bachelor's,Y,N,714,1991,West,62708.56,Year,Y,Denied
EZYV2885,North America,Master's,N,N,5696,2001,Northeast,52561.22,Year,Y,Denied
EZYV16477,Asia,High School,N,N,12766,2006,Midwest,75635.89,Year,N,Certified
EZYV270,Asia,Bachelor's,N,Y,1546,1850,South,162990.52,Year,Y,Certified
EZYV17522,Europe,Master's,Y,N,920,2004,Northeast,524.76,Year,Y,Certified
EZYV9864,Asia,Bachelor's,N,N,3232,2005,South,30797.04,Year,Y,Certified
EZYV13928,Africa,Doctorate,N,N,833,1909,South,34642.37,Year,Y,Certified
EZYV16291,Asia,Bachelor's,Y,N,394,2001,West,89640.25,Year,Y,Certified
EZYV6542,Asia,Bachelor's,Y,N,4625,1917,Midwest,131826.56,Year,Y,Certified
EZYV7436,North America,Bachelor's,N,Y,1486,2004,West,100756.72,Year,Y,Denied
EZYV7354,Asia,High School,Y,N,1841,2001,West,91675.75,Year,Y,Denied
EZYV4986,North America,Doctorate,N,N,1890,1838,Northeast,253111.05,Year,Y,Certified
EZYV2642,Asia,Master's,N,N,736,1994,South,15108.15,Year,Y,Denied
EZYV18689,Asia,Master's,N,N,1156,1965,South,100838.82,Year,N,Certified
EZYV10133,Asia,Master's,Y,N,1272,1850,Northeast,596.4455,Hour,Y,Certified
EZYV17082,Asia,Bachelor's,Y,N,3350,2009,West,94005.34,Week,Y,Certified
EZYV17325,Asia,Bachelor's,N,N,842,1920,West,518.531,Hour,Y,Denied
EZYV20443,South America,High School,Y,N,2855,1989,Northeast,132411.67,Year,Y,Certified
EZYV4419,North America,High School,Y,N,2636,2013,West,144598.88,Year,Y,Certified
EZYV7958,Asia,Bachelor's,Y,N,4013,1949,South,107626.7,Year,N,Certified
EZYV10051,Asia,Master's,Y,N,3769,1996,West,67609.96,Year,N,Certified
EZYV8649,Asia,Doctorate,N,N,741,2000,South,91740.25,Year,Y,Certified
EZYV573,Asia,Master's,Y,N,673,2005,South,68564.85,Year,Y,Certified
EZYV18519,Asia,Bachelor's,Y,N,183,1939,South,114845.56,Year,N,Certified
EZYV6280,South America,Bachelor's,N,N,2093,2009,South,419.7764,Hour,Y,Denied
EZYV10219,Asia,Doctorate,Y,N,47,1988,West,110792.25,Year,Y,Certified
EZYV10438,Africa,Bachelor's,N,Y,1870,2013,West,15336.23,Year,Y,Certified
EZYV12777,Asia,Master's,Y,N,17386,2007,Northeast,34846.88,Year,Y,Certified
EZYV20698,Asia,Bachelor's,Y,N,3596,1998,South,8142.82,Year,Y,Certified
EZYV17647,Europe,Master's,Y,N,1091,1915,Midwest,62092.68,Year,Y,Certified
EZYV22666,Asia,Master's,N,N,773,2008,South,159862.65,Year,Y,Certified
EZYV15546,Europe,Master's,N,N,2871,2010,South,121098.07,Year,Y,Certified
EZYV4235,Asia,Bachelor's,N,N,93,2009,West,38270.49,Year,Y,Denied
EZYV2116,Asia,Master's,N,N,23858,2006,West,134316.79,Year,N,Denied
EZYV20115,Europe,High School,N,N,209,1999,Midwest,135936.51,Year,Y,Denied
EZYV3351,Asia,Master's,N,N,1681,1907,Midwest,98922.18,Year,Y,Denied
EZYV6881,Asia,Master's,N,N,417,1996,South,232792.93,Year,N,Certified
EZYV21252,Asia,Bachelor's,N,N,494,2000,Northeast,6537.59,Year,Y,Certified
EZYV13609,Asia,Master's,Y,N,2396,1995,West,45772.06,Year,Y,Certified
EZYV6073,Asia,Master's,Y,N,2796,1996,Northeast,31318.06,Year,Y,Certified
EZYV15259,Asia,Doctorate,N,N,1087,1998,Midwest,157505.99,Year,Y,Certified
EZYV1120,Europe,Bachelor's,Y,N,1379,2006,West,54679.98,Year,Y,Certified
EZYV3597,Europe,Bachelor's,Y,N,2847,2010,West,36358.96,Year,Y,Certified
EZYV10729,Europe,Bachelor's,Y,Y,2466,2012,South,84000.33,Year,Y,Certified
EZYV9599,Africa,Master's,N,N,657,1986,Midwest,102755.66,Year,N,Denied
EZYV16433,North America,Bachelor's,Y,N,2708,1958,South,119431.1,Year,N,Certified
EZYV14,Asia,Bachelor's,Y,N,1652,2007,Midwest,107196.03,Year,Y,Certified
EZYV5136,North America,Master's,N,N,5419,2006,West,73062.29,Year,N,Certified
EZYV9701,Asia,Master's,Y,N,2319,2004,West,118331.05,Year,Y,Certified
EZYV13525,South America,Master's,N,N,481,2009,South,854.3808,Hour,Y,Denied
EZYV17048,Europe,Doctorate,Y,N,1683,1990,West,46216.56,Year,Y,Certified
EZYV21429,Asia,Master's,N,N,2672,1981,Midwest,118250.61,Year,N,Certified
EZYV24831,North America,Bachelor's,N,Y,1845,2010,Midwest,39150.97,Year,Y,Certified
EZYV10529,Asia,Master's,Y,N,1081,1981,South,3100.07,Year,Y,Certified
EZYV9509,Asia,Master's,Y,N,108,1998,Midwest,82889.75,Year,Y,Certified
EZYV2943,Europe,Bachelor's,Y,N,5563,1926,South,68312.2,Year,Y,Certified
EZYV12082,Asia,Bachelor's,N,N,2289,1919,South,8264.22,Month,Y,Denied
EZYV11388,Europe,High School,Y,N,3255,1869,West,49322.27,Year,Y,Denied
EZYV7227,Asia,Bachelor's,Y,N,3129,1920,Midwest,80838.18,Year,Y,Certified
EZYV2088,North America,Bachelor's,N,N,2411,1850,Northeast,34685.47,Year,Y,Denied
EZYV20408,Europe,High School,N,N,3658,1966,Northeast,4973.17,Year,Y,Certified
EZYV13698,Asia,High School,N,N,2145,1947,West,504.8399,Hour,Y,Denied
EZYV24818,Asia,High School,Y,N,2048,2006,South,57390.82,Year,Y,Certified
EZYV24834,Asia,Bachelor's,N,N,2294,1996,Midwest,338.42,Year,Y,Certified
EZYV3976,Asia,High School,N,N,2111,2004,Midwest,150308.23,Year,Y,Denied
EZYV17315,Asia,Bachelor's,Y,N,421,2010,South,62073.89,Year,Y,Certified
EZYV17841,Asia,Bachelor's,Y,N,1301,2006,South,43126.86,Year,Y,Certified
EZYV14285,Asia,Master's,N,N,4328,2006,Northeast,664.3528,Hour,Y,Denied
EZYV14834,Asia,Master's,Y,N,1279,2007,Northeast,1221.08,Year,Y,Certified
EZYV13341,Asia,Bachelor's,Y,N,2225,2011,South,48140.68,Year,Y,Certified
EZYV5679,Asia,Master's,N,N,4705,1874,Midwest,125849.89,Year,Y,Certified
EZYV13728,Asia,Doctorate,Y,N,4177,1961,Midwest,69609.04,Year,Y,Certified
EZYV17669,Asia,High School,Y,N,1121,2009,South,32232.48,Year,Y,Certified
EZYV14177,Asia,Master's,Y,N,1332,1861,South,58991.09,Year,Y,Certified
EZYV14352,Europe,Bachelor's,Y,N,2687,1997,South,985.5,Year,Y,Denied
EZYV2650,Asia,Bachelor's,Y,N,2900,1969,Northeast,59514.37,Year,Y,Certified
EZYV1942,Asia,Doctorate,Y,Y,2915,1997,West,23331.87,Year,Y,Certified
EZYV14321,North America,Master's,Y,N,2670,1998,Northeast,89775.1,Year,Y,Certified
EZYV22219,Europe,Master's,Y,N,2891,1989,Northeast,130631.87,Year,Y,Certified
EZYV10050,Africa,Bachelor's,N,N,875,1928,West,58517.48,Year,Y,Denied
EZYV25384,Asia,Bachelor's,N,N,1575,2004,West,90268.22,Year,Y,Denied
EZYV20577,Asia,Bachelor's,Y,N,1014,2000,West,27076.38,Year,Y,Denied
EZYV5984,Asia,Bachelor's,N,N,1023,2012,Midwest,66392.67,Year,Y,Certified
EZYV25297,Asia,High School,Y,N,2141,1998,Northeast,64838.69,Year,Y,Certified
EZYV730,Africa,Bachelor's,Y,N,1259,2001,Northeast,25989.85,Year,Y,Certified
EZYV904,Asia,Master's,Y,N,4215,1915,Northeast,23954.31,Year,Y,Certified
EZYV8958,Europe,Bachelor's,N,Y,2558,1999,West,70335.15,Year,Y,Certified
EZYV13824,South America,Bachelor's,Y,N,211,2004,Northeast,55394.68,Year,Y,Certified
EZYV4911,North America,Master's,Y,N,2240,1817,West,49275.83,Year,Y,Denied
EZYV18699,Asia,Bachelor's,Y,N,3231,1968,Northeast,128824.08,Year,Y,Denied
EZYV19709,Europe,Bachelor's,N,N,1006,1948,West,59396.17,Year,Y,Certified
EZYV12603,Asia,Bachelor's,N,N,969,1994,Northeast,256618.11,Year,Y,Denied
EZYV20183,Asia,Master's,Y,N,405,2006,Midwest,185591.66,Year,Y,Certified
EZYV15739,Asia,Bachelor's,Y,Y,1393,1998,South,199324.37,Year,Y,Certified
EZYV17172,South America,Master's,N,N,990,1936,South,122624.42,Year,Y,Certified
EZYV20554,North America,Bachelor's,N,Y,3881,2010,West,37813.1,Year,Y,Certified
EZYV21739,North America,Bachelor's,Y,N,528,2004,Northeast,8334.51,Year,Y,Denied
EZYV14603,Asia,Master's,Y,N,2560,2001,Midwest,106088.47,Year,N,Certified
EZYV24791,Asia,Master's,Y,N,6313,2002,Midwest,73369.62,Year,Y,Certified
EZYV22236,Europe,Doctorate,N,N,2589,1996,Northeast,142740.46,Year,Y,Certified
EZYV14685,Asia,High School,N,N,1926,2002,Northeast,61539.43,Year,Y,Denied
EZYV15408,Asia,Master's,Y,N,283,1977,South,66193.98,Year,Y,Certified
EZYV6692,Asia,Bachelor's,N,N,2076,2007,Midwest,60318.46,Year,Y,Certified
EZYV4965,Europe,Master's,N,Y,575,1986,Northeast,107930.59,Year,Y,Denied
EZYV3411,Europe,Doctorate,Y,N,2774,1968,West,54462.16,Year,Y,Certified
EZYV17623,Asia,High School,Y,N,4712,1971,South,59780.53,Year,Y,Certified
EZYV3931,Asia,Master's,Y,N,4272,1985,Northeast,25530.69,Year,Y,Certified
EZYV16270,North America,Master's,Y,N,4692,1968,Midwest,114520.87,Year,N,Certified
EZYV4010,Europe,Bachelor's,N,N,4752,1986,West,15084.77,Year,Y,Certified
EZYV24973,Asia,Master's,N,N,3958,2005,West,120423.8,Year,Y,Denied
EZYV2715,Asia,High School,N,N,1484,1987,South,87896.31,Year,Y,Denied
EZYV9463,Asia,Bachelor's,N,N,1385,1968,South,53925.14,Year,Y,Certified
EZYV10101,Asia,Bachelor's,Y,N,2564,1939,South,178470.63,Year,Y,Certified
EZYV21918,Asia,Bachelor's,Y,N,600,2001,Midwest,103423.02,Year,Y,Certified
EZYV15818,Asia,Master's,N,N,1828,2011,Northeast,103568.71,Year,N,Denied
EZYV21564,Asia,Bachelor's,N,N,1686,2011,Northeast,52615.07,Year,Y,Denied
EZYV18160,Asia,Bachelor's,Y,N,1020,1999,West,92377.97,Year,Y,Denied
EZYV7148,Europe,Master's,Y,N,958,2006,West,108691.93,Year,Y,Certified
EZYV763,North America,Bachelor's,Y,N,1551,2012,Island,81707.96,Year,Y,Certified
EZYV14353,Asia,Bachelor's,Y,N,2034,2008,South,8083.2,Year,Y,Certified
EZYV2846,Africa,Bachelor's,N,N,214,1929,West,212944.06,Year,Y,Denied
EZYV23080,Asia,High School,Y,N,1305,1984,West,119568.11,Year,Y,Certified
EZYV5033,Asia,Bachelor's,Y,N,3469,1999,West,122774.89,Year,Y,Certified
EZYV14278,Asia,Bachelor's,Y,Y,28,1989,Northeast,101731.06,Year,Y,Certified
EZYV15115,Asia,Bachelor's,N,N,25193,2007,Northeast,105964.61,Year,Y,Denied
EZYV19054,Asia,Master's,N,N,236,1911,Northeast,543.7154,Hour,Y,Denied
EZYV2589,North America,Master's,Y,N,5203,1998,Northeast,21389.89,Year,Y,Certified
EZYV9772,Asia,High School,Y,N,1746,1940,Northeast,19704.98,Year,Y,Denied
EZYV8001,South America,Bachelor's,N,N,472,1993,Midwest,239.3237,Hour,Y,Denied
EZYV20873,Europe,Doctorate,Y,N,3887,1998,Northeast,79170.14,Year,Y,Certified
EZYV25437,Asia,Bachelor's,N,N,1203,2009,South,208098.5,Year,Y,Certified
EZYV4193,Asia,Master's,N,N,68,1994,South,43182.32,Year,Y,Denied
EZYV3044,North America,Doctorate,Y,N,802,2000,West,109585.81,Year,Y,Certified
EZYV21339,Europe,Master's,Y,N,293,2015,West,5167.76,Week,Y,Certified
EZYV13413,North America,Master's,N,N,3410,1863,Northeast,211.0409,Hour,Y,Denied
EZYV24550,Europe,Master's,Y,N,162569,1982,West,25813.05,Year,Y,Certified
EZYV24691,Asia,Master's,Y,N,1513,1968,West,73839.7,Year,N,Certified
EZYV13299,Asia,Master's,N,N,880,1994,West,123045.14,Year,Y,Denied
EZYV21603,Asia,Bachelor's,Y,N,2440,2001,Northeast,88497.66,Year,Y,Certified
EZYV23096,Asia,Bachelor's,N,N,4861,1987,Northeast,101.8,Hour,Y,Denied
EZYV21801,Asia,Master's,Y,N,1173,2001,South,53169.89,Year,Y,Certified
EZYV14736,Asia,Master's,N,N,2219,2001,West,31020.2,Year,Y,Denied
EZYV9488,Europe,Bachelor's,N,Y,4903,1994,West,82889.49,Year,Y,Certified
EZYV6775,Africa,Master's,Y,N,1942,1838,Northeast,85195.29,Year,Y,Certified
EZYV9448,Asia,Master's,Y,N,1938,1985,South,262556.25,Year,Y,Certified
EZYV6113,Europe,Bachelor's,Y,N,8646,1985,South,110606.88,Year,Y,Certified
EZYV21098,Asia,Master's,N,N,1485,2001,South,118885.06,Year,Y,Denied
EZYV5985,Asia,High School,Y,N,333,2001,South,116859.6,Year,Y,Denied
EZYV13265,South America,High School,Y,N,3164,1870,Northeast,83540.67,Year,Y,Denied
EZYV12188,North America,High School,Y,N,4027,1998,South,89.2557,Hour,Y,Denied
EZYV17052,Asia,Master's,N,Y,2731,1845,Midwest,109747.03,Year,Y,Certified
EZYV13942,Asia,Bachelor's,Y,N,3818,1988,Midwest,93274.3,Year,Y,Certified
EZYV8766,Asia,Bachelor's,N,N,2898,2001,Northeast,124.73,Hour,Y,Denied
EZYV24262,Asia,Master's,Y,N,1746,2004,Midwest,40694.84,Year,Y,Certified
EZYV12730,North America,Master's,N,N,3461,2004,Northeast,124220.84,Year,Y,Certified
EZYV14180,Europe,Master's,N,N,3022,2007,South,85553.38,Year,Y,Certified
EZYV5146,Europe,Master's,N,N,2328,1920,West,120999.0,Year,Y,Certified
EZYV20135,Asia,Bachelor's,N,N,4781,2002,South,47276.26,Year,N,Certified
EZYV18926,Asia,High School,N,N,305,2008,Northeast,138553.53,Year,Y,Denied
EZYV11670,Asia,High School,N,N,3272,1997,Northeast,177954.61,Year,Y,Denied
EZYV23161,Asia,Bachelor's,Y,N,2244,2011,South,41654.5,Year,Y,Certified
EZYV16906,Asia,Master's,N,N,67,1994,South,431.5107,Hour,Y,Certified
EZYV1773,North America,Bachelor's,N,N,2753,1999,Northeast,40174.7,Year,Y,Denied
EZYV3405,Europe,High School,Y,N,976,1981,South,10692.74,Year,Y,Denied
EZYV15590,Asia,Bachelor's,N,N,2074,2004,Midwest,306982.28,Year,Y,Denied
EZYV17308,North America,Master's,Y,N,4850,1977,West,2733.37,Year,Y,Certified
EZYV23955,Asia,Bachelor's,N,N,10047,1949,Midwest,119904.51,Year,Y,Certified
EZYV10455,Asia,Bachelor's,Y,N,3621,2002,Northeast,121350.04,Year,Y,Certified
EZYV22745,Asia,Bachelor's,Y,N,3063,1838,Island,168065.23,Year,Y,Certified
EZYV15535,Asia,Bachelor's,Y,N,3824,1985,Northeast,5647.49,Year,Y,Denied
EZYV10515,Asia,High School,N,N,3606,2009,Northeast,58690.92,Year,Y,Denied
EZYV6435,South America,Doctorate,Y,N,3241,2012,West,14362.91,Year,Y,Certified
EZYV836,Asia,Master's,Y,N,1077,2013,Northeast,69435.54,Year,Y,Certified
EZYV15331,South America,Bachelor's,Y,N,3533,1999,Midwest,130137.7,Year,Y,Denied
EZYV22224,Asia,Master's,Y,N,3876,1981,Northeast,74055.47,Year,Y,Denied
EZYV6601,Asia,Bachelor's,Y,N,443,2000,South,6391.49,Year,Y,Denied
EZYV22755,Asia,Master's,Y,N,819,2010,Midwest,136759.66,Year,Y,Certified
EZYV1160,Asia,Master's,Y,N,1998,1996,South,81402.95,Year,Y,Certified
EZYV7016,North America,Master's,Y,N,2729,1976,West,234406.36,Week,Y,Certified
EZYV7029,Asia,Bachelor's,N,N,1716,2014,Northeast,100702.89,Year,Y,Denied
EZYV4047,Asia,High School,Y,N,740,1948,West,17096.86,Year,Y,Denied
EZYV13469,Oceania,Doctorate,N,N,2208,1989,West,783.4473,Hour,Y,Denied
EZYV19053,Europe,Bachelor's,N,N,1570,2003,West,69085.07,Year,Y,Certified
EZYV12157,North America,Master's,Y,N,1324,1968,Island,97777.14,Year,Y,Certified
EZYV8283,Asia,Bachelor's,N,Y,304,1993,South,39091.7,Year,Y,Certified
EZYV2934,Europe,Bachelor's,N,N,4516,2013,West,15892.69,Year,Y,Certified
EZYV19928,North America,High School,Y,N,2188,2005,South,11293.38,Year,Y,Certified
EZYV4811,Asia,Bachelor's,Y,N,3999,1992,South,23869.03,Year,Y,Certified
EZYV13356,Asia,Doctorate,Y,N,3841,1867,Northeast,117222.82,Year,Y,Certified
EZYV4161,Africa,Bachelor's,N,Y,3295,1994,South,70536.49,Year,Y,Denied
EZYV14213,Africa,High School,Y,N,2928,1807,Northeast,100574.37,Year,N,Denied
EZYV2432,Asia,High School,Y,N,2763,1968,Northeast,43387.81,Year,Y,Denied
EZYV12033,Asia,Bachelor's,N,N,2911,1997,South,55289.72,Year,Y,Certified
EZYV9924,Asia,Bachelor's,Y,N,1282,1994,West,57938.05,Year,Y,Denied
EZYV17124,Europe,Doctorate,Y,N,226,2011,West,20869.61,Year,Y,Certified
EZYV3494,Asia,Master's,Y,N,4430,1996,West,151531.6,Year,N,Certified
EZYV27,Asia,Bachelor's,Y,N,756,1995,South,86332.95,Year,Y,Certified
EZYV6464,Asia,Doctorate,Y,N,2806,1975,Midwest,81684.69,Year,Y,Certified
EZYV22810,Asia,Master's,N,N,2999,1971,South,35699.8,Year,Y,Certified
EZYV5331,Asia,Bachelor's,Y,Y,1070,2006,West,70252.63,Year,Y,Certified
EZYV9985,North America,Master's,N,N,3917,2001,Northeast,80361.42,Year,N,Certified
EZYV11506,Asia,Bachelor's,N,N,2419,2007,South,993.9033,Hour,Y,Denied
EZYV13620,Asia,Bachelor's,Y,N,317,1993,South,99342.3,Year,Y,Certified
EZYV21376,South America,Bachelor's,Y,N,1559,1999,Northeast,192.06,Hour,Y,Certified
EZYV14178,Asia,High School,Y,N,4415,1966,South,150967.51,Year,N,Denied
EZYV9410,North America,Master's,N,N,895,1988,Midwest,63210.22,Year,N,Certified
EZYV5838,Asia,Bachelor's,Y,N,27,1887,South,49165.69,Year,Y,Certified
EZYV25339,Asia,Bachelor's,Y,N,1536,2003,South,619.8479,Hour,Y,Denied
EZYV531,Asia,Master's,Y,N,3238,1996,Northeast,73896.5,Year,Y,Certified
EZYV18559,Europe,High School,N,N,1158,1954,South,85227.88,Year,Y,Certified
EZYV4162,Asia,Doctorate,N,N,1903,2011,South,67383.59,Year,Y,Denied
EZYV12705,Europe,High School,N,N,595,1969,Northeast,122697.43,Year,Y,Denied
EZYV17978,Asia,Master's,N,N,91,1833,Northeast,517.5769,Hour,Y,Denied
EZYV24243,Europe,Bachelor's,N,N,1929,1838,South,58714.97,Year,Y,Certified
EZYV7214,Asia,Bachelor's,Y,N,4515,1970,West,20136.52,Year,Y,Certified
EZYV4712,Asia,Bachelor's,Y,N,1709,1982,Midwest,137014.97,Year,Y,Denied
EZYV22705,Asia,Bachelor's,N,N,473,2003,West,92905.19,Year,Y,Denied
EZYV10287,Asia,Bachelor's,N,N,1151,1994,Northeast,57714.45,Year,Y,Denied
EZYV24721,Asia,Bachelor's,N,N,843,2003,Midwest,158063.45,Year,Y,Certified
EZYV4727,Asia,Master's,N,Y,2264,1991,Northeast,133255.64,Year,Y,Certified
EZYV17582,Asia,Bachelor's,Y,N,2527,1984,West,99965.81,Year,Y,Denied
EZYV14119,Asia,Master's,N,N,2920,1993,Midwest,108239.87,Year,Y,Certified
EZYV3006,Asia,Bachelor's,Y,N,1327,2008,South,96022.42,Year,Y,Certified
EZYV16853,Asia,Master's,N,N,1277,2004,Midwest,115218.94,Year,Y,Certified
EZYV3298,Asia,Bachelor's,Y,Y,578,1987,Northeast,21882.5,Year,Y,Certified
EZYV3081,Asia,Bachelor's,N,N,2154,1961,West,85721.94,Year,Y,Denied
EZYV17049,North America,High School,Y,N,1300,1988,Midwest,103907.63,Year,Y,Certified
EZYV18051,Asia,Bachelor's,N,N,2334,1997,Midwest,22297.15,Year,Y,Denied
EZYV2731,Asia,Bachelor's,N,Y,198,1925,Northeast,92203.62,Year,Y,Denied
EZYV15531,Asia,Bachelor's,N,N,3373,1973,South,150824.61,Year,Y,Certified
EZYV1071,North America,Master's,N,N,3274,2010,Midwest,103488.11,Year,N,Certified
EZYV9890,Asia,Bachelor's,N,N,2510,1999,Northeast,96040.35,Year,Y,Denied
EZYV23634,Asia,High School,Y,N,2941,1985,South,90876.86,Year,N,Denied
EZYV4470,Asia,Master's,Y,N,3887,2009,Northeast,39315.41,Year,N,Certified
EZYV4476,Asia,Master's,N,N,2069,2004,Northeast,134029.15,Year,Y,Denied
EZYV237,Asia,Bachelor's,N,N,2543,2014,West,93644.17,Year,Y,Denied
EZYV23413,Asia,Bachelor's,Y,N,86,1957,Northeast,15413.23,Year,Y,Certified
EZYV2517,Asia,Master's,N,N,2537,1963,West,156514.43,Year,N,Denied
EZYV23001,Asia,Master's,N,N,2599,2010,Northeast,83494.12,Year,N,Certified
EZYV3458,Asia,Bachelor's,N,Y,477,2001,South,30780.91,Year,Y,Denied
EZYV21047,Asia,Bachelor's,Y,N,89379,1999,South,57050.55,Year,Y,Certified
EZYV4814,Europe,Master's,Y,N,28315,2007,West,37741.58,Year,Y,Certified
EZYV3441,Asia,High School,Y,N,4386,2004,Midwest,33446.16,Year,Y,Denied
EZYV15990,Asia,Master's,Y,Y,1511,2010,West,102572.68,Year,Y,Denied
EZYV4995,Asia,Master's,Y,Y,633,1996,South,110941.89,Year,Y,Certified
EZYV19921,South America,Bachelor's,N,N,794,1999,Northeast,540.6463,Hour,Y,Denied
EZYV19857,Asia,Master's,Y,N,2343,2013,South,64947.21,Year,Y,Certified
EZYV22441,Asia,High School,N,N,9015,1984,West,70098.18,Year,Y,Certified
EZYV11444,Africa,Bachelor's,N,Y,2489,1998,Northeast,23166.97,Year,Y,Denied
EZYV1587,Asia,Bachelor's,Y,N,6362,2004,West,28224.64,Year,Y,Certified
EZYV20591,Africa,Master's,Y,N,4045,1991,West,46302.56,Year,Y,Certified
EZYV22711,Asia,Bachelor's,Y,Y,1598,2007,Island,142808.7,Year,Y,Certified
EZYV18320,Asia,Bachelor's,N,N,947,1997,West,55729.05,Year,Y,Certified
EZYV18698,Asia,Master's,N,N,726,1941,Northeast,125691.0,Year,N,Certified
EZYV15260,Asia,Bachelor's,N,N,3207,1986,West,116472.15,Year,Y,Certified
EZYV2707,Europe,Bachelor's,Y,N,2943,1997,Midwest,3326.61,Year,Y,Certified
EZYV21154,Asia,Master's,N,N,746,1985,South,162632.99,Year,Y,Certified
EZYV15949,Asia,Bachelor's,N,N,3816,2005,South,136241.97,Year,N,Denied
EZYV9154,Asia,Doctorate,N,Y,5349,1991,South,25784.6,Year,Y,Certified
EZYV12306,Asia,Master's,N,N,2998,1998,West,34899.34,Year,Y,Denied
EZYV21449,North America,Bachelor's,N,N,732,1998,West,122454.82,Year,Y,Denied
EZYV3174,Oceania,High School,Y,N,963,2009,West,63988.64,Year,Y,Certified
EZYV7343,Asia,Bachelor's,N,N,403,1855,Midwest,134595.21,Year,Y,Certified
EZYV15493,Asia,Bachelor's,Y,N,608,1985,South,44356.21,Year,Y,Certified
EZYV16017,Asia,Master's,Y,N,1689,2005,Northeast,117138.76,Year,N,Certified
EZYV21020,Asia,High School,N,N,569,2012,West,75130.63,Year,Y,Certified
EZYV339,Asia,Bachelor's,Y,N,2114,2012,Northeast,15.7716,Hour,Y,Certified
EZYV3053,Europe,Master's,Y,N,2984,1994,West,38136.75,Year,Y,Certified
EZYV14734,Asia,Bachelor's,N,N,892,1989,South,784.0817,Hour,Y,Denied
EZYV16561,Africa,Bachelor's,Y,N,1703,2007,South,105416.02,Year,N,Denied
EZYV12442,Europe,Doctorate,N,N,394,2009,West,40959.5,Year,Y,Certified
EZYV8798,South America,Bachelor's,N,N,634,2004,Northeast,113964.19,Year,N,Denied
EZYV19173,Asia,Master's,N,N,3362,2003,Northeast,480.1643,Hour,Y,Denied
EZYV18883,Europe,High School,N,N,2266,1871,South,49045.52,Year,Y,Certified
EZYV12132,Asia,Master's,Y,Y,2888,1996,South,78172.05,Year,Y,Certified
EZYV12649,Asia,Bachelor's,Y,N,2780,1996,Northeast,78764.95,Year,Y,Denied
EZYV16929,Asia,Master's,N,N,5575,2011,Northeast,63749.51,Year,Y,Certified
EZYV13406,Africa,Bachelor's,Y,N,4129,2007,Midwest,122006.72,Year,Y,Denied
EZYV20713,North America,Bachelor's,N,N,3820,1998,West,163256.18,Year,N,Denied
EZYV24407,Asia,Bachelor's,N,N,2017,2000,Northeast,104341.82,Year,Y,Denied
EZYV19105,Asia,Bachelor's,N,Y,860,1997,South,133097.51,Year,Y,Certified
EZYV24010,Asia,Master's,Y,Y,1174,2004,West,138187.45,Year,Y,Certified
EZYV13466,Europe,High School,Y,N,812,2007,Northeast,41123.47,Year,Y,Denied
EZYV4573,North America,Master's,Y,N,3471,2007,South,63235.89,Year,Y,Certified
EZYV23188,Europe,High School,Y,N,657,2004,West,7385.95,Year,Y,Certified
EZYV24300,Asia,Bachelor's,N,N,1475,2000,Midwest,44989.55,Year,Y,Denied
EZYV11649,North America,Master's,Y,N,1220,1999,South,82367.6,Year,Y,Certified
EZYV12081,Europe,Master's,Y,Y,934,1997,South,77331.39,Year,Y,Certified
EZYV15873,North America,Doctorate,N,N,2848,2006,South,1913.76,Year,Y,Certified
EZYV19494,Asia,Master's,N,N,5736,2007,West,146759.8,Year,Y,Certified
EZYV12425,Asia,Bachelor's,N,N,3072,1934,South,44914.0,Year,Y,Denied
EZYV10316,Asia,High School,N,N,2426,2005,Midwest,81096.52,Year,Y,Denied
EZYV17490,Europe,Bachelor's,Y,Y,735,2001,West,34184.04,Year,Y,Certified
EZYV24538,Asia,Master's,N,N,463,1980,West,147487.82,Year,N,Denied
EZYV2654,North America,Bachelor's,N,N,1555,2013,Northeast,113.61,Hour,Y,Denied
EZYV5443,South America,Bachelor's,Y,N,6499,1993,Northeast,4841.59,Year,Y,Certified
EZYV13505,Asia,Bachelor's,N,N,350,1989,Northeast,62363.69,Year,Y,Certified
EZYV9147,Asia,Master's,N,N,184,1981,Northeast,101731.52,Year,Y,Certified
EZYV14015,South America,Bachelor's,N,N,962,1980,South,255.3884,Hour,Y,Denied
EZYV17359,Europe,Doctorate,Y,N,95,2005,Northeast,28312.05,Year,Y,Certified
EZYV9442,Asia,Bachelor's,Y,N,2905,1888,West,96271.4,Year,Y,Denied
EZYV6385,Asia,High School,Y,N,4547,2011,South,56816.86,Year,Y,Denied
EZYV11808,Asia,Bachelor's,N,N,2572,1990,Northeast,931.3662,Hour,Y,Denied
EZYV20234,Asia,Master's,Y,N,1993,1939,Midwest,219.07,Hour,Y,Certified
EZYV13044,North America,Bachelor's,Y,N,1513,1986,Midwest,29894.29,Year,N,Certified
EZYV7486,Asia,Master's,N,N,3451,2011,Midwest,128852.61,Year,Y,Certified
EZYV6857,Europe,High School,Y,N,366691,2010,West,30868.9,Year,Y,Denied
EZYV5285,Asia,High School,N,N,3958,1982,Northeast,185414.47,Year,Y,Denied
EZYV9711,Asia,Bachelor's,N,N,3269,1998,Northeast,72856.78,Year,Y,Certified
EZYV24031,Asia,Master's,N,N,2094,2006,Midwest,84604.87,Year,Y,Certified
EZYV17435,Asia,Bachelor's,N,N,2079,2010,Northeast,138103.17,Year,Y,Denied
EZYV14661,Asia,Master's,N,N,755,2000,Northeast,160078.93,Year,Y,Denied
EZYV18466,Asia,High School,Y,Y,1992,1979,Midwest,68105.9,Year,Y,Certified
EZYV11911,Europe,Doctorate,N,N,1581,1991,West,9748.39,Year,Y,Certified
EZYV1605,Asia,Bachelor's,N,N,696,1991,South,794.3333,Hour,Y,Certified
EZYV13425,Asia,Master's,Y,Y,2365,1987,Northeast,63337.71,Year,Y,Denied
EZYV7296,Asia,Bachelor's,Y,Y,1829,1962,South,153115.73,Year,Y,Certified
EZYV7692,Asia,Bachelor's,N,N,1040,1959,Northeast,92202.27,Year,Y,Denied
EZYV1505,Europe,Master's,N,N,1227,1997,Midwest,31321.18,Year,Y,Certified
EZYV7503,Asia,High School,Y,N,68,1920,Midwest,176.76,Hour,Y,Denied
EZYV22814,Asia,High School,Y,N,440,1999,South,59935.94,Year,Y,Certified
EZYV12394,Asia,Bachelor's,N,N,62632,1987,West,957.41,Year,Y,Denied
EZYV9292,Asia,Master's,Y,N,5228,2010,West,66903.11,Year,Y,Certified
EZYV12285,Asia,Doctorate,Y,N,27239,1980,West,21075.52,Year,Y,Certified
EZYV19891,Asia,Master's,Y,N,1654,2002,South,77528.21,Year,Y,Certified
EZYV16980,Asia,High School,N,Y,369,2006,South,62128.84,Year,Y,Certified
EZYV25261,North America,High School,Y,N,1109,2008,Northeast,119944.02,Year,Y,Certified
EZYV12903,Europe,Bachelor's,Y,N,2104,2001,Northeast,65245.85,Year,Y,Certified
EZYV3520,Europe,Doctorate,N,N,4142,2010,Northeast,39180.19,Year,Y,Certified
EZYV6207,Asia,High School,N,N,1025,2000,Northeast,78103.74,Year,Y,Denied
EZYV5621,Asia,Bachelor's,N,N,1904,1994,South,161254.67,Year,Y,Certified
EZYV1354,North America,Master's,Y,N,986,1986,Northeast,135100.17,Year,Y,Certified
EZYV2005,Asia,High School,Y,N,2285,1871,South,645.353,Hour,Y,Certified
EZYV8765,Europe,Master's,Y,N,1180,1926,Northeast,12160.47,Year,Y,Certified
EZYV12698,North America,Master's,N,N,2842,1998,West,10208.32,Year,Y,Denied
EZYV19730,Asia,High School,Y,N,96,2005,Northeast,105646.98,Year,Y,Denied
EZYV23227,Asia,Bachelor's,Y,N,2201,1979,West,100.95,Hour,Y,Denied
EZYV20033,North America,Master's,N,N,2989,1899,South,126379.64,Year,Y,Certified
EZYV676,Asia,Bachelor's,Y,N,3041,2004,South,116867.59,Year,Y,Certified
EZYV19330,Asia,Bachelor's,Y,N,2270,2012,Northeast,20112.48,Year,Y,Denied
EZYV2050,Asia,Bachelor's,Y,N,22304,2002,Midwest,211527.06,Year,Y,Certified
EZYV7621,Asia,Master's,Y,N,1834,1959,West,58036.34,Year,Y,Certified
EZYV16021,Asia,Master's,Y,N,2586,2007,South,553.5161,Hour,Y,Certified
EZYV12221,Asia,Bachelor's,N,N,643,1997,West,37665.1,Year,Y,Certified
EZYV11705,Asia,High School,Y,N,4076,2007,Northeast,79286.03,Year,Y,Denied
EZYV13145,Asia,Bachelor's,N,N,437064,1899,South,38970.85,Year,Y,Certified
EZYV25291,Europe,Doctorate,Y,N,3357,1923,South,86778.04,Month,Y,Denied
EZYV1976,Asia,Bachelor's,Y,N,4148,2005,South,12603.94,Year,Y,Certified
EZYV20273,Asia,Bachelor's,N,N,1851,1994,South,144666.13,Year,Y,Certified
EZYV15964,Asia,Bachelor's,N,N,1428,1971,Northeast,137505.0,Year,Y,Denied
EZYV12300,Asia,High School,N,N,4455,1999,Midwest,157805.89,Year,Y,Denied
EZYV18992,Asia,Master's,Y,N,795,1977,South,447.3704,Hour,Y,Certified
EZYV10454,Asia,Master's,N,N,278152,1970,West,36691.21,Week,Y,Certified
EZYV23876,North America,Master's,N,N,3106,1999,Northeast,18176.31,Year,Y,Denied
EZYV14229,Asia,Bachelor's,Y,N,754,2005,West,52288.23,Year,Y,Denied
EZYV22509,Asia,Bachelor's,N,N,2039,2001,South,142865.72,Year,Y,Denied
EZYV8942,Asia,Bachelor's,Y,N,3669,2009,Northeast,38044.95,Year,Y,Certified
EZYV12644,Asia,Master's,Y,N,2400,2006,Midwest,138791.34,Year,Y,Certified
EZYV9322,North America,Master's,Y,N,5876,1948,Northeast,89543.68,Year,Y,Certified
EZYV17585,Asia,Master's,N,N,108,1915,Midwest,79271.93,Year,Y,Certified
EZYV18183,Asia,Master's,Y,N,2863,1978,Midwest,43468.88,Year,Y,Certified
EZYV5404,Asia,Bachelor's,Y,N,4731,1987,South,125987.84,Year,Y,Certified
EZYV25262,North America,Bachelor's,N,N,457,2012,West,580.1652,Hour,Y,Denied
EZYV3093,Asia,Bachelor's,N,N,2634,1962,Midwest,60706.99,Year,Y,Denied
EZYV19668,Asia,Bachelor's,N,N,1670,2005,South,110203.08,Year,Y,Denied
EZYV17867,South America,Bachelor's,N,N,1403,2006,Midwest,126174.98,Year,Y,Certified
EZYV13867,Asia,Doctorate,Y,N,1797,1984,South,61390.61,Year,Y,Certified
EZYV7377,Asia,Bachelor's,Y,N,553,2013,Northeast,48597.75,Year,Y,Denied
EZYV12087,Asia,Master's,Y,N,4850,2007,South,14876.49,Year,Y,Certified
EZYV18491,Asia,High School,Y,N,101,2010,Northeast,73536.79,Year,Y,Denied
EZYV18230,Asia,Master's,N,N,425,2000,South,56408.3,Year,Y,Denied
EZYV4568,Asia,Bachelor's,Y,N,1389,1876,Midwest,200108.73,Year,Y,Certified
EZYV3589,Asia,Bachelor's,N,Y,817,1946,Northeast,44022.47,Year,Y,Denied
EZYV21329,Asia,Master's,N,N,2161,2000,South,50507.76,Year,Y,Denied
EZYV6007,South America,High School,Y,N,845,1898,Northeast,95.8502,Hour,Y,Certified
EZYV14347,Asia,Master's,N,N,1829,1999,South,281582.84,Year,N,Denied
EZYV20147,Europe,Master's,Y,N,122760,1897,Northeast,72589.09,Year,Y,Certified
EZYV2159,Asia,Bachelor's,Y,Y,4991,1923,South,84930.67,Year,Y,Certified
EZYV2804,South America,Bachelor's,Y,N,1512,2005,Northeast,121042.06,Year,Y,Denied
EZYV118,North America,Master's,Y,Y,2225,1976,Northeast,65993.21,Year,Y,Certified
EZYV10401,North America,Bachelor's,N,Y,4555,1995,West,53388.73,Year,Y,Denied
EZYV5039,Asia,Bachelor's,Y,N,330,2010,Northeast,15256.4,Year,Y,Denied
EZYV10199,Asia,Bachelor's,N,N,1749,2004,West,57734.09,Year,Y,Denied
EZYV6539,Asia,Master's,Y,Y,1221,1948,West,63531.48,Year,Y,Certified
EZYV1980,South America,Bachelor's,Y,N,4541,2004,Northeast,44020.85,Year,Y,Certified
EZYV14702,Africa,Master's,Y,N,110206,1928,Midwest,228645.15,Year,Y,Certified
EZYV12018,Asia,Master's,N,N,2148,2005,South,644.884,Hour,Y,Denied
EZYV1869,North America,Master's,Y,N,3648,1998,Midwest,144191.4,Year,N,Certified
EZYV14660,Asia,High School,Y,N,1870,1962,South,6910.74,Year,N,Denied
EZYV5697,Europe,Master's,N,N,4101,2010,Northeast,54342.79,Year,N,Certified
EZYV23173,North America,High School,N,N,218,1989,South,80671.47,Year,Y,Denied
EZYV10261,Europe,Doctorate,Y,N,10579,2012,Northeast,139981.38,Year,Y,Certified
EZYV6366,Asia,Doctorate,Y,N,4107,2007,West,16671.65,Year,Y,Certified
EZYV22025,Asia,Master's,N,N,2405,2012,West,210360.91,Year,N,Certified
EZYV16225,Asia,Master's,Y,N,2939,1999,Northeast,106378.15,Year,Y,Certified
EZYV12129,Asia,Master's,Y,N,992,2006,Northeast,134.89,Hour,Y,Certified
EZYV1999,South America,Bachelor's,N,Y,491,2000,West,112623.2,Year,Y,Denied
EZYV21092,Europe,Bachelor's,Y,N,1002,1998,West,100143.75,Year,Y,Certified
EZYV21228,Asia,Doctorate,N,N,694,2004,Northeast,48445.49,Year,Y,Denied
EZYV15554,Europe,Bachelor's,Y,N,1739,1855,Northeast,82980.03,Year,Y,Certified
EZYV2895,Europe,Master's,Y,N,996,1972,West,12661.08,Year,Y,Certified
EZYV5290,Asia,High School,Y,N,2806,2004,South,77975.57,Year,Y,Denied
EZYV16022,Asia,Bachelor's,N,N,922,1963,South,128166.97,Year,Y,Certified
EZYV16309,Europe,High School,Y,Y,1772,1977,South,23207.02,Year,Y,Certified
EZYV7276,Europe,Doctorate,Y,N,108183,1953,South,16387.59,Year,Y,Certified
EZYV13726,Asia,Bachelor's,N,N,4688,2007,Northeast,593.1726,Hour,Y,Denied
EZYV8745,Asia,Bachelor's,N,Y,1340,1995,Northeast,163903.8,Year,Y,Certified
EZYV23673,Asia,Bachelor's,Y,N,1614,2011,South,99612.84,Year,Y,Denied
EZYV21856,Asia,Bachelor's,N,N,2942,1968,Northeast,51943.37,Year,Y,Denied
EZYV16234,Asia,Master's,N,N,2364,1928,Midwest,29199.38,Year,Y,Certified
EZYV10389,Asia,Master's,Y,N,393,1899,Midwest,160477.79,Year,Y,Certified
EZYV7310,Asia,Master's,Y,N,4271,2007,West,37769.87,Year,Y,Certified
EZYV8535,Europe,Doctorate,N,N,1406,1902,West,30025.61,Year,Y,Certified
EZYV6908,Asia,Bachelor's,Y,N,2743,1954,South,109641.6,Year,Y,Certified
EZYV15165,Asia,Master's,N,N,431,1857,Northeast,140459.02,Year,N,Denied
EZYV16106,Asia,Bachelor's,N,N,2945,2010,South,10649.97,Year,N,Denied
EZYV20461,Asia,Bachelor's,N,N,1299,2004,South,109289.68,Year,Y,Denied
EZYV23781,Asia,Master's,Y,N,1922,1997,West,84519.72,Year,Y,Certified
EZYV6248,Asia,Bachelor's,N,Y,19,1977,South,197291.43,Year,Y,Denied
EZYV15453,Asia,Master's,Y,N,5005,1998,Northeast,64016.67,Year,Y,Certified
EZYV15826,Asia,Master's,N,N,1878,2009,Midwest,36106.83,Year,Y,Certified
EZYV23411,Asia,High School,N,N,2635,1993,South,931.7019,Hour,Y,Certified
EZYV7386,Asia,Master's,N,N,1660,1995,South,39935.85,Year,Y,Certified
EZYV14835,North America,Bachelor's,Y,N,2291,2001,Northeast,112752.97,Year,Y,Denied
EZYV20068,Asia,Bachelor's,N,N,7400,1998,Northeast,193162.48,Year,N,Denied
EZYV4024,North America,Master's,Y,N,580,2002,South,70724.35,Year,Y,Certified
EZYV2318,Europe,Master's,N,N,3866,2006,West,19160.25,Year,Y,Certified
EZYV5929,Asia,Bachelor's,Y,N,954,1993,South,112316.98,Year,Y,Certified
EZYV23178,Asia,High School,Y,N,2716,1845,Midwest,39815.44,Year,Y,Certified
EZYV9950,Asia,Master's,N,N,2457,2011,West,79984.1,Year,N,Certified
EZYV9141,North America,Bachelor's,N,N,2119,1968,West,775.9322,Hour,Y,Denied
EZYV5906,Asia,High School,N,N,605,1985,Midwest,156933.48,Year,Y,Denied
EZYV9466,Asia,Bachelor's,Y,N,741,1984,Northeast,4062.34,Year,Y,Denied
EZYV19453,Europe,Doctorate,Y,N,1236,1873,West,38920.81,Year,Y,Denied
EZYV20485,North America,Bachelor's,Y,N,456,2003,South,118621.39,Year,Y,Denied
EZYV21269,North America,Bachelor's,N,N,3176,1997,South,121722.79,Year,Y,Certified
EZYV21578,Asia,Master's,N,N,3440,2011,Northeast,97075.05,Year,Y,Denied
EZYV1777,Asia,Master's,N,N,4442,1968,South,11091.8,Year,Y,Certified
EZYV24903,North America,High School,Y,N,1125,1969,South,264.9594,Hour,Y,Denied
EZYV23291,Europe,Bachelor's,N,N,361,1881,South,4491.89,Year,Y,Certified
EZYV15496,Asia,Master's,Y,N,2985,2010,Midwest,133663.85,Year,Y,Certified
EZYV15530,Asia,Bachelor's,N,Y,5706,2013,West,52185.91,Year,Y,Certified
EZYV10054,Asia,Bachelor's,Y,N,345,2004,South,86229.4,Year,Y,Denied
EZYV21004,North America,Bachelor's,Y,N,1861,1979,South,94785.32,Year,Y,Certified
EZYV8039,Oceania,High School,Y,N,1039,2004,West,53717.74,Year,N,Certified
EZYV2780,Asia,Master's,N,N,1055,1860,West,167.9421,Hour,Y,Denied
EZYV4078,Asia,High School,N,N,808,1977,Northeast,32072.67,Year,Y,Denied
EZYV17170,Europe,Bachelor's,N,Y,1283,1999,West,63201.54,Year,Y,Certified
EZYV16265,Europe,Master's,Y,N,1045,1998,West,73663.12,Year,Y,Certified
EZYV11333,Europe,High School,Y,Y,1065,2007,South,103429.27,Year,Y,Denied
EZYV16666,North America,High School,N,Y,3067,2006,West,132212.54,Year,Y,Certified
EZYV15127,Asia,Master's,Y,N,3227,2005,Northeast,98910.4,Year,N,Certified
EZYV14309,Asia,Master's,Y,N,2262,1859,Midwest,88467.88,Year,Y,Certified
EZYV17801,North America,Master's,N,N,3134,1999,South,37550.56,Year,N,Denied
EZYV16497,Asia,Bachelor's,Y,N,370,2000,Midwest,84443.78,Year,Y,Denied
EZYV12485,Asia,Doctorate,N,N,1244,1968,Northeast,138394.51,Year,Y,Certified
EZYV17010,Asia,Master's,N,Y,603,1995,South,160022.61,Year,Y,Certified
EZYV22043,Asia,Bachelor's,N,N,3610,1993,West,100531.0,Year,Y,Denied
EZYV20957,Asia,Master's,Y,N,1777,1979,South,105.96,Hour,Y,Denied
EZYV5701,Asia,Master's,N,N,15,2003,Northeast,139339.16,Year,Y,Certified
EZYV755,Asia,Bachelor's,Y,N,2913,1953,Northeast,101292.33,Year,Y,Certified
EZYV6779,Asia,Bachelor's,N,N,746,2011,South,115.12,Hour,Y,Denied
EZYV17680,Europe,Doctorate,N,N,1701,2003,West,60059.97,Year,Y,Certified
EZYV5483,Asia,Master's,N,N,5088,1993,West,95997.13,Year,Y,Certified
EZYV7535,Asia,Bachelor's,Y,N,3543,1994,West,99324.12,Year,Y,Certified
EZYV9989,Asia,High School,Y,N,1893,1995,Midwest,120298.28,Year,Y,Denied
EZYV17036,Asia,Doctorate,Y,N,2702,1987,West,30297.67,Year,Y,Certified
EZYV2514,Asia,Master's,Y,N,1193,1997,Northeast,222098.09,Year,Y,Certified
EZYV24862,Asia,High School,Y,N,2489,1933,Midwest,98342.8,Year,Y,Certified
EZYV6576,North America,Master's,N,N,1265,1998,South,645.7499,Hour,Y,Denied
EZYV12119,South America,High School,Y,N,607,1980,West,32060.79,Year,Y,Denied
EZYV3979,Asia,Bachelor's,Y,N,833,1992,West,602.5,Year,Y,Denied
EZYV20312,Asia,Master's,Y,N,2505,2003,Northeast,35302.69,Year,Y,Certified
EZYV779,South America,Master's,Y,N,2483,2008,Midwest,40475.41,Year,Y,Certified
EZYV21210,Europe,Bachelor's,Y,N,2658,1985,Northeast,115396.28,Year,Y,Denied
EZYV3564,Asia,Master's,Y,N,1002,1884,Midwest,130009.87,Year,Y,Certified
EZYV11088,Asia,Bachelor's,Y,N,2639,2015,Northeast,123120.05,Year,Y,Certified
EZYV17655,North America,Bachelor's,Y,N,2381,1981,Northeast,98.6015,Hour,N,Denied
EZYV9757,Asia,Master's,Y,N,413,1984,Midwest,144393.35,Year,N,Certified
EZYV19146,Asia,Bachelor's,N,N,1327,2013,Northeast,92222.04,Year,Y,Certified
EZYV9155,Europe,Doctorate,N,N,1281,2004,South,16448.89,Year,Y,Certified
EZYV6415,Asia,Master's,Y,N,4492,1994,Midwest,91084.09,Year,Y,Certified
EZYV4713,Asia,Master's,Y,N,3556,2001,South,106794.7,Year,N,Certified
EZYV1156,Asia,Bachelor's,N,N,2607,2008,Midwest,82708.29,Year,Y,Certified
EZYV12242,Europe,Bachelor's,N,N,1615,1987,Northeast,182.8141,Hour,Y,Denied
EZYV12409,Asia,Master's,Y,N,20687,1944,Midwest,35988.02,Year,N,Certified
EZYV12585,Asia,Bachelor's,Y,N,5224,1978,Northeast,10103.27,Year,Y,Certified
EZYV22636,Europe,Master's,Y,N,43,1983,West,77123.2,Year,Y,Denied
EZYV1946,North America,Bachelor's,Y,N,372,2008,Northeast,144.76,Hour,Y,Denied
EZYV17688,Europe,Master's,N,N,2243,2005,Northeast,741.6666,Hour,Y,Denied
EZYV17419,Asia,Bachelor's,Y,N,3952,1969,South,33260.72,Year,Y,Certified
EZYV19648,Asia,Master's,N,N,1025,2004,Midwest,100224.85,Year,Y,Certified
EZYV13138,Asia,Master's,N,N,894,1902,South,739.4609,Hour,Y,Denied
EZYV20386,Africa,High School,N,Y,790,1947,South,31467.3,Year,Y,Certified
EZYV16790,Asia,Doctorate,Y,N,6034,2013,South,25619.05,Year,Y,Certified
EZYV6988,Europe,Bachelor's,Y,Y,89,1968,South,249339.52,Year,Y,Certified
EZYV17817,Asia,Bachelor's,Y,N,413,2009,Northeast,292.0788,Hour,Y,Denied
EZYV5760,Asia,Bachelor's,Y,N,1245,1998,South,167084.57,Year,Y,Denied
EZYV12368,Asia,Master's,Y,N,232,1999,South,39157.95,Year,Y,Certified
EZYV22189,Asia,Master's,N,N,26903,1956,Midwest,159192.3,Year,N,Certified
EZYV4416,Europe,Master's,Y,N,736,1998,South,26494.5,Year,Y,Certified
EZYV15710,Asia,Bachelor's,Y,Y,2774,2000,Northeast,41780.02,Year,Y,Certified
EZYV138,Asia,Master's,N,N,2847,2013,Midwest,77883.22,Year,Y,Certified
EZYV2388,Asia,Bachelor's,N,N,130,2001,West,230.4357,Hour,Y,Denied
EZYV17984,Asia,Bachelor's,N,N,-26,2004,South,84359.98,Year,Y,Denied
EZYV13972,Asia,Bachelor's,Y,N,4906,2000,South,64642.73,Year,Y,Certified
EZYV11523,Asia,Master's,N,N,3251,2007,Northeast,69089.42,Year,N,Denied
EZYV5535,Asia,Bachelor's,Y,N,2428,2003,South,724.3166,Hour,Y,Denied
EZYV1302,North America,High School,N,N,4332,1999,Midwest,560.2798,Hour,Y,Certified
EZYV11889,Asia,Bachelor's,N,N,117,2015,South,164191.63,Year,Y,Certified
EZYV15011,Africa,Bachelor's,N,N,1469,2009,South,98249.02,Year,Y,Certified
EZYV10887,North America,Bachelor's,Y,N,762,1962,South,29185.23,Year,Y,Denied
EZYV14565,Asia,Bachelor's,N,N,1672,1984,Northeast,94976.15,Year,Y,Denied
EZYV22701,Asia,Bachelor's,N,Y,3375,2003,South,83040.2,Year,Y,Certified
EZYV16577,Europe,Bachelor's,Y,Y,2912,1997,Northeast,123966.37,Year,Y,Certified
EZYV14211,Asia,Doctorate,N,N,116,2001,Northeast,27688.6,Year,Y,Denied
EZYV12090,Asia,Doctorate,Y,N,222,1998,Northeast,80660.83,Year,Y,Certified
EZYV19268,Asia,Master's,N,N,510,1989,South,984.8761,Hour,Y,Certified
EZYV22191,Africa,Master's,Y,N,4245,2010,South,55756.85,Year,Y,Certified
EZYV11253,North America,Master's,N,N,866,2010,South,40224.34,Year,Y,Certified
EZYV15950,North America,High School,Y,N,3634,1980,West,15207.7,Year,Y,Certified
EZYV2576,Africa,Master's,Y,N,1011,2013,Northeast,50418.09,Year,Y,Certified
EZYV5338,Europe,Doctorate,N,N,2507,1996,Northeast,100557.27,Year,Y,Certified
EZYV18168,Asia,Bachelor's,Y,N,3899,1939,Midwest,135156.71,Year,Y,Certified
EZYV5069,Asia,Bachelor's,N,N,274,2004,West,77686.16,Year,Y,Denied
EZYV377,Asia,Bachelor's,N,N,2594,1849,South,85495.84,Year,Y,Certified
EZYV14623,North America,Bachelor's,Y,N,416,2010,South,8861.58,Year,Y,Denied
EZYV19820,Africa,Bachelor's,Y,N,4076,2014,West,10115.2,Year,Y,Certified
EZYV3615,Asia,Master's,Y,N,360,1982,West,121159.56,Year,Y,Certified
EZYV17448,Asia,Master's,N,N,2201,1971,West,51343.95,Year,Y,Denied
EZYV16997,Asia,Bachelor's,Y,N,1407,1995,South,82511.2,Year,Y,Certified
EZYV25012,Asia,Bachelor's,Y,N,18073,2005,Northeast,94523.86,Year,Y,Denied
EZYV12643,Asia,High School,Y,N,1663,2005,Midwest,50344.6,Year,Y,Denied
EZYV3542,Asia,Bachelor's,N,N,479,2010,West,455.2163,Hour,Y,Denied
EZYV3569,Asia,Bachelor's,Y,N,1371,2005,Northeast,119022.94,Year,Y,Certified
EZYV729,Asia,High School,Y,Y,4792,2008,West,17561.48,Year,Y,Denied
EZYV25381,Asia,Bachelor's,N,N,4214,1995,West,105585.28,Year,Y,Denied
EZYV8121,Europe,Doctorate,Y,N,2616,2004,West,71987.44,Year,Y,Certified
EZYV10564,Europe,Master's,Y,N,105202,2012,Northeast,68944.02,Year,Y,Certified
EZYV14976,Asia,Bachelor's,Y,N,1514,2010,West,145438.87,Year,Y,Denied
EZYV2301,Europe,Bachelor's,Y,N,349,2003,West,41441.39,Year,Y,Denied
EZYV16632,Asia,High School,N,Y,33837,1997,South,44280.25,Year,N,Denied
EZYV8321,Asia,Doctorate,N,Y,2248,1997,South,128239.79,Year,Y,Certified
EZYV10921,Asia,Doctorate,N,N,1415,2008,Northeast,151152.74,Year,Y,Certified
EZYV12977,Europe,Master's,N,N,3909,1838,West,43577.33,Year,Y,Certified
EZYV16770,Asia,Master's,N,N,907,2006,Northeast,139541.77,Year,Y,Certified
EZYV25420,Asia,Bachelor's,Y,N,985,2007,South,113284.23,Year,Y,Certified
EZYV19883,Asia,Bachelor's,N,N,4406,1954,Northeast,100058.0,Year,Y,Denied
EZYV24299,Asia,Master's,Y,N,5156,1920,Northeast,44642.96,Year,N,Certified
EZYV4813,Asia,Bachelor's,N,N,4121,1863,West,92.7343,Hour,Y,Denied
EZYV8953,South America,Bachelor's,N,N,931,2001,South,60900.95,Year,Y,Denied
EZYV3896,South America,Bachelor's,N,Y,687,1912,West,126194.09,Year,N,Denied
EZYV3654,Asia,High School,N,N,577,1996,South,120974.73,Year,N,Denied
EZYV7444,North America,Bachelor's,N,N,11555,2001,West,133.33,Hour,Y,Denied
EZYV9549,North America,Bachelor's,Y,N,180,1963,South,49701.68,Year,Y,Certified
EZYV12377,Asia,Master's,Y,N,5778,1925,Northeast,97860.95,Year,Y,Certified
EZYV14362,Asia,High School,Y,N,4382,1973,West,25604.99,Year,N,Denied
EZYV1280,Asia,Bachelor's,N,Y,2014,1800,South,68613.7,Year,Y,Certified
EZYV19999,Asia,Doctorate,N,N,1952,1984,West,91674.37,Year,Y,Denied
EZYV16502,North America,Master's,Y,N,2745,2003,Northeast,22346.67,Year,Y,Certified
EZYV20159,Europe,Doctorate,Y,Y,19,2005,West,67357.8,Year,Y,Certified
EZYV4429,Asia,Master's,Y,N,3384,1888,Northeast,642.6508,Hour,Y,Certified
EZYV2666,Europe,Master's,Y,Y,4008,1987,South,63677.55,Year,Y,Certified
EZYV16438,Asia,High School,Y,N,4148,1993,West,21728.55,Year,Y,Certified
EZYV15844,Asia,Master's,N,Y,2846,1978,South,9012.89,Year,Y,Certified
EZYV7977,Europe,High School,N,N,3348,1998,Northeast,28541.05,Year,Y,Denied
EZYV6450,North America,Master's,Y,Y,1522,1979,Northeast,107990.69,Year,Y,Certified
EZYV19636,North America,Master's,Y,N,4024,1977,Northeast,69673.04,Year,Y,Certified
EZYV24735,Asia,Master's,Y,N,5141,2004,Northeast,35033.89,Year,Y,Certified
EZYV14159,Asia,Master's,N,N,1259,1905,South,122474.72,Year,Y,Denied
EZYV17462,Asia,High School,Y,N,285,2009,Midwest,203711.41,Year,Y,Certified
EZYV23253,Asia,Bachelor's,N,N,30748,2013,South,84262.2,Year,Y,Certified
EZYV25226,Asia,Master's,Y,N,1020,2012,Northeast,171.5546,Hour,Y,Denied
EZYV8508,Asia,Bachelor's,N,N,927,1968,Northeast,7546.31,Year,Y,Denied
EZYV11710,Asia,Bachelor's,N,N,3655,1988,Northeast,34988.75,Year,Y,Certified
EZYV6077,Asia,Bachelor's,Y,N,279,2007,South,42061.41,Year,Y,Denied
EZYV13204,Asia,Master's,Y,N,1476,1928,West,135611.51,Year,Y,Certified
EZYV19474,Asia,Bachelor's,N,N,425,2000,South,100780.2,Year,N,Certified
EZYV3969,Asia,Master's,Y,N,2804,1998,South,84304.97,Year,Y,Certified
EZYV21165,Asia,Master's,N,N,561,1968,Midwest,114603.53,Year,Y,Certified
EZYV22016,Asia,Doctorate,Y,N,1392,1939,South,271.0953,Hour,Y,Denied
EZYV11974,Asia,Doctorate,N,N,185,1998,Midwest,95521.14,Year,Y,Certified
EZYV24614,Asia,Bachelor's,Y,N,2474,1978,West,76098.74,Year,Y,Certified
EZYV6957,Asia,Bachelor's,N,Y,1038,2003,Northeast,104.77,Hour,Y,Denied
EZYV18088,Asia,Master's,Y,Y,2130,2011,Midwest,124829.82,Year,Y,Denied
EZYV7549,Europe,Bachelor's,Y,N,559,1856,West,129240.68,Year,Y,Certified
EZYV6946,Asia,Bachelor's,Y,N,35703,1986,South,55491.58,Year,Y,Certified
EZYV13348,Africa,Doctorate,Y,N,3028,1968,Northeast,142535.87,Year,Y,Certified
EZYV15255,Asia,Master's,Y,N,1073,1886,South,46635.25,Year,Y,Certified
EZYV2013,Asia,Bachelor's,N,N,2056,1987,South,102323.92,Year,Y,Certified
EZYV14016,Asia,Master's,N,N,4218,1988,West,99989.12,Year,Y,Denied
EZYV16219,Asia,Master's,Y,Y,2726,1964,Northeast,65214.95,Year,Y,Denied
EZYV22061,Europe,Bachelor's,N,N,1470,1969,Northeast,48983.55,Year,Y,Certified
EZYV9221,Asia,Bachelor's,Y,N,3344,2007,Northeast,11039.64,Year,Y,Certified
EZYV15084,Asia,Master's,Y,N,2466,2002,West,84480.19,Year,Y,Certified
EZYV40,Asia,Master's,N,N,3729,2007,Midwest,125336.9,Year,Y,Certified
EZYV8844,Asia,Master's,N,N,227,1999,Northeast,31291.3,Year,Y,Certified
EZYV22523,North America,Master's,N,Y,208,2006,South,81873.76,Year,Y,Certified
EZYV19879,South America,Doctorate,N,N,1919,1999,West,758.7597,Hour,Y,Denied
EZYV2996,Asia,Bachelor's,Y,Y,3765,2001,South,359.9641,Hour,Y,Certified
EZYV14315,Asia,High School,Y,N,4599,1930,South,72922.13,Year,Y,Denied
EZYV14319,Europe,Doctorate,N,N,3133,2010,Northeast,62363.33,Year,Y,Denied
EZYV346,Asia,Master's,N,N,1501,1983,Midwest,120371.72,Year,Y,Certified
EZYV13078,North America,Master's,N,N,5778,1999,Northeast,84708.07,Year,N,Certified
EZYV17230,South America,High School,N,N,2229,2003,Northeast,440.3227,Hour,Y,Denied
EZYV25447,Africa,Master's,N,Y,2024,1971,South,42353.45,Year,Y,Certified
EZYV4368,Asia,Master's,N,N,4750,2005,South,87122.42,Year,N,Denied
EZYV2414,North America,High School,N,N,589,1885,Northeast,53571.99,Year,Y,Denied
EZYV1572,North America,Bachelor's,N,N,4163,1993,Northeast,152757.17,Year,N,Denied
EZYV25451,Asia,Bachelor's,N,N,3312,2009,Northeast,682.1048,Hour,Y,Denied
EZYV16192,Asia,Master's,N,N,2287,2003,Midwest,135191.7,Year,Y,Certified
EZYV9223,Asia,High School,Y,N,1687,2003,Midwest,36177.42,Year,Y,Denied
EZYV20938,Asia,Doctorate,N,N,4801,2007,West,81120.39,Year,Y,Certified
EZYV5730,Asia,Doctorate,Y,N,2114,1984,Midwest,87799.69,Year,Y,Certified
EZYV12494,Asia,High School,N,N,4415,1994,West,99474.71,Year,N,Denied
EZYV23885,Asia,Master's,Y,N,4264,2010,West,16280.53,Year,Y,Certified
EZYV13542,Asia,Master's,Y,N,1725,2005,West,8586.83,Year,Y,Certified
EZYV18085,Asia,Master's,Y,N,1023,1997,Midwest,68021.59,Year,Y,Certified
EZYV23452,Asia,High School,Y,N,2008,2009,Northeast,95147.62,Year,Y,Denied
EZYV16798,Asia,Doctorate,N,Y,2698,1997,West,95557.36,Year,Y,Certified
EZYV1345,Asia,Master's,N,N,4514,1998,Northeast,120647.03,Year,N,Denied
EZYV4307,Asia,Master's,Y,Y,983,1885,Midwest,111871.22,Year,Y,Certified
EZYV16371,Asia,Bachelor's,Y,N,170,2006,West,112572.34,Year,Y,Certified
EZYV3101,Europe,Bachelor's,Y,N,724,1957,West,31736.99,Year,Y,Certified
EZYV19002,Asia,Bachelor's,Y,N,328,1913,Midwest,583.3376,Hour,Y,Denied
EZYV6166,North America,Master's,Y,N,2017,2010,South,121441.26,Year,N,Denied
EZYV92,North America,Bachelor's,N,N,4103,2004,Northeast,125880.21,Year,Y,Denied
EZYV7218,Asia,Bachelor's,N,N,777,1998,Midwest,81180.73,Year,Y,Certified
EZYV9401,Europe,Master's,Y,N,1285,1968,West,39913.98,Year,Y,Certified
EZYV13459,Europe,Master's,N,N,301,2008,South,128.8,Hour,Y,Denied
EZYV9260,Asia,Bachelor's,Y,N,3416,1882,West,21393.35,Year,Y,Denied
EZYV22295,Asia,Bachelor's,N,N,3763,2004,South,160173.08,Year,Y,Certified
EZYV25442,Asia,Master's,N,N,28199,1988,Northeast,97906.76,Year,Y,Certified
EZYV9753,Asia,Master's,Y,N,5958,2010,South,386.95,Year,Y,Certified
EZYV10993,Asia,Doctorate,N,Y,1019,1997,West,93896.64,Year,Y,Certified
EZYV25369,North America,Master's,Y,N,2814,2000,Northeast,110763.74,Year,Y,Certified
EZYV9540,Asia,Bachelor's,N,N,1403,1978,Northeast,82147.7,Year,Y,Certified
EZYV24989,Asia,Doctorate,Y,N,434,2010,West,88275.56,Year,Y,Certified
EZYV19510,Africa,Master's,Y,N,3771,2001,West,11823.91,Year,Y,Certified
EZYV19866,Africa,Master's,Y,N,3659,1906,West,52898.83,Year,Y,Denied
EZYV18321,Asia,Master's,Y,N,1023,1995,Northeast,84343.65,Year,Y,Certified
EZYV7965,Asia,Bachelor's,Y,N,2774,2012,Midwest,117109.12,Year,N,Certified
EZYV906,North America,Bachelor's,Y,N,862,1937,West,60750.79,Year,Y,Certified
EZYV18955,Asia,Bachelor's,Y,N,2282,1999,Northeast,127078.0,Year,N,Certified
EZYV19360,Europe,Master's,Y,N,3977,2001,Northeast,40647.02,Year,Y,Certified
EZYV19152,Europe,Bachelor's,Y,N,1409,1988,Northeast,1825.89,Year,Y,Certified
EZYV22148,Asia,Master's,Y,N,3397,2008,Northeast,11279.44,Year,Y,Certified
EZYV8540,Asia,Bachelor's,Y,N,5575,1902,Northeast,7676.07,Year,Y,Certified
EZYV14872,Europe,Bachelor's,N,Y,2005,1979,Northeast,131375.82,Year,Y,Denied
EZYV16596,Asia,Doctorate,Y,N,2505,1990,West,65661.83,Year,Y,Certified
EZYV4177,Europe,Bachelor's,Y,N,4203,1881,West,31849.46,Year,Y,Denied
EZYV17292,Europe,Bachelor's,Y,Y,2973,2007,West,112886.75,Year,Y,Certified
EZYV10473,Asia,Doctorate,N,N,3012,1988,Northeast,222.6868,Hour,Y,Certified
EZYV773,Asia,Bachelor's,N,N,1996,2001,Midwest,9939.67,Year,Y,Certified
EZYV10608,Asia,Bachelor's,N,N,2767,1993,South,645.8773,Hour,Y,Denied
EZYV2138,North America,Master's,Y,N,1469,2010,Northeast,87161.04,Year,Y,Certified
EZYV15775,South America,Master's,Y,N,3939,1855,Island,4507.62,Year,Y,Denied
EZYV22052,Asia,Doctorate,Y,N,1977,2012,Northeast,117978.66,Year,Y,Certified
EZYV16274,Asia,Bachelor's,Y,N,3084,2008,Northeast,30642.2,Year,Y,Certified
EZYV22541,Asia,Bachelor's,N,N,2603,1984,West,201488.46,Year,N,Denied
EZYV9233,Asia,Bachelor's,N,N,2078,2007,West,90002.57,Year,Y,Certified
EZYV23920,Asia,Bachelor's,N,N,63,1934,South,68621.97,Year,Y,Certified
EZYV15271,Asia,Bachelor's,Y,N,1445,2006,Midwest,58403.86,Year,Y,Certified
EZYV17378,Asia,Master's,Y,N,2467,1980,Northeast,245785.16,Year,Y,Certified
EZYV1398,Asia,Doctorate,Y,N,7135,1947,West,60587.33,Year,Y,Certified
EZYV699,Asia,Master's,N,N,1929,2005,Northeast,86368.98,Year,Y,Denied
EZYV13661,Asia,Master's,Y,N,2106,2003,Midwest,98486.25,Year,Y,Certified
EZYV23947,Europe,High School,N,N,3768,1994,South,26680.62,Year,Y,Denied
EZYV17960,Asia,High School,N,N,2521,1998,Northeast,60248.65,Month,Y,Denied
EZYV11087,Asia,High School,Y,N,3768,1984,Midwest,120609.28,Year,Y,Denied
EZYV17881,Asia,High School,N,N,3590,2004,Midwest,86874.56,Year,Y,Certified
EZYV14225,Oceania,Master's,Y,N,755,1850,West,254861.76,Year,N,Denied
EZYV14442,Europe,Master's,N,N,2645,1818,West,34296.5,Year,Y,Certified
EZYV8935,North America,Bachelor's,Y,Y,84235,1994,West,76853.5,Year,Y,Certified
EZYV21267,North America,Bachelor's,N,N,60,1998,South,90167.68,Year,N,Certified
EZYV8111,North America,Master's,N,N,5133,2002,West,32577.11,Year,Y,Denied
EZYV20173,Asia,Bachelor's,N,N,3335,1998,South,67253.64,Year,Y,Certified
EZYV12899,Asia,Bachelor's,Y,N,1511,1998,South,147846.17,Year,Y,Denied
EZYV3688,Asia,Bachelor's,N,N,2065,2005,Northeast,61024.55,Year,Y,Denied
EZYV9340,Europe,Doctorate,Y,N,632,1997,West,82231.33,Year,Y,Certified
EZYV898,Asia,Bachelor's,Y,N,802,2006,South,91167.64,Year,Y,Certified
EZYV21359,Asia,Master's,Y,N,1488,1998,Midwest,124102.09,Year,Y,Certified
EZYV24883,Asia,Master's,Y,N,3119,2006,South,157611.11,Year,Y,Certified
EZYV494,Asia,Bachelor's,Y,N,2089,2007,South,232680.65,Year,Y,Certified
EZYV24634,North America,Bachelor's,N,Y,2833,1906,South,19490.22,Year,Y,Certified
EZYV16889,Asia,Master's,Y,Y,72975,2005,Northeast,164224.02,Year,N,Certified
EZYV126,North America,Master's,Y,N,2750,1997,West,38841.44,Year,Y,Certified
EZYV1989,Asia,High School,N,N,3433,1981,South,38551.67,Year,Y,Certified
EZYV5943,Asia,Bachelor's,N,N,4365,1996,Northeast,31883.0,Year,Y,Certified
EZYV16597,Europe,Master's,N,N,673,1989,Northeast,102819.6,Year,Y,Certified
EZYV5282,North America,Bachelor's,Y,N,3816,2008,South,26451.92,Year,N,Denied
EZYV18847,South America,Doctorate,N,N,3138,1984,South,894.023,Hour,Y,Denied
EZYV19339,Asia,Doctorate,Y,N,4698,2001,Midwest,54115.48,Year,Y,Certified
EZYV8295,Asia,Bachelor's,Y,N,1441,1997,Northeast,53667.46,Year,Y,Certified
EZYV18799,Asia,Bachelor's,N,N,913,2006,Midwest,68592.83,Year,Y,Certified
EZYV4251,Asia,High School,N,N,1478,2009,Northeast,36922.74,Year,Y,Denied
EZYV10707,Asia,Doctorate,Y,N,961,1940,Northeast,45574.75,Year,Y,Certified
EZYV14135,Asia,High School,Y,N,4091,1968,Northeast,101326.42,Year,Y,Denied
EZYV18566,Asia,Master's,Y,N,1735,2007,Northeast,22609.47,Year,Y,Certified
EZYV534,North America,Master's,Y,N,2303,1988,Midwest,128167.33,Year,Y,Certified
EZYV12710,Asia,High School,Y,N,395,2005,Northeast,141680.27,Year,Y,Denied
EZYV23330,North America,Bachelor's,Y,N,3993,2001,Northeast,65896.44,Year,Y,Certified
EZYV4740,Asia,Master's,Y,N,2047,1999,South,49732.36,Year,Y,Certified
EZYV876,Asia,Master's,N,N,819,1987,South,122324.22,Year,N,Certified
EZYV12726,Africa,Master's,Y,N,6215,1999,Northeast,80093.58,Year,Y,Certified
EZYV22031,South America,Bachelor's,N,N,21,1994,West,6677.45,Year,Y,Denied
EZYV12992,Europe,Bachelor's,N,N,3859,1961,West,66223.79,Year,Y,Certified
EZYV2273,Asia,Bachelor's,N,N,5456,2010,South,24370.17,Year,Y,Certified
EZYV10290,Asia,Master's,Y,N,76,2006,Midwest,97399.81,Year,Y,Certified
EZYV5371,Asia,Bachelor's,N,N,3017,2010,Northeast,86145.21,Year,N,Denied
EZYV1881,Asia,Master's,N,N,636,2007,West,46.1228,Hour,Y,Denied
EZYV15,Asia,Master's,Y,Y,15756,2006,South,220081.73,Year,Y,Certified
EZYV1382,South America,High School,Y,N,1166,2005,Midwest,107157.7,Year,Y,Certified
EZYV12478,Asia,Bachelor's,N,N,2249,1848,West,85303.62,Year,Y,Denied
EZYV16535,Asia,Bachelor's,Y,N,3054,1963,West,92232.11,Year,Y,Denied
EZYV7635,Asia,High School,N,N,555,1978,Northeast,62238.02,Year,Y,Denied
EZYV5475,Asia,Bachelor's,Y,Y,2712,1985,West,107101.6,Year,Y,Certified
EZYV771,Europe,Master's,N,Y,2122,2009,South,155605.02,Year,Y,Certified
EZYV20253,North America,Bachelor's,Y,N,4668,1999,South,207167.61,Year,Y,Denied
EZYV7161,Asia,Bachelor's,N,Y,818,1998,West,95509.34,Year,Y,Certified
EZYV7817,Europe,Master's,Y,N,2670,2014,West,211159.95,Year,Y,Certified
EZYV21238,Asia,Master's,Y,N,3774,1971,Northeast,83223.97,Year,Y,Certified
EZYV5503,Asia,Bachelor's,N,N,1147,1981,South,79251.87,Year,Y,Certified
EZYV21460,Europe,Master's,N,N,534,2005,Northeast,58332.18,Year,Y,Certified
EZYV19690,Asia,Bachelor's,N,N,6644,1948,Northeast,16198.5,Week,Y,Certified
EZYV18481,Oceania,Doctorate,Y,N,3673,2008,West,130545.32,Year,N,Denied
EZYV11065,North America,Master's,Y,N,4802,1943,South,144156.27,Year,N,Denied
EZYV2304,Asia,Master's,N,N,1628,1847,Midwest,140366.52,Year,Y,Certified
EZYV17431,Asia,Master's,N,N,5097,1993,Northeast,131667.4,Year,N,Certified
EZYV19401,South America,Bachelor's,N,Y,1239,2001,Northeast,42686.38,Year,Y,Certified
EZYV25227,South America,Master's,N,N,2436,1988,West,384.1782,Hour,Y,Certified
EZYV14191,North America,Master's,Y,N,1219,1999,West,19080.35,Year,Y,Certified
EZYV14047,Asia,High School,N,N,1678,2009,Northeast,57170.01,Year,Y,Denied
EZYV14254,Asia,High School,Y,N,2221,1920,Northeast,60551.35,Year,Y,Denied
EZYV14984,Europe,Doctorate,Y,Y,2624,2013,Northeast,47009.84,Year,Y,Certified
EZYV15332,Europe,Doctorate,Y,N,538,1994,Midwest,40091.19,Year,Y,Certified
EZYV10736,Asia,Master's,Y,N,2385,1981,Northeast,40838.84,Year,Y,Certified
EZYV7188,Asia,Master's,N,N,4148,2010,Midwest,144755.6,Year,Y,Certified
EZYV9111,Asia,Bachelor's,Y,N,520,2005,Northeast,158641.88,Year,Y,Denied
EZYV12933,South America,Bachelor's,Y,N,956,1996,South,91261.7,Year,N,Denied
EZYV23114,Asia,High School,Y,N,3008,2000,West,82661.35,Year,Y,Certified
EZYV13228,Asia,Master's,Y,N,10841,2009,West,116740.74,Year,N,Denied
EZYV4148,South America,Bachelor's,N,N,3705,1906,Northeast,73715.08,Year,Y,Denied
EZYV11264,Asia,High School,Y,N,1717,1991,South,227.7353,Hour,Y,Denied
EZYV3349,Asia,Master's,Y,N,834,1987,Northeast,151599.84,Year,N,Certified
EZYV1799,Asia,Master's,Y,N,199,2013,South,152899.23,Year,N,Certified
EZYV90,Asia,Bachelor's,Y,N,1359,2008,West,140290.16,Year,Y,Certified
EZYV20568,North America,Master's,Y,N,2308,1997,Island,102200.32,Year,Y,Certified
EZYV2494,Asia,High School,Y,N,2474,2011,South,91627.37,Year,Y,Certified
EZYV6865,Asia,Bachelor's,N,N,1738,2007,Midwest,58895.93,Year,Y,Certified
EZYV681,Europe,High School,Y,Y,3638,1974,Midwest,142176.75,Year,Y,Certified
EZYV7452,Asia,Bachelor's,N,N,4796,2011,Northeast,135104.5,Year,Y,Certified
EZYV10359,Europe,High School,Y,N,486,1888,Northeast,54260.22,Year,Y,Denied
EZYV19358,North America,Master's,Y,N,2699,2007,South,21339.73,Year,Y,Certified
EZYV1264,Europe,Master's,N,N,24304,1838,Northeast,278.5388,Hour,Y,Certified
EZYV1325,Africa,Master's,Y,N,104,1900,West,30112.22,Year,Y,Certified
EZYV1261,Asia,Master's,Y,N,2895,1949,South,109.32,Hour,Y,Certified
EZYV1700,South America,Doctorate,N,Y,3083,2004,South,22924.76,Year,Y,Certified
EZYV6043,Asia,Master's,Y,N,1176,2010,Northeast,141132.72,Year,N,Certified
EZYV9138,Asia,Bachelor's,Y,N,6492,2001,West,76947.81,Year,N,Certified
EZYV13890,Asia,High School,N,N,2996,1996,West,20278.4,Year,Y,Denied
EZYV5995,North America,Bachelor's,Y,N,5406,2014,Northeast,66665.44,Week,Y,Certified
EZYV6361,North America,Master's,N,N,1282,2008,West,117135.28,Year,N,Certified
EZYV2945,Asia,Bachelor's,Y,N,2219,1997,West,48971.17,Year,Y,Certified
EZYV17071,Asia,Doctorate,Y,N,3813,1962,Midwest,45001.96,Year,Y,Certified
EZYV1060,Asia,Bachelor's,Y,N,1105,2001,Northeast,81359.35,Year,Y,Certified
EZYV11990,Europe,Bachelor's,Y,N,91386,1944,South,52301.0,Year,Y,Certified
EZYV8318,Asia,High School,Y,N,350,1951,Midwest,100308.38,Year,Y,Denied
EZYV9828,Asia,High School,Y,N,947,2012,Northeast,83703.24,Year,Y,Denied
EZYV13962,Asia,Master's,Y,N,1656,1998,Northeast,98425.69,Year,Y,Certified
EZYV22522,North America,High School,Y,N,605,2005,South,87890.1,Year,Y,Certified
EZYV1765,Asia,Bachelor's,N,N,1799,1999,Midwest,72921.08,Year,Y,Certified
EZYV17045,Asia,Master's,Y,N,103110,1896,Midwest,2066.81,Year,Y,Certified
EZYV3537,North America,Bachelor's,Y,N,2059,1930,South,24625.76,Year,Y,Denied
EZYV19027,North America,Bachelor's,Y,N,1977,2012,Northeast,11201.71,Year,Y,Denied
EZYV2778,Asia,Bachelor's,N,N,1763,2002,Midwest,41965.02,Year,Y,Denied
EZYV1104,Africa,Master's,Y,N,2959,2011,West,45460.58,Year,Y,Certified
EZYV18724,Asia,Bachelor's,Y,N,1088,2005,Northeast,56120.83,Year,Y,Certified
EZYV9408,Asia,Master's,Y,N,1724,1945,Midwest,160822.5,Year,Y,Certified
EZYV9238,North America,Master's,Y,N,488,2010,South,87497.44,Year,Y,Certified
EZYV12466,Asia,Bachelor's,Y,Y,2131,1980,West,48418.01,Year,Y,Certified
EZYV18436,Asia,Bachelor's,Y,N,5371,1994,Midwest,48980.88,Year,Y,Certified
EZYV15767,Asia,Bachelor's,Y,N,1410,1997,West,153076.02,Year,Y,Denied
EZYV4005,Asia,High School,N,N,5167,1971,South,419.1893,Hour,Y,Denied
EZYV15090,Africa,Bachelor's,N,Y,389595,1989,West,24727.94,Year,Y,Certified
EZYV6001,Europe,Master's,Y,N,870,1997,South,109817.66,Year,Y,Certified
EZYV15516,Africa,Master's,N,N,327,1998,West,93069.7,Year,Y,Certified
EZYV14833,Asia,Master's,Y,N,2073,2010,Northeast,202685.79,Year,N,Denied
EZYV4423,Asia,Bachelor's,Y,N,2363,2005,West,109080.56,Year,Y,Certified
EZYV13439,Europe,High School,Y,N,5339,1991,West,79939.22,Year,Y,Denied
EZYV2360,South America,Bachelor's,Y,N,3528,2002,Northeast,36150.63,Year,Y,Certified
EZYV12798,North America,Master's,N,N,5874,1975,West,94407.84,Year,Y,Denied
EZYV13058,Asia,Doctorate,Y,N,2683,1982,Northeast,66566.56,Year,Y,Certified
EZYV23281,North America,Bachelor's,Y,N,6008,2014,South,66434.77,Year,Y,Certified
EZYV4752,Asia,Master's,Y,N,87861,1998,Northeast,76915.71,Year,Y,Certified
EZYV21613,Asia,Bachelor's,Y,N,1892,1978,Midwest,87751.88,Year,Y,Denied
EZYV12040,Asia,Bachelor's,N,N,1227,2004,Northeast,620.9771,Hour,Y,Denied
EZYV16336,Asia,High School,Y,N,456,2009,South,53455.91,Year,Y,Certified
EZYV7472,Europe,Bachelor's,Y,N,4681,1928,West,49865.19,Year,Y,Denied
EZYV23641,Asia,Master's,N,N,2561,1963,South,66334.72,Year,Y,Denied
EZYV9318,North America,High School,N,N,156,1992,South,330.146,Hour,Y,Denied
EZYV5406,Asia,Master's,Y,N,1231,2000,South,101.56,Hour,Y,Certified
EZYV18571,Europe,Bachelor's,Y,N,1673,1950,South,47762.92,Year,Y,Certified
EZYV15468,Asia,Master's,N,N,1630,1976,Midwest,110996.72,Year,Y,Denied
EZYV20277,Asia,Bachelor's,Y,N,3700,1855,Midwest,62766.94,Year,Y,Certified
EZYV13967,Asia,Master's,Y,N,687,1991,Midwest,50793.15,Year,Y,Certified
EZYV21987,Asia,Master's,N,N,2197,2003,South,119963.88,Year,Y,Certified
EZYV7490,Asia,Bachelor's,Y,N,2878,1848,West,47479.61,Year,Y,Certified
EZYV7374,Asia,Bachelor's,Y,N,2673,2005,Midwest,58972.18,Year,Y,Certified
EZYV2528,Asia,Bachelor's,N,N,1215,1984,Northeast,653.4797,Hour,Y,Denied
EZYV370,Asia,Master's,Y,N,190,2001,Midwest,144312.48,Year,Y,Certified
EZYV17154,Asia,Bachelor's,N,N,1965,2009,West,65749.92,Year,Y,Denied
EZYV5880,Oceania,Master's,Y,N,3154,1986,Midwest,107036.53,Year,Y,Certified
EZYV19916,Europe,High School,Y,N,2657,2003,South,91343.62,Year,Y,Certified
EZYV22346,Asia,Bachelor's,N,N,2554,1987,West,242466.81,Year,Y,Certified
EZYV21602,Asia,Bachelor's,N,N,72079,1991,South,100617.24,Year,Y,Certified
EZYV8484,North America,High School,N,N,3522,2001,Northeast,923.0436,Hour,Y,Certified
EZYV5605,Asia,High School,Y,N,339,2004,South,107294.64,Year,Y,Denied
EZYV5827,Asia,Bachelor's,N,N,2921,1990,West,76755.2,Year,Y,Certified
EZYV2392,Asia,Master's,N,N,497,2008,South,124211.98,Year,Y,Certified
EZYV6471,Asia,Bachelor's,N,N,2496,1991,Northeast,64696.03,Year,Y,Denied
EZYV17903,Asia,Bachelor's,Y,N,3676,2007,West,7215.39,Year,Y,Certified
EZYV19505,Asia,Master's,N,N,277,2013,Midwest,52905.44,Year,Y,Certified
EZYV5868,Asia,Bachelor's,N,N,22126,2011,Northeast,37142.95,Year,Y,Certified
EZYV17762,Asia,Bachelor's,Y,N,2964,1995,West,131836.07,Year,Y,Denied
EZYV9386,Europe,High School,N,Y,1643,1988,West,63980.75,Year,Y,Denied
EZYV22,North America,Master's,Y,N,1706,2013,Midwest,137694.98,Year,N,Certified
EZYV18143,Africa,Master's,N,N,3903,2003,Northeast,35751.52,Year,Y,Certified
EZYV20363,Asia,Bachelor's,N,N,1168,1995,West,196.4013,Hour,Y,Denied
EZYV18766,North America,Master's,Y,N,4742,2006,Midwest,7407.9,Year,Y,Certified
EZYV15205,Asia,Master's,Y,N,2408,2001,Midwest,88841.05,Year,Y,Certified
EZYV4762,South America,High School,Y,N,1318,2013,West,104428.58,Year,Y,Certified
EZYV15658,Asia,Bachelor's,N,N,12749,1981,Northeast,118035.16,Year,Y,Certified
EZYV18987,Asia,Bachelor's,N,N,3904,1988,Northeast,126044.24,Year,Y,Certified
EZYV18513,Asia,High School,N,N,2667,2000,Midwest,103205.45,Year,Y,Certified
EZYV20741,Asia,Doctorate,Y,Y,2674,2010,Midwest,210783.46,Year,Y,Certified
EZYV22174,Europe,High School,Y,N,782,2000,West,47583.64,Year,Y,Certified
EZYV15362,Asia,Bachelor's,Y,N,1111,1995,South,33712.67,Year,Y,Certified
EZYV4303,Europe,Master's,Y,N,36339,1997,Midwest,71246.41,Year,N,Denied
EZYV5123,Asia,High School,Y,N,156,2013,West,206.41,Hour,Y,Denied
EZYV18239,Asia,Master's,Y,N,1680,2013,Northeast,33259.41,Year,Y,Certified
EZYV4483,North America,Master's,Y,N,5495,2005,South,118334.04,Year,Y,Certified
EZYV1452,Asia,High School,Y,N,814,1852,West,782.5254,Hour,Y,Denied
EZYV4154,Asia,Master's,N,N,1126,1981,West,79633.63,Year,Y,Denied
EZYV9551,Asia,Master's,Y,N,3083,1976,West,82376.97,Year,Y,Certified
EZYV12548,Europe,Bachelor's,Y,Y,439,1968,South,124133.29,Year,Y,Certified
EZYV8895,Asia,Bachelor's,Y,N,1377,1992,West,72158.21,Year,Y,Certified
EZYV13990,Asia,Bachelor's,N,N,4206,2009,Midwest,115155.66,Year,Y,Certified
EZYV12099,Asia,Bachelor's,N,N,1633,1883,West,62935.83,Year,Y,Denied
EZYV1534,North America,Bachelor's,Y,N,5661,1989,West,143857.62,Year,Y,Certified
EZYV18659,Asia,Master's,Y,N,596,2006,Midwest,69545.89,Year,Y,Certified
EZYV17536,Asia,High School,N,N,1443,2004,South,257775.44,Year,Y,Certified
EZYV395,Asia,Bachelor's,Y,N,1872,1926,West,99201.01,Year,Y,Certified
EZYV2270,Europe,Master's,N,N,3059,1967,West,60890.43,Year,Y,Certified
EZYV1669,Europe,Bachelor's,Y,N,3060,1991,Midwest,85740.68,Year,Y,Certified
EZYV16391,Asia,Master's,Y,N,885,1968,West,133.89,Hour,Y,Denied
EZYV11519,Oceania,Bachelor's,N,N,1151,1876,Northeast,127671.84,Year,Y,Denied
EZYV14294,Asia,Doctorate,Y,N,133,2001,South,471.5487,Hour,Y,Certified
EZYV2824,Asia,Master's,N,Y,197,1995,West,96547.32,Year,Y,Denied
EZYV13410,Asia,Bachelor's,N,N,1637,2001,West,80098.63,Year,Y,Denied
EZYV3476,South America,Master's,N,N,1824,2012,West,576.97,Hour,Y,Denied
EZYV16845,Asia,Bachelor's,Y,N,2939,2007,Northeast,89351.46,Year,Y,Certified
EZYV15609,Asia,Bachelor's,N,N,1620,2006,South,111923.87,Year,Y,Denied
EZYV6698,Asia,Master's,Y,N,104,2011,Midwest,122424.6,Year,Y,Certified
EZYV7394,North America,High School,Y,N,718,2011,South,163013.59,Year,Y,Certified
EZYV10091,Asia,High School,Y,N,3580,2009,Northeast,25359.63,Year,Y,Denied
EZYV3789,Asia,Master's,N,N,5543,1989,West,134088.73,Year,N,Denied
EZYV2921,Asia,High School,Y,N,700,1985,West,58549.4,Year,Y,Denied
EZYV8806,Asia,Master's,Y,N,2199,2009,Northeast,4453.97,Year,Y,Certified
EZYV24503,Asia,High School,Y,N,1612,1951,Northeast,530.9247,Hour,Y,Denied
EZYV3479,Asia,Bachelor's,N,N,1257,2007,Northeast,20596.52,Year,Y,Denied
EZYV16812,Europe,High School,N,N,1558,1998,West,158870.51,Year,N,Denied
EZYV16004,Asia,Doctorate,N,N,3705,2001,West,108.12,Hour,Y,Denied
EZYV10575,South America,Master's,Y,N,499,1997,Northeast,128720.83,Year,Y,Denied
EZYV15083,North America,High School,Y,N,3245,1953,Northeast,153157.61,Year,Y,Denied
EZYV13310,Europe,Doctorate,Y,N,1796,1887,South,61601.51,Year,Y,Certified
EZYV21527,Asia,Master's,N,N,195,2006,Midwest,126145.21,Year,Y,Certified
EZYV5140,Asia,Bachelor's,Y,N,782,2002,South,94169.82,Year,Y,Certified
EZYV24082,Africa,Bachelor's,Y,N,5689,1998,Northeast,124668.62,Year,Y,Certified
EZYV6521,Europe,Bachelor's,N,Y,68236,1998,West,59185.76,Year,Y,Certified
EZYV17192,Asia,Bachelor's,N,N,1002,1981,West,299.9484,Hour,Y,Denied
EZYV11496,Europe,Master's,Y,N,4266,2006,West,21499.29,Year,Y,Certified
EZYV20640,Asia,High School,Y,N,602,1999,Northeast,147775.75,Year,Y,Denied
EZYV23643,Asia,Bachelor's,Y,N,4023,1958,West,10383.56,Year,Y,Certified
EZYV14886,Asia,Master's,N,N,2800,1995,South,75561.72,Year,Y,Denied
EZYV16351,Asia,Master's,N,N,2406,2007,South,73257.23,Year,Y,Denied
EZYV2525,Asia,Bachelor's,N,N,581,1994,West,167821.36,Year,Y,Denied
EZYV20847,Oceania,Doctorate,Y,N,1481,1986,Northeast,132818.8,Year,Y,Certified
EZYV17140,Europe,Bachelor's,N,N,1737,2013,South,2655.45,Year,Y,Certified
EZYV25399,Europe,Bachelor's,Y,N,3611,1996,Island,130749.9,Year,Y,Certified
EZYV3474,North America,Bachelor's,Y,N,3022,2010,Northeast,243.2901,Hour,Y,Denied
EZYV3270,North America,Master's,N,N,18043,1994,West,129114.16,Week,Y,Denied
EZYV24861,Europe,Doctorate,Y,N,373,1952,West,67313.25,Year,Y,Certified
EZYV24200,North America,Master's,Y,N,4119,1968,Northeast,62485.92,Year,Y,Certified
EZYV17133,Asia,Bachelor's,N,N,106,1855,West,86581.22,Year,Y,Certified
EZYV20575,Europe,Master's,Y,Y,1082,1994,Northeast,137411.29,Year,Y,Denied
EZYV12325,Asia,Master's,N,N,922,2002,West,21923.38,Year,Y,Denied
EZYV985,Asia,Master's,N,N,63,1997,Northeast,78553.09,Year,Y,Denied
EZYV19958,Asia,Bachelor's,Y,N,1674,1998,Northeast,867.9076,Hour,Y,Denied
EZYV24070,Asia,Doctorate,Y,N,1188,2002,Northeast,6562.91,Year,Y,Certified
EZYV11719,Asia,Master's,Y,N,2185,2013,Northeast,54745.47,Year,Y,Certified
EZYV2358,Europe,Doctorate,Y,N,1280,1994,West,27591.15,Year,Y,Certified
EZYV14614,North America,Master's,N,N,1670,1988,Midwest,64715.49,Year,Y,Certified
EZYV6364,Asia,Bachelor's,Y,N,875,1995,West,122993.83,Year,Y,Denied
EZYV11422,Asia,High School,Y,N,988,1963,South,120960.98,Year,Y,Denied
EZYV9904,Europe,Doctorate,N,Y,1923,2006,South,26051.29,Year,Y,Certified
EZYV23860,Asia,Bachelor's,N,N,1616,1920,Island,50695.26,Year,Y,Certified
EZYV22201,North America,Master's,N,N,2833,1809,Northeast,61356.94,Year,Y,Denied
EZYV11455,Asia,Bachelor's,N,Y,420,1948,South,90866.89,Year,Y,Certified
EZYV7693,Asia,Master's,N,N,206,1885,South,124628.13,Year,N,Certified
EZYV17349,Asia,Master's,Y,N,193,1911,Northeast,4709.37,Year,Y,Certified
EZYV7731,Europe,Bachelor's,Y,N,2498,1853,Midwest,318.964,Hour,Y,Certified
EZYV9049,Asia,Master's,Y,N,4522,2004,West,75478.89,Year,Y,Certified
EZYV16756,Asia,Bachelor's,N,N,2545,1928,Northeast,141597.87,Year,Y,Denied
EZYV648,Asia,Bachelor's,Y,N,30650,1998,South,113374.51,Year,Y,Certified
EZYV13171,Asia,Bachelor's,Y,N,2274,1875,South,57490.42,Year,Y,Certified
EZYV20374,Asia,Bachelor's,N,N,2663,1991,South,21988.7,Year,Y,Certified
EZYV5231,Europe,Doctorate,Y,Y,1031,1998,Northeast,103668.66,Year,Y,Certified
EZYV17574,South America,Bachelor's,N,N,317,1995,Northeast,40784.62,Year,Y,Denied
EZYV24249,Asia,Master's,N,N,1484,1938,Northeast,35691.77,Year,Y,Denied
EZYV12142,Asia,Master's,Y,N,4639,2013,Midwest,66752.25,Year,Y,Certified
EZYV5609,Europe,Master's,N,N,4216,1978,Northeast,13576.25,Year,Y,Certified
EZYV4781,Asia,Master's,Y,N,4268,2008,South,228074.25,Year,N,Certified
EZYV22349,North America,Bachelor's,N,N,194312,2000,West,62589.28,Year,Y,Certified
EZYV3369,Asia,Master's,Y,N,2828,2007,West,79880.99,Year,Y,Certified
EZYV4918,Asia,Bachelor's,Y,N,139418,2009,South,186807.71,Year,Y,Denied
EZYV332,Europe,Bachelor's,N,N,2425,2008,South,83239.29,Year,Y,Certified
EZYV8959,Oceania,Bachelor's,N,N,592,1994,Midwest,269645.3,Year,Y,Certified
EZYV19159,North America,Bachelor's,Y,N,2286,1999,West,72131.75,Year,Y,Certified
EZYV17630,North America,Bachelor's,Y,N,2827,2004,Midwest,11686.84,Year,Y,Denied
EZYV19095,Europe,Master's,Y,N,5321,2001,West,105748.85,Year,Y,Certified
EZYV22291,Asia,Bachelor's,Y,N,251,1902,South,227133.68,Year,Y,Certified
EZYV25197,Oceania,Bachelor's,Y,N,385,2000,South,94420.47,Year,Y,Certified
EZYV20486,Asia,Master's,Y,N,2666,1985,Midwest,105214.44,Year,Y,Certified
EZYV3959,Asia,Bachelor's,N,N,3420,1984,South,44172.14,Year,Y,Denied
EZYV13750,Asia,High School,N,N,1787,2005,Northeast,44348.52,Year,Y,Denied
EZYV13392,Asia,High School,N,N,382,1995,Midwest,109498.61,Year,Y,Denied
EZYV12062,Asia,Bachelor's,N,N,2996,2010,Midwest,26790.47,Year,Y,Certified
EZYV22054,Asia,Master's,N,N,3520,2002,Midwest,96568.1,Year,Y,Denied
EZYV1724,Europe,Bachelor's,N,N,1828,1898,West,254.937,Hour,Y,Certified
EZYV24131,Asia,Bachelor's,Y,N,691,2000,Northeast,137423.68,Year,Y,Certified
EZYV9076,Asia,Master's,Y,N,218,1984,Northeast,73223.77,Year,Y,Certified
EZYV8992,Europe,Doctorate,Y,N,633,1903,South,81554.61,Year,Y,Certified
EZYV25341,Asia,Master's,Y,N,2457,1997,Northeast,56479.67,Year,Y,Denied
EZYV8350,Asia,Bachelor's,Y,N,1914,1994,South,41117.91,Year,Y,Certified
EZYV4650,Europe,Bachelor's,N,N,1883,1866,West,119739.73,Year,Y,Certified
EZYV14819,Asia,High School,N,N,3584,2003,Northeast,60971.96,Year,Y,Denied
EZYV5346,Europe,High School,N,Y,136,1951,Northeast,114876.29,Year,Y,Denied
EZYV11221,North America,Master's,Y,N,2147,2011,Midwest,148755.52,Year,Y,Certified
EZYV7760,Asia,Master's,Y,N,1329,2009,Midwest,119030.45,Year,Y,Certified
EZYV10630,North America,High School,N,N,4077,1855,Northeast,299.7964,Hour,Y,Denied
EZYV16916,Europe,Master's,N,N,1996,1925,Northeast,186566.61,Year,Y,Certified
EZYV3563,Europe,Bachelor's,N,N,4650,1997,West,69117.89,Year,Y,Denied
EZYV25391,Asia,Bachelor's,Y,N,1203,1873,Midwest,143.4372,Hour,Y,Denied
EZYV24183,North America,Bachelor's,Y,N,1582,1974,South,68323.32,Year,Y,Denied
EZYV18675,North America,Master's,Y,N,363,2001,South,254.8773,Hour,Y,Certified
EZYV24399,Asia,Master's,Y,N,623,1968,West,658.5429,Hour,Y,Denied
EZYV24209,North America,Bachelor's,Y,N,990,2005,South,65666.45,Year,Y,Certified
EZYV9295,Asia,Master's,N,N,4619,2011,Northeast,42691.97,Year,Y,Certified
EZYV10976,Europe,Bachelor's,Y,Y,364,2013,West,223098.15,Year,N,Certified
EZYV5401,Asia,Master's,Y,N,56,1997,West,74428.02,Year,Y,Certified
EZYV7959,Asia,Master's,Y,N,1244,2009,Northeast,38255.97,Year,Y,Certified
EZYV12071,Asia,Bachelor's,Y,N,1258,2004,Midwest,16691.3,Week,Y,Certified
EZYV3088,Asia,High School,Y,N,1924,2005,South,17240.68,Year,Y,Denied
EZYV16318,Asia,Bachelor's,Y,N,2633,1965,Northeast,58771.43,Year,Y,Certified
EZYV4413,South America,Master's,N,N,1583,1911,West,980.2064,Hour,Y,Denied
EZYV16762,Europe,Bachelor's,Y,N,2570,2013,Island,184383.63,Year,Y,Denied
EZYV23489,Asia,Master's,Y,N,101,1989,Midwest,47744.45,Year,Y,Certified
EZYV12380,Europe,High School,Y,N,2488,1908,South,103769.93,Year,Y,Denied
EZYV18001,Europe,Doctorate,Y,N,386,1993,Island,44820.86,Year,Y,Certified
EZYV10774,Asia,Master's,N,N,1549,2000,South,68783.26,Year,Y,Certified
EZYV10758,Asia,Master's,Y,N,696,2013,Northeast,42278.32,Year,Y,Certified
EZYV11399,Asia,Bachelor's,Y,N,3100,1997,Midwest,58574.89,Year,N,Certified
EZYV20864,Asia,Bachelor's,N,N,4008,1985,West,69306.51,Year,Y,Certified
EZYV22934,Asia,Master's,N,N,3704,1983,West,40957.67,Year,Y,Denied
EZYV2741,North America,Master's,N,N,3089,2005,West,127951.85,Year,N,Denied
EZYV5303,Asia,High School,Y,N,500,1855,West,95966.48,Year,Y,Denied
EZYV24333,Asia,High School,N,Y,1967,1948,Northeast,39926.46,Year,Y,Certified
EZYV9434,Asia,High School,Y,Y,1736,1872,West,126503.87,Year,Y,Denied
EZYV16416,Asia,Master's,Y,Y,2649,2008,Northeast,54121.98,Year,Y,Certified
EZYV7185,Asia,Master's,N,N,1217,1909,Midwest,99564.83,Year,Y,Certified
EZYV18487,North America,High School,Y,N,1014,2005,West,90373.6,Year,Y,Certified
EZYV24801,Asia,Bachelor's,N,N,1329,1873,Northeast,89972.6,Year,N,Denied
EZYV21423,Asia,Doctorate,N,N,22,1998,South,228520.51,Year,Y,Denied
EZYV4284,Asia,Bachelor's,Y,N,2402,1987,Northeast,29779.65,Year,Y,Denied
EZYV17937,Asia,High School,Y,N,35869,1991,South,90643.67,Year,N,Certified
EZYV9621,Asia,Bachelor's,N,N,1687,1996,West,30010.99,Year,Y,Denied
EZYV9398,Asia,Bachelor's,N,N,2433,1994,Northeast,101.8936,Hour,Y,Denied
EZYV19417,North America,Bachelor's,N,N,3557,1869,South,114927.32,Week,N,Certified
EZYV1709,Asia,Master's,N,N,2001,2007,Northeast,39782.24,Year,Y,Denied
EZYV1108,Asia,Master's,N,N,1380,2005,South,205407.18,Year,N,Certified
EZYV18213,Asia,Bachelor's,N,Y,2651,1998,South,145551.82,Year,Y,Certified
EZYV3412,North America,Bachelor's,N,N,3424,2009,Midwest,656.6898,Hour,Y,Denied
EZYV17559,Europe,Master's,N,N,42,2009,West,128952.12,Year,Y,Denied
EZYV24116,Asia,Bachelor's,N,N,1500,1977,West,116983.38,Year,Y,Denied
EZYV14574,Asia,High School,N,N,9288,1999,West,67923.23,Year,Y,Denied
EZYV10938,Asia,Master's,N,N,1510,1997,Midwest,162336.89,Year,Y,Certified
EZYV20838,Europe,Bachelor's,N,Y,580,2002,Northeast,86406.18,Year,Y,Denied
EZYV15895,Europe,Bachelor's,Y,N,4485,1974,West,41977.35,Year,Y,Denied
EZYV15289,Europe,Bachelor's,N,N,2321,1935,South,43096.83,Year,Y,Certified
EZYV6862,Africa,Bachelor's,Y,N,14083,1994,Northeast,14628.3,Year,Y,Certified
EZYV1447,Asia,Master's,Y,Y,697,1936,West,136661.87,Year,Y,Certified
EZYV14484,Asia,Bachelor's,Y,N,200,1988,West,75267.1,Year,Y,Certified
EZYV9420,Asia,Bachelor's,Y,N,85,2013,Northeast,18910.85,Year,Y,Certified
EZYV10351,Europe,Master's,Y,N,921,1982,Northeast,34968.74,Year,Y,Certified
EZYV6155,Europe,Doctorate,N,N,2295,1996,West,37123.28,Year,Y,Certified
EZYV8948,Asia,Master's,Y,N,703,1916,Midwest,2582.82,Year,Y,Certified
EZYV19912,North America,Master's,N,N,661,2009,Northeast,78076.09,Year,N,Certified
EZYV9181,Asia,Master's,Y,N,2114,1996,West,5224.21,Year,Y,Certified
EZYV13790,North America,Bachelor's,Y,N,5301,2013,Northeast,2791.15,Year,Y,Certified
EZYV11885,Europe,Master's,Y,N,1415,1873,West,32436.29,Year,Y,Certified
EZYV7803,Asia,Bachelor's,N,N,1117,2008,West,114776.49,Year,Y,Certified
EZYV13696,Africa,Master's,N,N,3375,1899,West,50878.25,Year,Y,Certified
EZYV19455,Europe,Master's,Y,N,1874,2002,West,61410.12,Year,Y,Certified
EZYV4127,Asia,Master's,Y,N,814,2004,Midwest,71287.86,Year,Y,Certified
EZYV1539,Asia,Bachelor's,N,N,3002,1997,South,144782.66,Year,Y,Certified
EZYV9294,Europe,Bachelor's,Y,N,2330,2013,West,8760.99,Year,Y,Certified
EZYV25361,Africa,Master's,Y,N,1754,1971,Midwest,130370.42,Year,Y,Certified
EZYV11757,South America,Master's,Y,N,1025,1950,West,27984.41,Year,Y,Certified
EZYV8216,Asia,High School,Y,N,608,1996,South,89384.76,Year,Y,Denied
EZYV19589,Asia,Master's,N,N,2131,2005,Midwest,208307.6,Year,Y,Certified
EZYV12967,North America,Master's,Y,N,1232,2012,West,35014.22,Year,Y,Certified
EZYV7372,Asia,Master's,N,N,2536,1923,Midwest,113688.07,Year,Y,Certified
EZYV24704,North America,Master's,Y,N,2529,2004,Northeast,65.0665,Hour,Y,Certified
EZYV19421,Asia,Doctorate,N,N,3036,2011,West,490.3426,Hour,Y,Denied
EZYV23729,Asia,Master's,N,N,3576,2010,South,132044.06,Year,N,Certified
EZYV4899,Asia,Bachelor's,N,N,1751,1996,Island,74019.26,Year,Y,Certified
EZYV21091,Asia,High School,N,N,2495,2005,Midwest,110.51,Hour,Y,Denied
EZYV4932,Asia,High School,N,N,173070,1985,Northeast,201239.27,Year,Y,Denied
EZYV23591,Asia,Bachelor's,Y,N,1691,2005,Midwest,39622.37,Year,Y,Certified
EZYV1350,Asia,Master's,Y,N,1297,2007,Northeast,82828.95,Year,Y,Certified
EZYV15411,Asia,High School,N,N,1611,1858,Northeast,389.4613,Hour,N,Denied
EZYV13784,Asia,Doctorate,Y,N,2293,2002,Midwest,65184.47,Year,Y,Certified
EZYV703,Asia,Doctorate,Y,Y,1130,1992,South,26097.45,Year,Y,Certified
EZYV9159,Europe,Master's,Y,N,2965,2012,West,20652.01,Year,Y,Certified
EZYV19630,Asia,Master's,N,N,17578,2009,Midwest,100002.8,Year,Y,Certified
EZYV16983,North America,Master's,N,N,5603,1856,West,74323.08,Year,Y,Certified
EZYV11890,Asia,Master's,N,N,3030,1968,Midwest,109107.42,Year,Y,Certified
EZYV10978,North America,Bachelor's,Y,N,2429,2003,Northeast,134620.48,Year,Y,Denied
EZYV8614,Asia,Bachelor's,Y,N,5837,1994,Northeast,69372.21,Year,N,Certified
EZYV873,Asia,Bachelor's,Y,N,159,2006,West,65842.4,Year,Y,Certified
EZYV22989,North America,Master's,Y,N,4374,1999,South,71887.59,Year,N,Denied
EZYV22076,Asia,Bachelor's,Y,Y,2075,1998,West,74137.7,Year,N,Certified
EZYV10596,South America,Bachelor's,N,Y,2113,1968,Northeast,131479.38,Year,Y,Denied
EZYV8074,Europe,Master's,N,Y,61240,2002,Northeast,100280.8,Year,Y,Denied
EZYV21905,North America,Bachelor's,Y,N,845,1990,Northeast,171.63,Hour,Y,Denied
EZYV17026,North America,Master's,N,N,1601,1963,South,63277.43,Year,N,Certified
EZYV7300,North America,Bachelor's,Y,N,3692,2007,West,96764.91,Year,Y,Denied
EZYV23090,South America,Master's,N,N,1011,1842,Northeast,781.5823,Hour,Y,Certified
EZYV2579,South America,High School,Y,N,3205,2011,West,39933.25,Year,Y,Certified
EZYV2456,Asia,Bachelor's,Y,N,4135,2001,Northeast,42400.51,Year,N,Certified
EZYV5978,Europe,High School,N,Y,4949,1949,West,29982.73,Year,Y,Denied
EZYV23299,Europe,Bachelor's,N,N,44382,1950,Midwest,21838.7,Year,Y,Certified
EZYV10516,Europe,Bachelor's,N,N,3130,2008,South,44888.99,Year,Y,Certified
EZYV11938,Asia,Bachelor's,N,Y,131738,1965,South,122062.41,Year,Y,Certified
EZYV12594,Asia,Master's,Y,N,174,1993,West,150706.7,Year,N,Certified
EZYV6431,Asia,Bachelor's,N,N,3291,1998,South,198517.74,Year,Y,Denied
EZYV21218,Asia,Bachelor's,N,Y,2237,1999,South,63269.11,Year,Y,Certified
EZYV23603,Asia,Master's,Y,N,3190,1995,West,29062.21,Year,Y,Certified
EZYV24997,Asia,Bachelor's,Y,Y,36,2000,West,161397.13,Year,Y,Denied
EZYV20854,North America,High School,N,N,3031,1932,Northeast,69287.72,Year,Y,Certified
EZYV24274,Asia,Bachelor's,N,Y,1090,2014,Northeast,145386.2,Year,Y,Denied
EZYV4465,Asia,Master's,N,N,3955,2005,West,125869.86,Year,Y,Denied
EZYV2913,Europe,Master's,N,N,2601,1954,West,291.2804,Hour,Y,Certified
EZYV12115,Asia,High School,Y,N,4972,2004,Northeast,56885.67,Year,N,Denied
EZYV23068,Europe,High School,Y,N,4309,2006,West,100935.07,Year,Y,Certified
EZYV172,South America,Bachelor's,Y,N,5461,1979,Northeast,9078.62,Year,Y,Certified
EZYV1771,North America,Bachelor's,Y,N,128,1833,Midwest,81898.43,Month,Y,Certified
EZYV12859,Asia,Bachelor's,N,N,4923,2010,South,540.33,Hour,Y,Denied
EZYV2882,North America,Master's,Y,N,3399,2003,Midwest,130671.23,Year,N,Certified
EZYV20145,Asia,High School,Y,N,594,2010,Midwest,240301.92,Year,Y,Certified
EZYV2886,Europe,Bachelor's,Y,N,3997,1912,West,43579.53,Year,Y,Certified
EZYV22539,Asia,Bachelor's,Y,N,2632,1917,West,170882.09,Year,Y,Certified
EZYV18224,Asia,Bachelor's,N,N,2400,2000,Island,99101.77,Year,Y,Denied
EZYV5945,Asia,Bachelor's,N,N,3486,1838,Northeast,112532.24,Year,Y,Certified
EZYV23065,Europe,High School,Y,N,473,1946,Midwest,32729.39,Year,Y,Certified
EZYV5274,Asia,Bachelor's,N,N,635,2001,Northeast,116280.36,Year,Y,Certified
EZYV11927,Asia,Bachelor's,Y,N,629,1869,West,71066.18,Year,Y,Denied
EZYV22668,Asia,Doctorate,Y,N,670,2016,South,41792.66,Year,N,Certified
EZYV17025,Asia,Master's,N,Y,2458,2008,West,84010.87,Year,Y,Certified
EZYV19119,North America,Doctorate,Y,N,2848,1970,Northeast,52629.95,Year,Y,Certified
EZYV23000,Asia,Bachelor's,Y,N,2309,2008,West,144429.73,Year,Y,Denied
EZYV10724,North America,High School,N,Y,16398,2009,West,37111.35,Year,Y,Denied
EZYV24552,North America,High School,Y,N,2850,1975,South,265969.8,Year,N,Certified
EZYV22707,Europe,High School,Y,N,3244,1998,West,14382.71,Year,Y,Certified
EZYV11287,Asia,Master's,N,N,1123,2009,South,104.85,Hour,Y,Denied
EZYV25134,Asia,Bachelor's,Y,Y,16399,1994,Midwest,22061.86,Year,Y,Denied
EZYV9698,Oceania,Bachelor's,Y,N,183,1920,Northeast,141712.93,Year,Y,Certified
EZYV14602,North America,Master's,Y,N,75822,1887,West,75942.15,Year,N,Certified
EZYV5246,Asia,Bachelor's,Y,N,1331,1963,Northeast,13812.6,Year,Y,Certified
EZYV19831,Asia,Bachelor's,N,N,1307,1988,South,42387.76,Year,Y,Certified
EZYV6117,Asia,Master's,N,N,2849,1998,Midwest,92270.51,Year,Y,Certified
EZYV9666,Asia,High School,Y,N,3695,1968,South,33386.29,Year,Y,Denied
EZYV13975,Asia,High School,Y,N,3376,1990,Midwest,24614.29,Year,Y,Denied
EZYV23750,Asia,Master's,Y,N,361,1997,West,118105.2,Year,Y,Certified
EZYV21264,Asia,Master's,N,N,1945,1987,West,136961.1,Year,Y,Denied
EZYV25053,Asia,Master's,N,N,4027,2000,Northeast,213.4232,Hour,Y,Denied
EZYV2844,Asia,Bachelor's,N,N,3074,2013,South,63030.76,Year,Y,Denied
EZYV690,Asia,Master's,Y,N,107,2005,Northeast,92835.68,Year,Y,Certified
EZYV21015,North America,Master's,Y,N,90320,1837,Island,127248.19,Year,Y,Certified
EZYV2206,North America,Master's,Y,N,148,1977,Northeast,52502.33,Year,Y,Certified
EZYV23722,North America,Master's,Y,Y,16627,1970,South,226982.69,Year,Y,Certified
EZYV3285,Asia,Bachelor's,Y,N,51222,1979,Northeast,554.7338,Hour,Y,Certified
EZYV18382,North America,Master's,Y,N,634,1993,West,55105.56,Year,Y,Certified
EZYV20672,North America,Bachelor's,N,Y,29448,2011,Midwest,54284.44,Year,Y,Certified
EZYV6016,Asia,Bachelor's,Y,N,962,2013,South,23504.99,Year,Y,Denied
EZYV13051,Asia,Master's,Y,N,4620,1999,Northeast,199705.42,Year,N,Certified
EZYV1654,Asia,Master's,Y,N,332,2001,West,140471.1,Year,N,Certified
EZYV5390,Asia,High School,Y,N,1722,2000,Northeast,101716.57,Year,Y,Denied
EZYV21661,Europe,Doctorate,Y,N,3257,1913,West,52977.42,Year,Y,Denied
EZYV2976,Asia,Bachelor's,N,Y,2142,2005,Northeast,80799.0,Year,Y,Denied
EZYV18572,Asia,Bachelor's,Y,N,2952,1983,Island,120939.22,Year,N,Certified
EZYV21843,Asia,Bachelor's,Y,N,4909,1986,West,9671.6,Year,Y,Certified
EZYV24803,Europe,Bachelor's,Y,N,388,2001,West,93291.21,Year,Y,Certified
EZYV13920,Asia,Bachelor's,N,N,723,2006,Northeast,51399.08,Year,Y,Certified
EZYV6460,Asia,Bachelor's,Y,Y,1596,2011,West,59814.93,Year,Y,Certified
EZYV13281,Asia,Master's,Y,N,736,2005,Midwest,22366.41,Year,N,Certified
EZYV25349,Asia,Bachelor's,Y,N,36,1993,Midwest,190311.67,Year,Y,Denied
EZYV1696,Asia,Bachelor's,N,N,563,1978,Northeast,118230.71,Year,Y,Denied
EZYV12544,North America,Master's,Y,N,4319,2006,West,108862.17,Year,Y,Denied
EZYV10983,North America,Bachelor's,Y,N,88326,2007,South,20954.21,Year,Y,Certified
EZYV14658,Europe,Bachelor's,Y,N,932,1978,West,35665.33,Year,Y,Certified
EZYV12472,Asia,Bachelor's,Y,N,505,2010,South,129521.85,Year,Y,Certified
EZYV828,Europe,Bachelor's,Y,Y,2861,1987,South,101072.99,Year,Y,Certified
EZYV10164,North America,Bachelor's,N,Y,3134,2014,West,98030.76,Year,Y,Denied
EZYV7153,Asia,Bachelor's,N,N,254,1977,West,615.3414,Hour,Y,Denied
EZYV5222,Europe,High School,N,Y,5192,1983,West,11597.17,Year,Y,Denied
EZYV24864,Asia,Master's,N,N,2549,2003,South,34210.42,Year,Y,Denied
EZYV15089,Asia,Doctorate,Y,N,1116,1999,Northeast,90494.35,Year,Y,Certified
EZYV727,Asia,Bachelor's,N,Y,704,2013,South,84801.63,Year,Y,Certified
EZYV21660,Europe,Bachelor's,Y,Y,1934,1995,South,91296.43,Year,Y,Certified
EZYV1191,Europe,Master's,Y,N,5436,2014,Northeast,70186.66,Year,Y,Certified
EZYV14986,Asia,Master's,N,N,3444,1968,South,798.4359,Hour,Y,Denied
EZYV8838,Asia,Master's,Y,N,1229,1990,South,72945.76,Year,Y,Certified
EZYV8568,Asia,Bachelor's,N,N,1553,1961,South,142513.65,Year,N,Certified
EZYV13174,Asia,Master's,Y,N,6440,2004,West,189007.33,Year,N,Certified
EZYV10548,Asia,Bachelor's,Y,N,2840,1901,Midwest,21998.72,Year,Y,Denied
EZYV23274,Asia,Master's,Y,N,4014,2007,South,2171.4,Year,Y,Certified
EZYV16072,Europe,Doctorate,Y,N,509,1893,West,46405.51,Year,Y,Certified
EZYV15709,Asia,Bachelor's,Y,N,2093,2013,Midwest,94646.79,Year,Y,Certified
EZYV5268,Asia,High School,Y,N,4672,2006,South,79647.69,Year,Y,Denied
EZYV3442,North America,Master's,Y,N,1122,1993,South,80023.76,Week,Y,Certified
EZYV6777,North America,Bachelor's,N,N,29248,2013,Northeast,62192.33,Year,Y,Certified
EZYV8455,Asia,Master's,Y,N,296,1969,South,132128.63,Year,N,Certified
EZYV4506,Europe,Master's,Y,N,2601,1928,South,64469.58,Year,Y,Certified
EZYV21391,Asia,Bachelor's,Y,N,79645,1995,Northeast,108266.73,Year,Y,Certified
EZYV15374,Asia,Bachelor's,Y,N,2069,1924,South,118754.0,Year,Y,Certified
EZYV21097,Asia,Master's,N,N,3283,1979,West,102471.03,Year,Y,Denied
EZYV19443,Asia,Bachelor's,Y,N,3238,2011,South,40727.51,Year,Y,Certified
EZYV18517,Asia,Bachelor's,N,Y,4478,2010,West,46126.42,Year,Y,Certified
EZYV1056,Europe,High School,Y,Y,1777,2011,Northeast,118280.52,Year,Y,Denied
EZYV3901,Asia,Master's,Y,N,635,1912,South,29945.33,Year,Y,Certified
EZYV16541,Europe,Master's,N,Y,2208,1997,South,114471.95,Year,Y,Certified
EZYV1726,Europe,Bachelor's,Y,N,1947,1909,Northeast,56550.83,Year,Y,Certified
EZYV14930,Asia,Master's,N,N,1976,1977,South,100995.12,Year,N,Certified
EZYV22808,Europe,Master's,N,N,2003,1983,Midwest,62464.04,Year,Y,Certified
EZYV16941,Asia,Doctorate,N,Y,2134,2007,West,64393.06,Year,Y,Certified
EZYV11514,Europe,Bachelor's,Y,Y,2066,2004,West,9668.72,Year,Y,Certified
EZYV3229,North America,Bachelor's,Y,N,3089,2007,Midwest,87864.62,Year,Y,Certified
EZYV1439,South America,Master's,Y,N,254,1981,Island,83202.72,Year,Y,Certified
EZYV6246,North America,Master's,Y,N,5505,1919,West,15615.87,Year,Y,Certified
EZYV25346,Asia,Master's,Y,N,1923,2001,West,101765.34,Year,Y,Denied
EZYV25225,Asia,High School,Y,N,4591,1985,South,97257.74,Year,Y,Denied
EZYV5352,Asia,Doctorate,N,N,4759,2006,Midwest,125393.1,Year,Y,Certified
EZYV7810,Asia,Master's,N,N,1047,1907,Midwest,36410.6,Year,N,Certified
EZYV16810,Asia,High School,Y,Y,4193,1919,Northeast,38864.6,Year,Y,Certified
EZYV21766,Asia,Master's,N,N,1654,1801,Midwest,232933.22,Year,N,Certified
EZYV21598,Asia,Master's,Y,N,3303,1992,South,122745.13,Year,Y,Certified
EZYV23240,Asia,Master's,N,N,770,2001,Northeast,127763.96,Year,Y,Certified
EZYV19502,North America,Master's,N,N,3465,2011,South,87568.23,Year,Y,Certified
EZYV21703,Asia,High School,Y,N,3660,2010,South,230.7013,Hour,Y,Denied
EZYV4309,Asia,Bachelor's,Y,Y,3382,1934,Midwest,52692.82,Year,Y,Certified
EZYV22848,Asia,Bachelor's,N,N,4326,2010,Northeast,252692.71,Year,N,Denied
EZYV737,Asia,Master's,Y,N,3358,2002,Northeast,95310.74,Year,Y,Certified
EZYV6368,Asia,Bachelor's,Y,N,1368,1909,South,125574.83,Year,Y,Certified
EZYV22724,Asia,Master's,Y,N,931,1997,Midwest,45455.41,Year,Y,Certified
EZYV20165,Asia,Master's,Y,N,2001,1979,South,37002.66,Year,Y,Certified
EZYV22731,Asia,Bachelor's,N,N,795,2005,Midwest,15735.86,Year,Y,Certified
EZYV12489,South America,Master's,Y,N,602,1944,Northeast,24519.83,Year,Y,Denied
EZYV14038,Asia,Bachelor's,N,N,1501,2004,West,686.4229,Hour,Y,Denied
EZYV2264,Europe,High School,N,Y,844,2008,West,114907.51,Year,Y,Denied
EZYV9678,Asia,Master's,Y,N,3009,1886,West,223185.07,Year,Y,Certified
EZYV3714,Asia,Bachelor's,Y,N,3547,2011,West,80123.09,Year,Y,Certified
EZYV16527,Europe,Doctorate,N,Y,3722,1979,West,76288.57,Year,Y,Certified
EZYV12201,Asia,Bachelor's,Y,Y,2981,1974,Northeast,79091.78,Year,Y,Certified
EZYV121,North America,Master's,N,N,2334,1971,South,160676.39,Year,N,Certified
EZYV10367,Asia,High School,Y,N,619,2000,West,111997.5,Year,Y,Denied
EZYV16911,Asia,Bachelor's,Y,Y,2545,2009,Northeast,91073.23,Year,Y,Certified
EZYV10667,Europe,Doctorate,Y,N,1048,1998,Northeast,70070.29,Year,Y,Certified
EZYV24781,Europe,Doctorate,N,N,1380,1961,West,54340.4,Year,Y,Certified
EZYV14085,Asia,Master's,N,N,996,2008,Northeast,41.9771,Hour,Y,Denied
EZYV7449,Asia,High School,Y,N,171,1985,South,41743.95,Year,Y,Denied
EZYV15434,Europe,Doctorate,Y,N,390,1833,Northeast,9302.66,Year,Y,Certified
EZYV7986,Asia,Bachelor's,N,N,43,2000,Northeast,117719.57,Year,Y,Certified
EZYV10131,Asia,High School,N,N,1011,1841,Midwest,114375.93,Year,N,Denied
EZYV2285,Europe,Master's,Y,N,1925,1998,West,21979.55,Year,Y,Certified
EZYV15547,Asia,Master's,Y,N,961,2011,Midwest,166924.14,Year,Y,Certified
EZYV8365,Asia,High School,Y,N,1466,1988,West,194076.46,Year,Y,Denied
EZYV14747,North America,Bachelor's,N,N,1024,2000,West,257781.92,Year,N,Denied
EZYV19691,North America,Master's,Y,N,2505,1997,Northeast,53053.81,Year,Y,Certified
EZYV14156,North America,Master's,Y,N,1350,1878,Northeast,45067.58,Year,N,Certified
EZYV19041,Asia,Master's,Y,N,1337,1969,Midwest,60522.85,Year,Y,Certified
EZYV24485,Europe,Bachelor's,Y,N,70128,2005,Northeast,60057.29,Year,Y,Certified
EZYV7352,Asia,Master's,N,Y,1917,1989,South,100807.38,Year,Y,Certified
EZYV12589,Asia,Bachelor's,Y,N,3149,2009,Northeast,128883.23,Year,Y,Certified
EZYV20696,Asia,Master's,Y,N,2542,2006,Midwest,47894.36,Year,Y,Certified
EZYV17416,Asia,Bachelor's,N,N,4166,1947,Northeast,124.97,Hour,Y,Denied
EZYV2887,Asia,Bachelor's,N,N,378,2005,West,147570.72,Year,N,Denied
EZYV8799,Asia,Bachelor's,Y,Y,1220,2005,South,84577.92,Year,Y,Denied
EZYV13906,Asia,Master's,N,N,2764,1983,Midwest,100108.37,Year,Y,Certified
EZYV6242,Asia,Bachelor's,Y,N,2729,1990,South,113828.03,Year,Y,Denied
EZYV19355,Asia,Master's,N,N,4399,2010,Northeast,82840.52,Year,Y,Denied
EZYV3142,Asia,Master's,Y,N,2631,1986,Midwest,71558.84,Year,Y,Certified
EZYV4509,Asia,Bachelor's,N,N,4067,1885,Midwest,39900.47,Year,Y,Denied
EZYV12469,North America,Bachelor's,Y,N,2845,1963,South,24055.31,Year,Y,Denied
EZYV5115,Asia,Bachelor's,Y,N,206389,1971,South,96786.1,Year,Y,Denied
EZYV17746,Asia,Bachelor's,Y,N,100460,2007,South,46899.63,Year,Y,Certified
EZYV17300,Europe,High School,N,N,2352,2003,West,42792.7,Year,Y,Certified
EZYV14874,Europe,Bachelor's,Y,N,3395,1998,Northeast,131001.97,Year,Y,Certified
EZYV22723,Asia,Master's,Y,N,2003,2002,West,62710.32,Year,Y,Certified
EZYV2571,Asia,Bachelor's,Y,N,2528,1885,South,53984.26,Year,Y,Certified
EZYV1854,Asia,Master's,N,N,4314,1968,Northeast,50688.45,Year,Y,Denied
EZYV21982,Asia,Bachelor's,Y,N,272,1968,Midwest,50605.71,Year,Y,Certified
EZYV22891,Asia,Bachelor's,Y,N,3683,2003,West,82096.87,Year,Y,Denied
EZYV3945,Asia,Master's,N,N,4669,2000,South,768.4136,Hour,Y,Denied
EZYV8488,Asia,Bachelor's,N,N,1175,2006,West,38999.34,Year,Y,Denied
EZYV8147,North America,Master's,N,Y,44,1975,South,80955.8,Year,Y,Certified
EZYV446,Asia,Doctorate,N,N,894,1851,West,170188.95,Year,Y,Denied
EZYV793,North America,Bachelor's,Y,N,2808,1962,Northeast,17773.53,Year,Y,Certified
EZYV8469,Asia,Bachelor's,Y,N,1270,1977,West,92441.52,Year,Y,Denied
EZYV7881,Asia,Bachelor's,N,N,2279,1973,Midwest,64941.67,Year,Y,Certified
EZYV14469,Asia,High School,Y,Y,2604,1837,Midwest,40866.87,Year,Y,Denied
EZYV4985,Europe,High School,Y,N,16,2008,Northeast,42227.84,Year,Y,Denied
EZYV5315,Asia,Bachelor's,Y,N,2265,2011,West,73056.68,Year,Y,Denied
EZYV11548,Asia,Master's,N,N,1392,1875,West,57734.52,Year,N,Denied
EZYV13979,Asia,Master's,Y,N,2420,2006,South,78152.64,Year,Y,Certified
EZYV3007,Asia,Bachelor's,N,N,374,1867,Northeast,61689.62,Year,Y,Denied
EZYV12049,Europe,Master's,N,N,2230,1981,West,78179.27,Year,Y,Certified
EZYV21313,Europe,Master's,Y,N,1559,1901,Northeast,70376.12,Year,Y,Certified
EZYV13125,Asia,High School,Y,N,1820,1993,South,112767.32,Year,Y,Denied
EZYV22958,North America,High School,N,N,845,1999,Northeast,38091.39,Year,Y,Denied
EZYV6767,South America,High School,N,Y,1194,1838,Midwest,850.9943,Hour,Y,Certified
EZYV1132,Asia,High School,N,N,1644,1999,Midwest,129136.93,Year,Y,Certified
EZYV19042,Asia,Bachelor's,Y,N,2959,2003,South,165773.27,Year,Y,Denied
EZYV9284,Asia,Master's,N,N,857,1981,Midwest,81785.13,Year,Y,Certified
EZYV7568,North America,Master's,Y,N,3762,2010,Midwest,27984.17,Year,Y,Certified
EZYV10397,North America,Master's,Y,N,24942,1949,Midwest,42206.15,Year,Y,Certified
EZYV15998,North America,High School,Y,N,5046,1987,Northeast,33955.38,Year,Y,Certified
EZYV12013,Asia,Doctorate,N,N,303,1999,Northeast,857.9262,Hour,Y,Certified
EZYV22932,Asia,Master's,N,N,2831,1945,Midwest,151394.28,Year,Y,Denied
EZYV10485,Asia,Master's,N,N,4873,2007,Northeast,98398.54,Year,N,Certified
EZYV6588,Europe,High School,Y,N,1534,1998,South,58941.04,Year,Y,Denied
EZYV1459,Europe,High School,Y,N,5064,1936,South,31990.75,Year,Y,Certified
EZYV3841,Asia,High School,Y,N,19333,2005,Northeast,53378.97,Year,Y,Denied
EZYV21401,Europe,Bachelor's,N,Y,2315,1996,South,255033.75,Year,Y,Certified
EZYV22852,Asia,Master's,Y,N,666,2010,Northeast,264947.49,Year,N,Certified
EZYV4048,North America,Bachelor's,Y,N,1186,1872,Northeast,72586.51,Year,N,Certified
EZYV15296,Asia,Bachelor's,Y,N,3402,1968,South,127333.13,Year,Y,Certified
EZYV22553,North America,High School,Y,N,1867,1990,West,32868.85,Year,Y,Certified
EZYV5723,South America,Bachelor's,Y,N,2968,1921,West,90911.47,Month,Y,Certified
EZYV13012,Europe,Master's,N,N,2467,2008,Northeast,131945.47,Year,N,Certified
EZYV17237,Asia,Master's,N,N,3788,1995,Northeast,82201.17,Year,Y,Denied
EZYV18202,Asia,Master's,N,N,1797,2001,South,82445.94,Year,N,Certified
EZYV3487,Asia,Bachelor's,Y,N,1686,2009,South,107881.79,Year,Y,Certified
EZYV3491,Asia,Bachelor's,N,N,1481,1993,South,46588.97,Year,Y,Denied
EZYV9991,Asia,Bachelor's,Y,N,843,1977,West,78878.56,Year,Y,Certified
EZYV24419,Europe,Bachelor's,Y,N,4001,1931,West,106621.34,Year,Y,Certified
EZYV13904,Asia,Bachelor's,Y,N,1673,2001,Northeast,77435.87,Year,Y,Denied
EZYV23755,North America,Bachelor's,Y,N,3213,1994,West,113528.18,Year,Y,Certified
EZYV13040,Asia,Bachelor's,Y,N,3242,2013,West,85050.38,Year,Y,Certified
EZYV14339,Asia,Bachelor's,N,N,2926,1993,South,299.2344,Hour,Y,Denied
EZYV19577,Asia,Bachelor's,Y,N,2584,1989,West,94703.2,Year,N,Denied
EZYV1037,Asia,Bachelor's,Y,N,3026,1934,South,64069.53,Year,Y,Certified
EZYV13955,Asia,Bachelor's,Y,N,1003,2001,Northeast,456.5826,Hour,Y,Certified
EZYV12670,South America,Master's,Y,N,10689,1987,West,106657.24,Year,Y,Denied
EZYV21816,Asia,Bachelor's,Y,N,2308,2006,South,98097.94,Year,Y,Certified
EZYV22420,Europe,Master's,Y,N,22104,1995,Northeast,88057.42,Year,Y,Certified
EZYV21685,Europe,Bachelor's,Y,N,1342,2013,South,856.01,Year,Y,Certified
EZYV22173,Asia,Bachelor's,Y,N,3300,2013,Northeast,103203.51,Year,Y,Certified
EZYV8945,North America,High School,Y,N,14181,1979,Island,82569.59,Year,N,Certified
EZYV1102,Asia,Bachelor's,Y,N,2665,1999,West,423.9009,Hour,Y,Certified
EZYV15304,Asia,High School,N,Y,888,2013,South,125796.82,Year,Y,Denied
EZYV22178,Europe,Doctorate,Y,Y,317,2002,South,15134.14,Year,Y,Certified
EZYV21371,Asia,Bachelor's,N,N,1737,2003,South,61155.52,Year,Y,Denied
EZYV16706,Asia,Bachelor's,N,N,4239,1994,Northeast,75098.03,Year,Y,Certified
EZYV17402,North America,Bachelor's,N,N,3840,2010,South,126265.26,Year,N,Certified
EZYV3628,Asia,Master's,N,N,1124,1997,Northeast,105491.53,Year,N,Denied
EZYV22774,Africa,Doctorate,Y,N,2790,1898,Midwest,106183.89,Year,Y,Certified
EZYV24271,Asia,Bachelor's,Y,N,50,1977,Northeast,101650.72,Year,Y,Denied
EZYV4611,Asia,High School,Y,N,1073,1992,West,34666.36,Year,Y,Denied
EZYV3778,Asia,Master's,Y,Y,1351,1875,West,140492.79,Year,Y,Certified
EZYV21243,Asia,Master's,Y,N,378,2007,Northeast,494.7105,Hour,Y,Denied
EZYV2076,Asia,Master's,N,N,2735,2005,Northeast,47162.77,Year,N,Denied
EZYV23071,Asia,Bachelor's,N,N,2122,2009,West,113639.09,Year,N,Denied
EZYV9151,Asia,Bachelor's,Y,N,332,2008,South,52121.6,Year,Y,Certified
EZYV9642,Europe,Master's,Y,N,2451,1994,Northeast,29671.94,Year,Y,Certified
EZYV23142,North America,Bachelor's,N,N,1428,1998,West,110849.45,Year,Y,Denied
EZYV24877,Asia,Master's,Y,N,2450,2010,Northeast,73101.24,Year,Y,Certified
EZYV644,Asia,Bachelor's,N,N,3189,1838,West,165723.2,Year,Y,Denied
EZYV10092,Asia,Doctorate,Y,N,1430,1998,South,109886.65,Year,Y,Certified
EZYV16702,Asia,Bachelor's,N,N,3407,1963,Midwest,100.41,Hour,Y,Certified
EZYV7612,Asia,Bachelor's,N,N,1223,1992,West,92234.76,Year,Y,Denied
EZYV13137,North America,Bachelor's,Y,N,678,1937,Midwest,61727.55,Year,N,Certified
EZYV24920,North America,Master's,N,N,604,2010,South,141.3244,Hour,Y,Denied
EZYV24090,Asia,Bachelor's,N,N,1459,2001,South,87316.01,Year,N,Certified
EZYV15478,Asia,Bachelor's,Y,N,41,1962,South,64700.77,Year,N,Certified
EZYV23616,Asia,Doctorate,Y,N,3848,1984,Northeast,38718.79,Year,Y,Certified
EZYV8879,Asia,Bachelor's,N,N,309,2007,South,37774.77,Year,Y,Denied
EZYV5163,Asia,Bachelor's,Y,N,500,2016,Northeast,12476.4,Year,Y,Certified
EZYV23445,Asia,Bachelor's,N,N,3829,1998,West,30169.84,Year,Y,Denied
EZYV10943,Asia,Bachelor's,N,Y,2227,2006,South,183528.79,Year,Y,Certified
EZYV2381,Asia,Master's,Y,N,1820,1970,Midwest,100686.2,Year,Y,Certified
EZYV16816,Europe,Master's,Y,N,329,2002,South,130415.0,Year,Y,Certified
EZYV11997,North America,Bachelor's,Y,N,497,1994,West,52177.2,Year,Y,Denied
EZYV1694,Asia,Bachelor's,Y,N,19619,1981,Northeast,20551.77,Year,Y,Certified
EZYV12923,South America,Doctorate,Y,N,1141,2013,West,278.9787,Hour,Y,Certified
EZYV405,Asia,Bachelor's,Y,N,997,2001,Midwest,197676.15,Year,Y,Certified
EZYV3381,Asia,Bachelor's,N,N,3332,2007,Northeast,104978.15,Year,Y,Denied
EZYV20987,Europe,High School,Y,N,627,1998,South,118509.0,Year,Y,Certified
EZYV666,North America,Master's,N,N,93759,1983,Midwest,74237.68,Year,Y,Certified
EZYV16012,Asia,Bachelor's,N,N,3820,2010,Midwest,146396.23,Year,Y,Certified
EZYV22771,North America,Doctorate,Y,N,672,1968,West,45434.37,Year,Y,Denied
EZYV4996,Asia,Master's,N,N,232,1983,Midwest,96065.76,Year,Y,Certified
EZYV22495,Asia,Master's,Y,N,668,2000,West,216909.49,Year,Y,Denied
EZYV17531,South America,Master's,Y,N,3330,1991,Northeast,455.4029,Hour,Y,Denied
EZYV17480,Europe,Bachelor's,N,N,164,1971,Northeast,37337.68,Year,Y,Denied
EZYV15687,Asia,Bachelor's,N,N,3587,1957,South,44316.89,Year,Y,Certified
EZYV11191,Asia,Bachelor's,Y,N,4091,1909,Northeast,121202.42,Year,N,Certified
EZYV539,Asia,Master's,Y,N,2650,1989,South,52654.73,Year,Y,Certified
EZYV22155,Asia,Bachelor's,N,N,3305,1985,South,65384.68,Year,Y,Certified
EZYV9037,Africa,Bachelor's,N,N,1070,1995,Northeast,577.8283,Hour,Y,Certified
EZYV6249,North America,Master's,N,N,2205,1977,Northeast,511.4655,Hour,Y,Denied
EZYV7778,Asia,Doctorate,Y,N,2201,2005,Midwest,106274.41,Year,N,Certified
EZYV1686,Asia,Master's,Y,N,1627,1978,Midwest,122018.87,Year,Y,Certified
EZYV6550,Asia,Bachelor's,Y,Y,2436,2014,South,85781.67,Year,Y,Certified
EZYV10831,Asia,Bachelor's,N,Y,19023,2000,West,73834.29,Year,Y,Denied
EZYV21577,Europe,Doctorate,Y,N,2005,2010,South,84641.92,Year,Y,Certified
EZYV19055,North America,High School,Y,N,1835,2002,Northeast,149213.17,Year,Y,Denied
EZYV7916,Asia,Master's,Y,N,3855,1996,South,28049.3,Year,Y,Certified
EZYV22949,Asia,Bachelor's,N,N,3436,1981,Island,62598.14,Year,Y,Certified
EZYV20769,Asia,Bachelor's,N,Y,126,1997,West,78896.39,Year,Y,Certified
EZYV3461,Asia,Bachelor's,N,N,982,2001,Northeast,40663.25,Year,Y,Denied
EZYV22371,Asia,Master's,N,N,2491,1993,South,115773.56,Year,N,Denied
EZYV1008,Asia,Master's,N,N,2359,1996,Midwest,112264.84,Year,Y,Certified
EZYV15257,Asia,Bachelor's,N,N,1181,1807,South,423.9806,Hour,Y,Denied
EZYV6257,Asia,Master's,N,N,2251,1907,Northeast,69591.39,Year,N,Certified
EZYV357,South America,Doctorate,N,N,819,1994,Island,33645.87,Year,Y,Denied
EZYV2974,Asia,Doctorate,Y,N,3073,1975,Northeast,68956.29,Year,Y,Certified
EZYV12109,Asia,Master's,N,N,1397,1998,Midwest,68676.02,Year,Y,Certified
EZYV1449,Asia,Bachelor's,N,N,456,1931,Northeast,88523.93,Year,Y,Denied
EZYV23864,Asia,High School,Y,N,4174,1818,West,41220.11,Year,Y,Denied
EZYV11120,Asia,Master's,Y,N,758,1858,South,144178.52,Year,Y,Certified
EZYV20379,Asia,Master's,N,N,2994,2005,South,114404.04,Year,N,Certified
EZYV12202,Asia,Bachelor's,N,N,118659,2000,South,68336.71,Year,Y,Certified
EZYV4086,Asia,Master's,N,N,3405,1921,South,61261.02,Year,Y,Denied
EZYV24937,North America,Bachelor's,N,N,3176,1998,South,20898.29,Year,N,Denied
EZYV25156,Asia,Master's,Y,N,920,1900,Northeast,132536.12,Year,N,Denied
EZYV6145,Asia,Bachelor's,N,N,3415,1920,South,34796.5,Year,Y,Denied
EZYV15831,North America,Bachelor's,N,N,2970,2004,South,67267.39,Year,N,Certified
EZYV18803,Europe,Doctorate,N,N,1280,1885,South,59345.66,Year,Y,Denied
EZYV10013,Asia,Bachelor's,Y,N,456,2009,Island,118371.82,Year,Y,Certified
EZYV23146,Asia,Master's,Y,N,1593,2008,South,8955.91,Year,Y,Certified
EZYV581,Asia,Master's,N,Y,4393,2010,South,62328.16,Year,Y,Certified
EZYV10495,Asia,Bachelor's,Y,N,64,1976,South,120901.54,Year,Y,Denied
EZYV6071,Asia,Bachelor's,N,N,3414,2003,Northeast,36686.03,Year,Y,Certified
EZYV2530,Asia,Master's,Y,N,3465,2012,Northeast,139492.33,Year,Y,Certified
EZYV8625,Asia,High School,Y,N,1387,1992,Northeast,17.5508,Hour,Y,Denied
EZYV22306,Asia,Bachelor's,N,Y,2017,1989,South,46368.11,Year,Y,Certified
EZYV15817,Europe,Doctorate,N,N,324,1997,South,152.89,Hour,Y,Denied
EZYV2879,Asia,Master's,Y,N,1972,1991,South,289.8,Year,Y,Certified
EZYV20958,Asia,Bachelor's,N,N,569,1988,Midwest,311734.49,Year,Y,Certified
EZYV4240,Asia,Bachelor's,N,N,1881,2001,Midwest,131106.68,Year,Y,Denied
EZYV16835,Asia,High School,Y,N,2862,1969,West,130266.41,Year,Y,Denied
EZYV7715,South America,Bachelor's,Y,N,412,1998,Northeast,89821.13,Year,Y,Denied
EZYV17027,Asia,Master's,Y,N,7595,1983,Midwest,145811.46,Year,Y,Certified
EZYV62,Europe,Doctorate,Y,Y,2311,1994,Midwest,58791.58,Year,Y,Certified
EZYV19862,Europe,Bachelor's,Y,N,291,1985,Midwest,24342.62,Year,Y,Certified
EZYV4430,Asia,Master's,N,N,3243,2008,South,32903.96,Year,N,Denied
EZYV14618,Asia,Master's,Y,N,412,2009,Northeast,179.62,Year,Y,Certified
EZYV4874,Europe,Bachelor's,Y,N,2355,1851,West,6744.42,Year,Y,Certified
EZYV25274,Asia,Master's,Y,N,138563,2010,West,60914.38,Year,Y,Certified
EZYV21399,Asia,Master's,Y,N,1480,1998,Midwest,24551.95,Year,Y,Certified
EZYV7690,Asia,Bachelor's,N,N,1143,2002,South,84965.61,Year,Y,Denied
EZYV10807,Asia,Doctorate,N,Y,640,1989,South,139230.07,Year,Y,Certified
EZYV18661,Asia,High School,N,N,2748,2000,South,106204.02,Year,Y,Certified
EZYV4362,Africa,Master's,N,N,2650,1988,South,91790.23,Year,Y,Denied
EZYV7400,Asia,Bachelor's,N,N,23824,1800,Northeast,79657.86,Year,Y,Denied
EZYV1679,Asia,Master's,N,N,2477,1971,South,30088.2,Year,Y,Certified
EZYV9695,Asia,High School,Y,N,1126,2005,Midwest,124934.6,Year,Y,Denied
EZYV12273,Asia,Master's,Y,N,4163,1999,Midwest,38763.04,Year,Y,Certified
EZYV19923,Europe,Master's,Y,N,4347,1994,Northeast,32618.89,Year,Y,Certified
EZYV16227,Asia,Bachelor's,Y,N,1673,2006,West,67018.14,Year,Y,Denied
EZYV20556,Asia,Master's,N,N,531,1839,Northeast,89782.38,Year,Y,Certified
EZYV21657,Europe,Master's,N,N,387,1999,South,103662.2,Year,Y,Certified
EZYV7068,Asia,Master's,Y,N,1133,2005,Midwest,81977.3,Year,Y,Certified
EZYV24389,Asia,Bachelor's,Y,N,547,2010,Northeast,40910.25,Year,Y,Certified
EZYV9019,Asia,Bachelor's,N,N,1060,1981,South,131757.53,Year,N,Certified
EZYV24161,Europe,Doctorate,Y,N,1846,1892,South,169486.76,Year,Y,Certified
EZYV4589,Asia,Bachelor's,Y,N,585,2003,West,91915.96,Year,Y,Certified
EZYV1867,Asia,Master's,N,N,3216,2003,Midwest,137833.91,Year,N,Certified
EZYV19107,Asia,Bachelor's,Y,N,858,2008,Midwest,61678.24,Year,Y,Certified
EZYV7045,Europe,Master's,Y,N,2648,1991,Northeast,75902.1,Year,Y,Certified
EZYV13517,Asia,Bachelor's,Y,N,4811,2004,West,39491.77,Year,Y,Denied
EZYV24464,Asia,Master's,N,N,1405,1982,Midwest,176181.85,Year,Y,Certified
EZYV25394,Asia,Bachelor's,N,N,1602,2001,South,46725.85,Year,Y,Certified
EZYV13697,Asia,Bachelor's,Y,N,2326,1831,West,72809.58,Year,Y,Denied
EZYV1376,Europe,High School,N,N,2161,1979,Midwest,20221.87,Year,Y,Certified
EZYV12203,North America,Master's,Y,N,3031,1994,South,71027.76,Year,N,Certified
EZYV6434,Asia,High School,Y,Y,3611,2011,South,48036.95,Year,Y,Denied
EZYV6899,Asia,Bachelor's,Y,Y,3692,1977,West,15129.43,Year,Y,Certified
EZYV3639,Asia,Master's,N,N,1472,2006,Midwest,215525.05,Year,Y,Denied
EZYV5159,Asia,Bachelor's,N,N,16704,1997,Northeast,53485.4,Year,Y,Denied
EZYV6085,Asia,Master's,Y,N,1646,2007,Northeast,141324.72,Year,Y,Certified
EZYV22204,Europe,Bachelor's,N,N,276,2001,Midwest,28468.87,Year,Y,Certified
EZYV17697,Asia,Master's,Y,N,1154,1919,South,35802.6,Year,N,Certified
EZYV25312,Asia,Bachelor's,Y,N,1418,2002,South,22284.07,Year,Y,Certified
EZYV15293,Europe,Bachelor's,N,N,1444,2000,Northeast,111427.41,Year,Y,Denied
EZYV18193,Asia,Bachelor's,Y,N,120,2011,Midwest,137316.75,Year,Y,Certified
EZYV5822,Asia,Bachelor's,N,N,2005,1947,West,101.51,Hour,Y,Denied
EZYV4060,Asia,Bachelor's,N,N,2174,1910,West,67794.36,Year,Y,Denied
EZYV11839,Asia,Bachelor's,Y,N,1897,1965,West,115798.35,Year,Y,Denied
EZYV10900,North America,Master's,Y,N,4212,1946,South,97240.58,Year,Y,Certified
EZYV14509,Asia,Doctorate,Y,N,1211,1997,West,141981.49,Year,Y,Certified
EZYV16094,Europe,Master's,Y,N,4032,1979,Midwest,271877.51,Year,Y,Certified
EZYV1832,Europe,Doctorate,N,N,3824,1817,South,50394.26,Year,Y,Certified
EZYV21992,North America,Doctorate,Y,N,4116,2002,South,106987.06,Year,N,Denied
EZYV8236,Asia,Master's,Y,N,106,1999,Northeast,221.1209,Hour,Y,Certified
EZYV11195,Asia,Master's,Y,N,1980,1995,South,63845.36,Year,Y,Certified
EZYV15922,Asia,Bachelor's,Y,N,3560,2013,Midwest,221735.9,Year,Y,Denied
EZYV21792,North America,Bachelor's,Y,N,21414,1977,South,97351.19,Week,Y,Denied
EZYV5864,Asia,Bachelor's,Y,N,600,2010,Midwest,165283.16,Year,Y,Certified
EZYV8856,Asia,Master's,N,N,2458,1998,South,114615.23,Year,N,Certified
EZYV5806,North America,Master's,Y,N,3302,2013,Midwest,52196.73,Year,Y,Certified
EZYV10757,Asia,Bachelor's,Y,N,264,2005,Island,20764.9,Year,Y,Denied
EZYV23370,North America,Doctorate,Y,Y,3619,1999,West,64987.97,Year,Y,Certified
EZYV20439,South America,Master's,N,Y,162,1900,Midwest,9759.95,Year,Y,Certified
EZYV13798,Asia,Bachelor's,N,N,1760,1997,South,94641.32,Year,Y,Denied
EZYV22511,Asia,Bachelor's,N,N,414,1986,South,91191.77,Year,Y,Certified
EZYV14513,Asia,Doctorate,N,Y,1465,1995,South,93733.36,Year,Y,Certified
EZYV17171,Europe,Bachelor's,Y,N,1899,2009,South,34523.47,Year,Y,Certified
EZYV12464,Europe,Doctorate,Y,N,1822,2005,West,65006.05,Year,Y,Certified
EZYV24595,Asia,High School,Y,N,2384,2001,Midwest,89032.37,Year,Y,Denied
EZYV192,Asia,Doctorate,Y,N,3726,1884,Northeast,111179.86,Year,N,Certified
EZYV23269,Asia,Master's,N,Y,1206,1994,West,44923.06,Year,Y,Denied
EZYV20212,Asia,Master's,Y,Y,181,2013,South,74421.04,Year,Y,Denied
EZYV11746,Asia,Bachelor's,Y,N,3864,1999,West,115353.35,Year,Y,Denied
EZYV17243,Asia,Bachelor's,N,N,138,1977,West,70036.21,Year,Y,Denied
EZYV20004,Asia,Bachelor's,N,N,3421,2000,West,92772.82,Year,Y,Denied
EZYV12790,South America,Bachelor's,N,N,1565,1996,South,81668.0,Year,Y,Denied
EZYV17631,Asia,Bachelor's,Y,N,628,1972,West,94057.99,Year,Y,Denied
EZYV20557,Asia,Bachelor's,Y,N,1094,1997,South,207045.48,Year,N,Certified
EZYV4146,Africa,Master's,Y,N,785,1976,Northeast,15568.17,Year,Y,Certified
EZYV9916,Asia,Bachelor's,N,N,2332,1863,South,52517.06,Year,Y,Certified
EZYV6690,Europe,Bachelor's,N,N,1420,2008,West,1259.39,Year,Y,Certified
EZYV9023,North America,Master's,Y,N,3621,2007,West,105840.4,Year,Y,Denied
EZYV1810,Asia,High School,N,N,3940,1917,South,300.9051,Hour,Y,Certified
EZYV12613,North America,Doctorate,N,N,4297,2003,South,153536.36,Year,Y,Certified
EZYV11136,Asia,Bachelor's,Y,Y,3494,1977,Northeast,65972.28,Year,Y,Certified
EZYV16874,Asia,Bachelor's,N,N,1353,1993,Northeast,566.2264,Hour,Y,Certified
EZYV20513,Asia,Bachelor's,Y,N,3261,2006,Northeast,104060.84,Year,Y,Certified
EZYV14706,Asia,Bachelor's,N,N,1605,1932,South,68036.26,Year,Y,Denied
EZYV5988,Asia,Master's,Y,N,2690,2007,West,85269.34,Year,Y,Certified
EZYV10848,Asia,Master's,Y,N,6262,2013,West,115861.47,Year,N,Denied
EZYV13156,Asia,Master's,Y,N,573,1800,Northeast,124457.5,Year,Y,Certified
EZYV13140,Europe,Master's,Y,N,22125,2011,Northeast,86434.1,Year,Y,Certified
EZYV3342,Asia,Master's,N,N,1245,1983,Northeast,131510.83,Year,N,Denied
EZYV20552,Asia,Bachelor's,N,N,519,1984,South,76315.66,Year,Y,Denied
EZYV23124,Asia,Master's,Y,N,207,1925,South,3589.51,Year,Y,Certified
EZYV13289,North America,Master's,Y,N,3487,1910,Northeast,435.7708,Hour,Y,Certified
EZYV4769,Asia,High School,N,N,473,1979,Midwest,32369.56,Year,Y,Denied
EZYV832,Asia,Bachelor's,N,N,2333,2006,South,34229.45,Year,Y,Certified
EZYV19116,Asia,Bachelor's,N,N,478,1998,West,54573.93,Month,Y,Certified
EZYV5445,Asia,Master's,Y,N,4493,1801,Northeast,62412.94,Year,N,Certified
EZYV20401,North America,Master's,Y,N,5291,1999,Northeast,26930.89,Year,Y,Certified
EZYV10760,Asia,Bachelor's,Y,N,2161,2005,South,85087.21,Year,Y,Certified
EZYV9024,Asia,Master's,N,N,3426,1998,Midwest,171485.08,Year,Y,Certified
EZYV6362,Asia,Master's,Y,N,1903,1976,Northeast,75127.44,Year,Y,Certified
EZYV13932,North America,High School,Y,N,1585,1997,Northeast,430.25,Hour,Y,Denied
EZYV14844,Asia,High School,Y,N,2905,2005,Midwest,87683.92,Year,Y,Denied
EZYV21772,Europe,High School,Y,N,1587,2000,South,117720.1,Year,Y,Certified
EZYV22880,Asia,Master's,N,N,3614,2013,Northeast,111.14,Hour,Y,Denied
EZYV15059,Europe,High School,N,Y,1413,2010,West,41427.4,Year,Y,Denied
EZYV8922,Asia,High School,Y,N,309,1909,West,64282.59,Year,Y,Denied
EZYV21786,Europe,Bachelor's,Y,N,537,1999,Northeast,21353.48,Year,Y,Certified
EZYV3920,Asia,Bachelor's,N,N,953,1988,Northeast,60754.84,Year,Y,Denied
EZYV21664,Africa,Bachelor's,Y,N,2524,2007,Northeast,33272.77,Year,Y,Certified
EZYV2485,Asia,Bachelor's,Y,N,3518,2002,West,42739.8,Year,Y,Certified
EZYV19807,Africa,Bachelor's,Y,N,346,1997,South,127828.06,Week,Y,Certified
EZYV25244,Asia,Bachelor's,N,N,2908,1972,West,42016.09,Year,Y,Denied
EZYV15735,Asia,Master's,Y,N,1180,2005,Northeast,84896.99,Year,N,Certified
EZYV21644,Europe,Bachelor's,N,Y,3126,1800,South,192806.06,Year,Y,Certified
EZYV8095,North America,Bachelor's,N,N,3327,2004,South,84501.04,Year,Y,Certified
EZYV25263,Asia,Bachelor's,N,N,1917,2012,West,66718.75,Year,Y,Denied
EZYV19014,Asia,High School,Y,N,6129,1998,South,107631.38,Year,Y,Certified
EZYV9792,Asia,Master's,N,N,2215,2001,West,107528.11,Year,Y,Certified
EZYV9156,Asia,High School,Y,N,11979,2016,South,45139.91,Year,Y,Denied
EZYV17340,Asia,Bachelor's,Y,N,4509,2007,West,43976.53,Year,Y,Denied
EZYV960,Asia,Bachelor's,N,N,5801,2012,Northeast,99037.57,Year,N,Denied
EZYV5958,Asia,Master's,Y,N,2107,1924,Northeast,203350.19,Year,N,Certified
EZYV7359,Asia,Bachelor's,N,Y,1561,1912,South,109531.27,Year,Y,Certified
EZYV17367,North America,Master's,Y,N,3910,2003,Northeast,91051.31,Year,Y,Certified
EZYV12356,North America,Master's,N,N,746,1838,Island,134586.34,Year,N,Certified
EZYV17495,Asia,Master's,Y,N,5421,1884,South,527.097,Hour,Y,Denied
EZYV4425,Asia,Master's,Y,N,2456,1904,Northeast,87570.13,Year,Y,Certified
EZYV12102,Asia,Master's,Y,N,1713,1834,Northeast,75478.04,Year,Y,Certified
EZYV18113,Asia,Master's,Y,N,3209,1998,Northeast,95354.17,Year,Y,Certified
EZYV21965,Asia,Bachelor's,N,N,5590,1995,Midwest,95131.37,Year,Y,Certified
EZYV7028,Asia,High School,Y,N,3533,2007,Midwest,117783.78,Year,Y,Denied
EZYV14350,Asia,Bachelor's,N,Y,1398,1961,Northeast,103653.79,Year,Y,Denied
EZYV15542,North America,Doctorate,N,N,2306,1978,Northeast,12444.91,Year,Y,Denied
EZYV20537,Asia,Master's,N,Y,1109,1992,South,65616.87,Year,Y,Denied
EZYV6528,Asia,Bachelor's,Y,N,1461,1997,Northeast,104510.37,Year,Y,Certified
EZYV8842,Asia,Bachelor's,Y,N,2026,2008,West,111350.37,Year,Y,Certified
EZYV23605,Europe,Doctorate,Y,N,451,1856,West,94556.86,Year,Y,Certified
EZYV2990,North America,High School,Y,N,1734,1986,South,120350.58,Year,Y,Certified
EZYV7112,South America,Bachelor's,Y,N,905,2011,Midwest,77472.14,Year,Y,Certified
EZYV13151,Europe,Bachelor's,N,N,596,1855,Northeast,80866.96,Year,Y,Certified
EZYV11023,Europe,Bachelor's,Y,N,2507,1998,West,90000.77,Year,Y,Certified
EZYV14306,Asia,Master's,N,Y,714,2008,Northeast,64634.56,Year,N,Denied
EZYV7578,Asia,Master's,N,N,3205,2007,Northeast,50190.43,Year,N,Certified
EZYV20325,Asia,Bachelor's,Y,N,2646,1838,Northeast,496.3899,Hour,Y,Certified
EZYV11660,Asia,Bachelor's,Y,N,1549,2006,Northeast,84330.65,Year,Y,Certified
EZYV584,North America,Bachelor's,Y,N,1105,1962,West,60561.95,Year,Y,Certified
EZYV8476,Asia,Bachelor's,N,N,3823,1975,Northeast,41049.06,Year,Y,Certified
EZYV16807,Asia,Bachelor's,Y,N,3597,2014,West,25850.38,Year,Y,Denied
EZYV23900,Europe,Master's,N,N,4557,1978,West,83149.47,Year,Y,Certified
EZYV8247,Asia,Bachelor's,Y,N,3428,2006,Northeast,44881.64,Year,Y,Certified
EZYV9216,Asia,Master's,Y,N,4475,1996,Midwest,106848.01,Year,N,Certified
EZYV9389,Europe,Master's,Y,N,98170,1858,South,27152.33,Year,Y,Certified
EZYV22751,Asia,Doctorate,Y,N,362,2000,West,60150.28,Year,Y,Certified
EZYV24473,Asia,Master's,N,N,2556,2005,Midwest,150781.04,Year,Y,Certified
EZYV20005,Asia,Bachelor's,Y,N,1241,2003,West,130983.03,Year,Y,Certified
EZYV14825,Asia,Bachelor's,N,N,107540,1981,Midwest,98394.55,Year,Y,Certified
EZYV1101,Asia,Master's,N,N,485,1952,Midwest,41539.96,Year,Y,Certified
EZYV14922,Asia,Bachelor's,N,N,876,2006,West,166155.28,Year,Y,Certified
EZYV24006,Asia,Master's,Y,N,981,1992,South,56268.75,Year,Y,Certified
EZYV17221,Asia,Bachelor's,Y,N,2891,1968,Northeast,35104.0,Year,Y,Certified
EZYV8898,Europe,Bachelor's,Y,N,2624,2006,Northeast,101182.94,Year,Y,Certified
EZYV8047,Asia,Bachelor's,Y,N,962,2011,Northeast,4509.75,Year,Y,Certified
EZYV17197,Asia,Master's,Y,N,5260,1997,Northeast,59735.35,Year,Y,Denied
EZYV12343,Africa,Bachelor's,Y,N,1029,2005,West,76417.31,Year,Y,Certified
EZYV6969,Asia,Master's,Y,N,3841,1823,West,32576.47,Year,N,Certified
EZYV18813,Asia,Bachelor's,Y,N,2757,2009,Northeast,95111.56,Year,Y,Certified
EZYV11003,Asia,High School,N,N,3872,1979,South,21942.33,Year,Y,Denied
EZYV17136,North America,Doctorate,Y,N,3335,2005,Island,111690.59,Year,Y,Certified
EZYV25079,Asia,Master's,Y,N,2095,1898,Northeast,68699.86,Year,N,Certified
EZYV20343,Europe,Doctorate,N,N,2406,2010,West,13008.4,Year,Y,Certified
EZYV10342,Asia,Master's,Y,N,3117,1873,West,104978.87,Year,Y,Certified
EZYV10185,Asia,Master's,Y,N,2526,2004,Northeast,86908.59,Year,N,Certified
EZYV351,Asia,Master's,N,N,1894,1906,Northeast,106937.84,Year,Y,Denied
EZYV24347,Asia,Doctorate,N,N,549,1997,Midwest,42504.64,Year,Y,Denied
EZYV2836,Asia,Master's,Y,N,996,2000,South,55029.82,Year,Y,Certified
EZYV13930,North America,Doctorate,Y,N,2386,2007,West,127468.54,Year,Y,Certified
EZYV22348,Asia,High School,N,N,1368,1998,South,120921.27,Year,Y,Certified
EZYV14268,Asia,Master's,Y,N,16096,1962,West,118400.71,Year,Y,Certified
EZYV8403,Asia,High School,N,N,1538,2012,Midwest,71746.68,Year,Y,Denied
EZYV3770,Asia,Bachelor's,Y,N,3031,1989,Northeast,73301.43,Year,Y,Certified
EZYV21970,South America,Bachelor's,Y,N,3040,2006,Midwest,97021.89,Year,Y,Certified
EZYV14328,Asia,Bachelor's,N,N,2710,2008,Island,96317.45,Year,Y,Certified
EZYV6089,Asia,Bachelor's,N,N,3708,1968,South,102640.33,Year,Y,Denied
EZYV25184,Europe,Bachelor's,Y,Y,3330,1978,West,30039.08,Year,Y,Certified
EZYV36,Asia,High School,Y,N,5512,2001,Northeast,92421.92,Year,Y,Denied
EZYV2140,North America,Master's,Y,N,2082,2011,West,97343.56,Year,N,Certified
EZYV20314,Asia,Bachelor's,N,N,543,1993,South,59835.54,Year,Y,Certified
EZYV24628,Africa,Bachelor's,N,N,605,2007,Northeast,237.4818,Hour,Y,Denied
EZYV9534,North America,Bachelor's,Y,N,1544,1974,Northeast,30753.2,Year,Y,Denied
EZYV21984,Europe,Doctorate,Y,N,4328,1977,Midwest,81055.9,Year,Y,Certified
EZYV20295,Europe,Bachelor's,Y,N,346,2009,West,108569.41,Year,Y,Certified
EZYV362,Asia,Doctorate,Y,N,82716,1993,West,111724.66,Year,N,Certified
EZYV708,North America,Bachelor's,Y,N,970,1986,West,80373.13,Year,Y,Certified
EZYV9637,Asia,Doctorate,Y,N,1618,2010,Northeast,114.82,Hour,Y,Certified
EZYV7100,Asia,Doctorate,Y,N,1783,1991,Northeast,112592.55,Year,Y,Certified
EZYV15986,Asia,Master's,Y,N,464,2007,West,114788.96,Year,Y,Certified
EZYV11435,Asia,Doctorate,Y,N,587,2005,South,129094.64,Year,Y,Certified
EZYV789,Asia,Bachelor's,N,Y,21915,2012,South,47773.5,Year,Y,Certified
EZYV9187,Asia,High School,Y,N,558,1996,West,544.2801,Hour,Y,Denied
EZYV10476,Asia,Bachelor's,Y,N,711,1975,Northeast,46505.01,Year,Y,Certified
EZYV16854,Asia,Bachelor's,Y,N,4176,1946,Midwest,57546.54,Year,Y,Denied
EZYV3127,Asia,Bachelor's,Y,N,915,2012,South,86226.14,Year,Y,Certified
EZYV15435,North America,Master's,Y,N,3709,1989,West,117069.02,Year,Y,Denied
EZYV7230,Europe,High School,Y,N,1461,1988,West,45205.15,Year,Y,Denied
EZYV12575,Asia,Master's,N,N,2563,1994,Midwest,77044.33,Year,Y,Certified
EZYV17517,Asia,High School,Y,Y,5692,1985,South,26340.01,Year,Y,Denied
EZYV20860,South America,Bachelor's,Y,N,2987,1993,South,47547.48,Year,Y,Certified
EZYV5254,Asia,Master's,N,N,922,1992,South,224.1068,Hour,Y,Certified
EZYV14646,Asia,Bachelor's,N,N,293,1954,Northeast,41315.88,Year,Y,Certified
EZYV22451,Asia,High School,Y,N,1799,1999,West,1219.74,Year,Y,Certified
EZYV14541,Asia,Bachelor's,N,N,593,2005,Northeast,106922.64,Year,Y,Denied
EZYV22865,Asia,Bachelor's,N,N,276,2009,West,4744.35,Year,Y,Certified
EZYV1231,Europe,Bachelor's,Y,Y,2499,1997,Northeast,54275.55,Year,Y,Certified
EZYV17589,Europe,Master's,Y,Y,4143,1931,South,77659.1,Year,Y,Certified
EZYV2164,Asia,Bachelor's,N,N,516,1996,Midwest,94125.28,Year,Y,Certified
EZYV4081,Asia,Bachelor's,Y,N,323,1911,West,137597.28,Year,Y,Certified
EZYV20695,Asia,Bachelor's,Y,N,76,1940,Northeast,132.93,Hour,Y,Certified
EZYV25200,North America,Master's,N,N,5080,1822,Northeast,90300.6,Year,N,Denied
EZYV22747,Asia,Master's,Y,N,1218,1989,South,105.44,Hour,Y,Certified
EZYV9524,Asia,High School,Y,N,3640,1988,Midwest,8954.06,Year,Y,Denied
EZYV8187,Asia,Bachelor's,Y,N,1081,1840,Northeast,49588.4,Year,Y,Denied
EZYV21002,Asia,Bachelor's,Y,N,1948,1960,Northeast,39501.8,Year,Y,Certified
EZYV14143,Asia,Master's,Y,N,1533,2010,Northeast,97641.59,Year,Y,Certified
EZYV9932,Europe,High School,N,Y,374,1979,West,68978.63,Year,Y,Denied
EZYV25310,Asia,High School,Y,N,1059,1965,Northeast,80864.11,Year,Y,Certified
EZYV23339,Asia,Bachelor's,N,N,1396,1972,Northeast,101084.79,Year,Y,Denied
EZYV7573,South America,Master's,Y,Y,549,2006,West,67685.01,Year,Y,Denied
EZYV14114,Europe,High School,Y,N,2166,1994,South,89264.41,Year,N,Denied
EZYV4290,Asia,High School,N,N,2297,1999,Midwest,108404.3,Year,Y,Denied
EZYV1645,Asia,Master's,Y,N,4164,2004,West,84510.87,Year,Y,Certified
EZYV15147,Europe,Bachelor's,Y,Y,4255,1838,South,85796.96,Year,Y,Certified
EZYV1220,Asia,Bachelor's,Y,N,2365,2004,South,82414.98,Year,Y,Certified
EZYV6996,Asia,Master's,Y,Y,315,2011,Northeast,54293.29,Year,Y,Certified
EZYV14843,Asia,Master's,Y,N,5274,1998,Northeast,35110.56,Year,Y,Certified
EZYV10409,Asia,High School,N,N,5908,2002,Northeast,58998.56,Year,N,Denied
EZYV168,Asia,High School,Y,N,3351,1993,Northeast,174333.19,Year,Y,Denied
EZYV22192,Asia,Doctorate,N,N,1093,2010,South,128939.46,Year,N,Certified
EZYV18554,South America,Bachelor's,Y,N,30003,1990,West,43324.25,Year,Y,Denied
EZYV21022,Asia,Bachelor's,Y,N,2956,1925,South,76517.67,Year,N,Certified
EZYV5172,Asia,Bachelor's,N,N,565,1893,West,43725.27,Year,Y,Certified
EZYV7056,Asia,Master's,Y,N,433,1818,Northeast,53668.65,Year,Y,Certified
EZYV4171,Asia,Bachelor's,N,N,2841,2007,South,126031.84,Year,Y,Denied
EZYV15980,North America,Master's,N,Y,3355,2001,West,53991.06,Year,Y,Denied
EZYV14099,Asia,Bachelor's,Y,Y,276,2007,South,126796.19,Year,Y,Certified
EZYV24151,Asia,High School,N,N,2118,2004,Midwest,132256.87,Year,Y,Certified
EZYV1273,Asia,Master's,Y,N,772,2003,Midwest,53013.1,Year,N,Certified
EZYV4201,Asia,Master's,N,N,4875,1997,Midwest,115070.58,Year,N,Denied
EZYV24114,North America,Doctorate,N,N,1865,1997,Northeast,18275.8,Year,Y,Certified
EZYV17336,Asia,High School,Y,N,1280,1998,Northeast,100015.16,Year,Y,Certified
EZYV11348,Africa,Master's,Y,N,5000,1962,Midwest,86197.96,Year,Y,Certified
EZYV21005,Europe,High School,Y,N,5750,1948,West,31307.94,Year,Y,Denied
EZYV22352,Asia,Master's,Y,N,2274,1858,Midwest,99536.6,Year,Y,Certified
EZYV953,Asia,Master's,N,N,866,1898,Midwest,174812.84,Year,Y,Certified
EZYV17594,Asia,Master's,Y,N,745,1975,Northeast,74659.94,Year,Y,Denied
EZYV11558,North America,Bachelor's,N,N,1599,1993,Northeast,93.7639,Hour,Y,Certified
EZYV17095,North America,Master's,Y,N,4991,1923,Northeast,44027.92,Year,Y,Denied
EZYV11980,Asia,High School,Y,N,1415,1963,Northeast,202588.5,Year,Y,Denied
EZYV13076,Europe,Bachelor's,N,N,2408,2008,West,82638.35,Year,Y,Denied
EZYV20133,Asia,Bachelor's,Y,N,1698,2003,South,58192.91,Year,Y,Certified
EZYV22379,North America,Bachelor's,N,N,2636,1997,Northeast,116778.61,Year,Y,Certified
EZYV22080,North America,Master's,Y,N,247271,1949,Northeast,63276.74,Year,Y,Denied
EZYV18499,Europe,High School,Y,N,2200,1995,South,103214.09,Year,Y,Certified
EZYV17974,South America,Doctorate,N,Y,60905,2007,South,87530.84,Year,Y,Certified
EZYV18833,Asia,Bachelor's,Y,N,362,2002,South,84874.38,Year,Y,Certified
EZYV21859,Asia,Bachelor's,Y,N,3331,2004,West,140328.15,Year,Y,Denied
EZYV809,Asia,Bachelor's,Y,N,1809,2008,West,80375.25,Year,Y,Certified
EZYV12584,Europe,Doctorate,Y,N,614,1866,West,10536.04,Year,Y,Certified
EZYV24874,Asia,Bachelor's,N,N,3624,1891,Midwest,144105.6,Year,Y,Certified
EZYV17815,Europe,Master's,Y,N,196058,2001,West,30419.62,Year,Y,Certified
EZYV17803,Europe,Master's,N,N,5862,2013,Northeast,69954.39,Year,Y,Certified
EZYV23337,Asia,High School,N,N,209,2001,West,57054.49,Year,Y,Denied
EZYV1900,Africa,Master's,N,N,2867,2005,Northeast,41145.76,Year,Y,Denied
EZYV19676,Asia,Bachelor's,N,Y,2909,2001,South,113047.65,Year,Y,Certified
EZYV17216,Asia,Master's,Y,N,3127,2001,West,90856.33,Year,Y,Denied
EZYV20507,Asia,Bachelor's,Y,N,3168,1998,Northeast,72054.19,Year,Y,Denied
EZYV20737,Asia,Bachelor's,Y,Y,14578,1999,West,101953.74,Year,Y,Certified
EZYV8562,North America,Master's,N,N,56,1865,South,93783.95,Year,N,Certified
EZYV11421,Asia,Bachelor's,Y,N,735,2007,Northeast,78248.32,Year,Y,Certified
EZYV13318,Asia,Master's,N,N,1637,1977,South,174738.09,Year,N,Certified
EZYV16602,Asia,Bachelor's,Y,Y,167,1838,South,17703.67,Year,Y,Certified
EZYV17391,Asia,Master's,N,Y,3263,1963,Island,134007.33,Year,Y,Certified
EZYV1358,Asia,Master's,Y,N,787,2016,South,53992.87,Year,Y,Certified
EZYV23731,Asia,Bachelor's,N,N,422,1869,Island,130132.64,Year,Y,Denied
EZYV11778,Europe,Master's,N,Y,1241,1990,West,98841.74,Year,Y,Certified
EZYV18056,North America,Doctorate,Y,N,2141,1837,Midwest,64806.5,Year,Y,Certified
EZYV5194,Asia,Master's,N,N,103,1995,Northeast,106876.69,Year,N,Certified
EZYV20907,Asia,Bachelor's,N,N,3918,1966,South,83695.83,Year,N,Certified
EZYV5815,Asia,Bachelor's,Y,N,2814,1947,West,53790.34,Year,Y,Certified
EZYV16011,Asia,Master's,Y,N,946,2007,West,86883.08,Year,Y,Certified
EZYV7362,Asia,Doctorate,N,N,846,1942,Midwest,115472.07,Year,Y,Certified
EZYV12415,Asia,Master's,Y,N,1523,2012,Midwest,193137.64,Year,Y,Certified
EZYV7113,Asia,Bachelor's,N,N,46280,2001,Island,305.6728,Hour,Y,Denied
EZYV4437,North America,Master's,N,N,124,2006,Northeast,100.51,Hour,Y,Denied
EZYV14838,Asia,Master's,N,N,6020,2002,Midwest,55874.49,Year,Y,Certified
EZYV25145,Asia,Doctorate,Y,N,3725,1996,South,12740.76,Year,Y,Certified
EZYV2130,Asia,Master's,Y,N,1691,2003,Northeast,41649.56,Year,N,Certified
EZYV20138,Asia,Bachelor's,N,N,3115,2006,Northeast,69487.52,Year,Y,Denied
EZYV4153,Europe,Bachelor's,Y,Y,990,1996,Northeast,110740.32,Year,Y,Certified
EZYV22947,Europe,Master's,Y,N,651,2012,Northeast,82471.77,Year,Y,Certified
EZYV19126,Europe,Master's,N,N,21897,1978,South,3778.66,Year,Y,Certified
EZYV2394,Europe,Bachelor's,Y,N,3311,1989,West,7187.5,Year,Y,Certified
EZYV2298,Asia,High School,Y,N,633,2009,Northeast,89394.5,Week,Y,Denied
EZYV17664,Asia,Doctorate,N,Y,1850,1999,South,127273.02,Year,Y,Certified
EZYV19547,Asia,Bachelor's,Y,N,3494,2004,Midwest,80766.58,Year,Y,Certified
EZYV10016,Asia,Bachelor's,Y,N,5002,2007,Midwest,27934.37,Year,Y,Certified
EZYV11443,Europe,Doctorate,Y,N,3381,1997,West,92923.02,Year,Y,Certified
EZYV14091,Asia,Master's,N,N,2731,2001,Midwest,89720.69,Year,N,Certified
EZYV21706,Asia,High School,N,N,3023,2006,Midwest,162966.65,Year,Y,Certified
EZYV5858,Asia,Bachelor's,Y,N,1160,2005,Northeast,106176.96,Year,Y,Certified
EZYV18205,Europe,Master's,Y,N,2242,1920,West,107402.42,Year,Y,Certified
EZYV8907,Asia,Master's,Y,N,2699,2004,Northeast,229535.14,Year,N,Certified
EZYV25005,Asia,Master's,N,N,299942,2008,South,51986.57,Year,Y,Certified
EZYV11186,Asia,Bachelor's,N,N,1824,1939,West,88678.65,Year,Y,Denied
EZYV9085,Asia,Bachelor's,N,N,626,2005,Midwest,53592.86,Year,Y,Certified
EZYV15310,Asia,Master's,N,N,943,1902,Midwest,126106.35,Year,Y,Certified
EZYV17220,North America,Master's,Y,N,1359,2001,Northeast,92638.77,Year,N,Denied
EZYV8102,Asia,Bachelor's,Y,N,58,2000,West,136969.3,Year,Y,Certified
EZYV7350,Asia,Master's,Y,N,71,1993,Northeast,14549.12,Year,Y,Certified
EZYV12381,Asia,Bachelor's,N,N,1599,2005,Northeast,89216.66,Year,N,Denied
EZYV7036,Asia,Bachelor's,N,N,946,2001,West,43586.5,Year,Y,Denied
EZYV9619,North America,High School,Y,Y,1085,2001,South,99015.62,Year,Y,Denied
EZYV3904,Asia,High School,Y,N,909,2013,South,63945.17,Year,Y,Denied
EZYV14258,Asia,Master's,Y,N,161,1888,Northeast,91217.11,Year,Y,Certified
EZYV17543,Asia,Master's,N,N,3353,1979,South,172098.04,Year,Y,Certified
EZYV81,Asia,Bachelor's,Y,N,32619,1947,South,102073.81,Year,Y,Certified
EZYV199,Asia,Master's,N,N,1375,1976,South,94252.62,Year,N,Certified
EZYV507,Europe,Doctorate,N,N,3115,2006,Northeast,25114.1,Year,Y,Certified
EZYV8761,Asia,Master's,N,N,443,2008,Midwest,129462.04,Year,Y,Certified
EZYV19622,Asia,Bachelor's,Y,N,1451,2011,Midwest,104955.1,Year,Y,Denied
EZYV24160,North America,Bachelor's,Y,N,1058,2001,West,65068.1,Year,Y,Certified
EZYV23689,North America,Bachelor's,Y,N,2294,1978,West,53810.56,Year,Y,Certified
EZYV20908,Europe,Master's,N,Y,1859,1925,West,30754.25,Year,Y,Certified
EZYV5787,Europe,Bachelor's,N,N,2376,1831,South,110045.01,Year,Y,Certified
EZYV23159,Asia,Master's,N,N,4711,2006,Midwest,135293.48,Year,Y,Certified
EZYV9497,Asia,Bachelor's,Y,N,4052,2005,South,210051.97,Year,Y,Certified
EZYV74,Asia,Master's,Y,N,452,1890,South,122540.55,Year,Y,Certified
EZYV7686,Asia,Bachelor's,Y,N,3682,2006,West,27329.0,Year,Y,Certified
EZYV11583,Europe,Bachelor's,Y,N,419,1846,South,49353.03,Year,Y,Certified
EZYV8234,South America,Bachelor's,Y,N,21797,2008,Northeast,77.2403,Hour,Y,Denied
EZYV10168,North America,Bachelor's,N,N,2208,2011,South,155086.56,Year,Y,Denied
EZYV10300,Asia,Bachelor's,Y,N,1665,2009,South,89983.08,Year,Y,Denied
EZYV22197,Asia,Bachelor's,N,N,1290,1984,South,85276.59,Year,Y,Certified
EZYV14128,Asia,Bachelor's,N,N,4034,2008,South,59954.94,Year,Y,Certified
EZYV19936,Europe,Master's,Y,N,1207,1995,Northeast,109019.65,Year,Y,Denied
EZYV19809,Europe,Master's,N,N,3748,1998,Midwest,45528.57,Year,Y,Certified
EZYV21868,Asia,Bachelor's,N,N,2408,1873,Northeast,72749.02,Year,N,Denied
EZYV18070,North America,Bachelor's,Y,N,3903,1998,South,100124.1,Year,Y,Denied
EZYV15107,Asia,Master's,N,N,2016,2012,Midwest,62145.38,Year,Y,Certified
EZYV18933,Europe,Bachelor's,Y,N,2188,2006,Midwest,9118.99,Year,Y,Certified
EZYV18741,Asia,Bachelor's,Y,N,2501,2013,West,111131.66,Year,Y,Denied
EZYV7410,Asia,Doctorate,Y,N,1837,1993,South,32429.67,Year,Y,Certified
EZYV2152,Asia,Master's,N,N,2007,1988,South,137213.73,Year,Y,Certified
EZYV19978,North America,Bachelor's,Y,N,3758,2003,South,82236.19,Year,Y,Denied
EZYV14437,Asia,High School,Y,N,30144,1984,Northeast,11161.52,Year,Y,Denied
EZYV4771,Asia,High School,Y,N,1189,1999,Northeast,508.8883,Hour,Y,Denied
EZYV11,Asia,Master's,N,N,2465,2004,Midwest,83588.56,Year,Y,Certified
EZYV4225,Europe,Master's,Y,N,3260,2000,Midwest,7407.65,Year,Y,Certified
EZYV23849,Europe,High School,Y,N,3840,1897,West,56029.15,Year,Y,Certified
EZYV11623,Africa,Bachelor's,N,N,451,2000,South,66.1509,Hour,Y,Certified
EZYV1962,Asia,Bachelor's,N,N,2031,1918,Northeast,46326.49,Year,Y,Denied
EZYV9189,Europe,High School,Y,N,1375,2011,South,65826.29,Year,Y,Denied
EZYV20927,Asia,Master's,Y,N,2018,1987,West,68465.76,Year,Y,Denied
EZYV6324,Asia,Master's,Y,N,1030,1987,South,17826.38,Year,Y,Certified
EZYV18107,Asia,Master's,N,N,1408,1977,Northeast,89394.88,Year,Y,Denied
EZYV23343,Asia,Master's,N,N,115,1989,West,81509.37,Year,Y,Denied
EZYV18134,Asia,Doctorate,N,N,2425,1981,Northeast,4424.3,Year,Y,Certified
EZYV16061,Asia,High School,Y,N,1588,2011,Northeast,188839.27,Year,Y,Certified
EZYV25418,Asia,Master's,Y,N,5853,2011,West,8119.26,Year,Y,Certified
EZYV21353,North America,Master's,Y,N,1735,1989,West,29970.61,Year,Y,Denied
EZYV3727,North America,Doctorate,Y,N,3916,1987,Northeast,9836.22,Year,Y,Certified
EZYV89,Asia,Bachelor's,N,N,2543,1939,Northeast,78893.64,Year,Y,Denied
EZYV19456,Asia,Master's,N,N,471,2012,South,118701.14,Year,Y,Denied
EZYV7753,Asia,High School,Y,N,3284,2008,Midwest,110009.8,Year,Y,Denied
EZYV439,Asia,High School,Y,N,4562,2006,Northeast,88925.59,Month,Y,Denied
EZYV3115,Asia,Bachelor's,Y,N,1696,1987,South,83286.06,Year,Y,Certified
EZYV15253,Asia,High School,Y,N,4444,1995,Midwest,81.5533,Hour,Y,Denied
EZYV24365,Asia,Bachelor's,Y,N,444,2012,South,35378.68,Year,Y,Denied
EZYV17552,Asia,Bachelor's,Y,N,597,2009,South,80102.69,Year,N,Certified
EZYV12759,Asia,Doctorate,N,N,1214,1968,Midwest,166286.2,Year,Y,Certified
EZYV13233,Europe,Bachelor's,N,Y,131,1992,South,44177.75,Year,Y,Certified
EZYV8773,Asia,Master's,N,N,2082,2010,Northeast,93579.64,Year,N,Certified
EZYV10728,Asia,Bachelor's,Y,N,423,1981,South,32481.43,Year,Y,Certified
EZYV12533,Asia,Bachelor's,N,Y,549,1994,South,112505.19,Year,Y,Certified
EZYV16357,Asia,Master's,N,N,1008,1986,South,111738.32,Year,Y,Denied
EZYV472,Asia,Master's,N,N,1571,1996,West,143415.79,Year,N,Denied
EZYV25032,Asia,Bachelor's,N,N,469,2012,Northeast,97682.1,Year,Y,Certified
EZYV18323,Asia,Bachelor's,Y,N,3149,1996,South,36114.46,Year,Y,Certified
EZYV13993,Europe,Doctorate,Y,N,2830,2008,West,44576.53,Year,Y,Certified
EZYV9059,Asia,Bachelor's,Y,Y,3194,1891,Northeast,83104.95,Year,Y,Certified
EZYV13684,Asia,Master's,Y,N,803,1998,Northeast,4450.7,Year,Y,Certified
EZYV6886,North America,Bachelor's,Y,N,2510,1988,South,85113.85,Year,Y,Certified
EZYV20107,Asia,Master's,Y,N,169,1987,Northeast,39906.32,Year,Y,Denied
EZYV8298,Europe,Master's,Y,N,2680,2008,South,87753.74,Year,Y,Certified
EZYV16451,Asia,Master's,Y,N,4293,1984,West,114265.64,Year,N,Certified
EZYV21624,Asia,Master's,N,N,1923,1999,South,151690.85,Month,Y,Certified
EZYV18125,Asia,Bachelor's,N,N,114,1968,South,105094.06,Year,Y,Certified
EZYV22304,Asia,Bachelor's,N,N,3397,2000,Northeast,49303.9,Year,Y,Denied
EZYV7918,Asia,Bachelor's,N,N,1563,2007,West,11845.32,Year,Y,Certified
EZYV946,Europe,Bachelor's,Y,N,190,2007,South,132092.7,Year,Y,Certified
EZYV19196,Asia,Bachelor's,Y,N,2324,1830,West,31109.19,Year,Y,Denied
EZYV17905,Asia,Bachelor's,N,N,141,1982,Northeast,128504.69,Year,Y,Certified
EZYV10425,Asia,Master's,Y,Y,5025,2000,West,100526.9,Year,Y,Certified
EZYV23752,Asia,Master's,N,N,2589,1993,West,34786.48,Year,N,Certified
EZYV15796,Asia,Master's,Y,N,6155,2011,Northeast,98659.01,Year,Y,Certified
EZYV13957,Africa,Bachelor's,Y,Y,2524,1952,West,68044.65,Year,Y,Certified
EZYV25476,Asia,Bachelor's,Y,Y,2601,2008,South,77092.57,Year,Y,Certified
EZYV7119,Asia,Bachelor's,N,N,1614,2007,West,140202.04,Year,Y,Certified
EZYV735,Asia,Doctorate,N,N,206,2001,West,382.2433,Hour,Y,Denied
EZYV9374,North America,Master's,N,N,1934,2001,Northeast,21406.02,Year,Y,Denied
EZYV16381,Europe,Master's,N,N,772,2000,West,73560.4,Year,Y,Certified
EZYV4034,North America,Master's,N,N,9862,2009,South,72077.37,Year,Y,Denied
EZYV4137,South America,Master's,Y,N,1416,2013,West,24781.32,Year,Y,Certified
EZYV1263,South America,Master's,N,N,1492,2004,West,88794.71,Year,Y,Denied
EZYV13952,Asia,Bachelor's,N,N,211,1993,Northeast,113398.85,Year,Y,Certified
EZYV17006,Asia,Bachelor's,Y,N,4590,1980,South,52615.93,Year,Y,Certified
EZYV1437,Asia,Bachelor's,N,N,1724,1932,West,109641.36,Year,Y,Denied
EZYV22898,Asia,Master's,N,Y,1232,2005,South,100038.25,Year,Y,Certified
EZYV19818,Europe,Bachelor's,N,N,663,2006,South,5055.08,Year,Y,Certified
EZYV17080,Asia,Master's,N,N,530,2007,West,121627.64,Year,Y,Denied
EZYV1444,Asia,Master's,N,N,3159,2001,Northeast,104.49,Hour,Y,Denied
EZYV15528,Asia,Bachelor's,Y,N,2778,1855,South,122240.81,Year,N,Certified
EZYV479,Asia,Doctorate,Y,N,1337,1988,Northeast,89443.72,Week,Y,Certified
EZYV5036,South America,Doctorate,N,Y,1608,1909,West,46430.44,Year,Y,Certified
EZYV10331,North America,Master's,Y,N,2535,1975,Northeast,245197.29,Year,N,Certified
EZYV2931,Europe,Master's,N,N,1951,2000,West,123752.0,Year,Y,Certified
EZYV7576,Asia,Bachelor's,Y,N,546,2009,Midwest,160582.32,Year,Y,Certified
EZYV19766,Asia,Master's,Y,N,813,1992,Northeast,22266.35,Year,Y,Certified
EZYV5558,Africa,Master's,Y,N,5010,1996,Island,78560.27,Year,Y,Certified
EZYV20178,Asia,Bachelor's,Y,N,85,1976,Island,44443.89,Year,Y,Denied
EZYV20830,Europe,High School,Y,N,2044,1988,West,65602.2,Year,Y,Certified
EZYV19534,Asia,Bachelor's,Y,N,574,1950,West,108003.81,Year,Y,Denied
EZYV23608,Asia,Master's,Y,N,4951,1889,West,6847.93,Year,Y,Denied
EZYV5642,Asia,High School,N,N,22546,1996,Midwest,34146.45,Year,Y,Denied
EZYV4609,Asia,Master's,N,N,3519,1997,Northeast,990.1942,Hour,Y,Denied
EZYV17794,Asia,High School,Y,N,4530,1994,Northeast,72071.55,Year,Y,Certified
EZYV20508,Europe,Bachelor's,Y,N,1766,1807,Northeast,42536.72,Year,Y,Certified
EZYV22245,Asia,High School,N,Y,169,1978,West,40844.71,Year,Y,Certified
EZYV7130,Asia,Bachelor's,Y,N,3460,1960,West,73095.1,Year,Y,Certified
EZYV10354,Africa,High School,N,N,1548,1985,Midwest,59659.78,Year,Y,Denied
EZYV9909,Asia,Master's,Y,N,636,2005,South,124218.44,Year,Y,Certified
EZYV24204,Europe,Bachelor's,Y,N,4275,1975,Northeast,145342.5,Year,Y,Certified
EZYV20119,Asia,Bachelor's,N,N,2117,2004,West,74662.59,Year,Y,Denied
EZYV12096,North America,Master's,N,N,1853,2001,West,351.7037,Hour,Y,Certified
EZYV7572,Europe,Bachelor's,Y,N,1132,1987,Northeast,118576.18,Year,N,Certified
EZYV6487,Europe,Master's,N,N,5877,2004,Northeast,29735.19,Year,Y,Certified
EZYV15995,Asia,Master's,N,Y,1887,2005,Midwest,120433.22,Year,Y,Certified
EZYV8456,Asia,Bachelor's,Y,N,6782,1979,West,86499.6,Year,Y,Certified
EZYV24213,Asia,Master's,N,N,441,1970,Northeast,55150.66,Year,Y,Certified
EZYV5388,Asia,Bachelor's,Y,Y,591,2002,West,123381.6,Year,Y,Certified
EZYV7864,Asia,Master's,N,N,1556,1946,Midwest,78428.35,Year,Y,Certified
EZYV9696,Asia,Bachelor's,Y,N,4266,1951,Midwest,165837.11,Year,Y,Certified
EZYV11463,Asia,High School,Y,Y,3755,2011,Northeast,72124.54,Year,Y,Denied
EZYV4318,Asia,Bachelor's,Y,N,3984,1884,Northeast,81938.65,Year,Y,Certified
EZYV7256,Asia,Bachelor's,N,N,1673,2006,West,222457.51,Year,Y,Certified
EZYV13703,Europe,Doctorate,N,N,117375,1981,South,4122.75,Year,Y,Certified
EZYV19619,Asia,High School,Y,N,3174,1997,Northeast,152290.16,Year,Y,Certified
EZYV2889,Asia,High School,N,Y,3427,1986,South,142609.9,Year,Y,Denied
EZYV24661,Asia,High School,Y,N,5104,1929,Northeast,181395.63,Year,Y,Certified
EZYV17090,Asia,Bachelor's,N,N,884,2006,South,72191.18,Year,Y,Certified
EZYV5601,Europe,Master's,N,N,2711,1999,South,108086.52,Year,Y,Certified
EZYV2613,Asia,Master's,N,N,2041,1864,South,44864.77,Year,Y,Denied
EZYV22531,Asia,Bachelor's,Y,N,4300,1929,Northeast,120951.75,Year,Y,Denied
EZYV14879,Asia,Bachelor's,Y,N,4875,1902,Midwest,69096.15,Year,N,Certified
EZYV14355,Asia,Bachelor's,Y,N,3809,1996,Northeast,16906.73,Year,Y,Certified
EZYV25045,Asia,Master's,Y,N,2148,1979,West,51707.75,Year,Y,Denied
EZYV25443,Asia,Bachelor's,N,Y,4376,1977,West,92363.32,Year,Y,Certified
EZYV14762,Asia,Doctorate,N,Y,1000,1855,South,112491.31,Year,Y,Certified
EZYV18884,Europe,Master's,Y,Y,167,1960,West,12621.24,Year,Y,Certified
EZYV566,Asia,High School,Y,N,2641,2007,South,97466.91,Year,Y,Certified
EZYV1057,Asia,Master's,N,N,1764,1960,Northeast,8352.99,Week,Y,Denied
EZYV6802,Europe,Master's,N,Y,20,1961,Midwest,56098.58,Year,Y,Certified
EZYV9908,Asia,Master's,N,N,783,2006,Midwest,90245.38,Year,Y,Certified
EZYV3380,Asia,High School,Y,N,16749,1817,South,132735.5,Year,Y,Denied
EZYV16337,Asia,Bachelor's,N,N,3822,2014,South,95430.94,Year,Y,Certified
EZYV15854,Asia,High School,N,N,561,2012,Midwest,38095.04,Year,Y,Denied
EZYV17341,Asia,Bachelor's,Y,N,3562,2004,South,73436.11,Year,Y,Certified
EZYV13404,Asia,Bachelor's,N,N,4288,1995,Northeast,189.5454,Hour,Y,Denied
EZYV449,Asia,Bachelor's,Y,N,2311,2005,West,86901.23,Year,N,Certified
EZYV13480,Asia,Bachelor's,N,N,2066,1977,Midwest,146951.97,Year,Y,Denied
EZYV6663,Europe,High School,N,Y,3275,2006,West,73380.75,Year,Y,Denied
EZYV5232,Europe,High School,Y,Y,1157,1954,South,163566.18,Year,Y,Denied
EZYV2476,Asia,Master's,Y,N,3690,2006,Midwest,68202.11,Year,N,Certified
EZYV7152,Asia,Bachelor's,Y,Y,1255,2007,Midwest,143886.02,Year,Y,Certified
EZYV1133,Asia,Bachelor's,N,N,1872,1992,West,151701.97,Year,Y,Denied
EZYV18538,Asia,Master's,Y,N,1866,1968,South,85143.75,Year,Y,Certified
EZYV12410,Asia,Master's,Y,N,1914,2006,Northeast,73626.39,Year,Y,Certified
EZYV21866,Asia,Master's,Y,N,2255,1994,Midwest,86457.28,Year,Y,Certified
EZYV17252,Asia,Bachelor's,Y,N,4590,2004,South,45970.62,Year,Y,Certified
EZYV17998,Asia,Master's,Y,Y,149,1977,South,159217.27,Year,Y,Certified
EZYV5350,Europe,Doctorate,Y,N,2816,1928,Northeast,15209.37,Year,Y,Certified
EZYV13117,Europe,High School,N,Y,1164,1985,West,46032.24,Year,Y,Denied
EZYV5659,Asia,Master's,N,N,2071,2012,Northeast,603.0547,Hour,Y,Certified
EZYV22561,North America,Bachelor's,Y,N,4992,2008,South,14804.19,Year,Y,Certified
EZYV22513,Asia,High School,N,N,1657,2006,South,321.6259,Hour,Y,Denied
EZYV2592,Africa,Bachelor's,Y,N,86610,1990,Northeast,50590.83,Year,Y,Certified
EZYV6759,North America,Bachelor's,Y,N,61,2005,Midwest,44130.77,Year,N,Certified
EZYV12690,Europe,Master's,Y,N,1331,1924,South,96427.28,Year,Y,Certified
EZYV8720,Asia,Master's,Y,N,49,2006,West,73177.82,Year,Y,Certified
EZYV1501,South America,Bachelor's,Y,N,366,1973,Northeast,91121.79,Year,Y,Denied
EZYV9939,Asia,Master's,Y,N,3446,2008,South,72290.8,Year,N,Certified
EZYV7131,Asia,High School,N,N,4132,2005,South,103819.7,Year,Y,Denied
EZYV11825,Asia,Bachelor's,Y,N,1698,1976,Northeast,88926.51,Year,Y,Certified
EZYV17223,Europe,Doctorate,Y,N,3508,2001,Northeast,44996.02,Year,Y,Certified
EZYV920,Asia,Master's,N,N,1871,1983,Midwest,62729.69,Year,N,Certified
EZYV2044,Asia,High School,N,N,3429,2010,Northeast,16934.89,Year,Y,Denied
EZYV15192,North America,Master's,Y,N,1532,1998,South,40336.45,Year,Y,Certified
EZYV10945,Asia,High School,Y,N,3372,1885,Midwest,125384.93,Year,Y,Denied
EZYV22248,Asia,Bachelor's,N,N,1129,1919,Midwest,32941.65,Year,Y,Certified
EZYV5606,Asia,Master's,N,N,2258,1998,Northeast,20013.09,Year,Y,Certified
EZYV18080,Asia,Bachelor's,Y,N,2623,2008,Northeast,139028.36,Year,Y,Denied
EZYV18357,Asia,Bachelor's,Y,N,1072,1980,West,82871.36,Year,Y,Certified
EZYV11988,Asia,Bachelor's,N,Y,646,2010,South,125729.45,Year,Y,Certified
EZYV8969,North America,Master's,Y,N,31841,1926,West,53250.97,Year,Y,Certified
EZYV9899,Asia,Master's,Y,N,5660,1855,Northeast,28988.03,Year,N,Certified
EZYV3046,Europe,Bachelor's,N,N,692,1984,Northeast,47954.94,Year,Y,Denied
EZYV10196,Asia,Bachelor's,Y,N,3151,1958,Northeast,425.0178,Hour,Y,Denied
EZYV18805,South America,Master's,Y,N,4853,1998,Northeast,59496.08,Year,Y,Certified
EZYV3852,Europe,Doctorate,Y,N,366,1909,Northeast,39712.14,Year,Y,Certified
EZYV10346,Asia,High School,N,N,4136,1990,Northeast,81982.61,Year,Y,Denied
EZYV5405,Europe,Bachelor's,Y,Y,1774,1850,South,190360.23,Year,Y,Certified
EZYV4482,Asia,Master's,N,N,1204,1855,South,41183.06,Year,N,Denied
EZYV10177,Asia,Bachelor's,N,N,3473,2001,Northeast,932.9289,Hour,Y,Denied
EZYV23263,Asia,Bachelor's,Y,N,3206,1994,Northeast,56992.74,Year,Y,Denied
EZYV9930,North America,High School,Y,N,1368,2001,West,236.861,Hour,Y,Denied
EZYV22764,Asia,Master's,Y,N,1895,2003,Northeast,43159.09,Year,Y,Certified
EZYV4365,Asia,Bachelor's,Y,N,17558,1997,Midwest,50200.5,Year,Y,Certified
EZYV8300,Europe,Bachelor's,N,N,883,1992,South,23289.46,Year,Y,Certified
EZYV8079,Europe,Doctorate,N,N,1705,1977,South,72445.39,Year,Y,Certified
EZYV3336,Asia,Master's,Y,N,2904,2010,West,40999.3,Year,Y,Certified
EZYV18705,Europe,High School,N,N,3212,2006,Midwest,431.2125,Hour,Y,Certified
EZYV23995,Asia,Bachelor's,N,Y,67,1993,South,57898.06,Year,Y,Certified
EZYV22677,Asia,Bachelor's,N,N,3294,2007,Midwest,40836.21,Year,Y,Certified
EZYV6053,Asia,Bachelor's,N,N,991,2012,Northeast,127678.25,Year,Y,Certified
EZYV18521,Asia,Master's,Y,N,1337,2005,Midwest,121948.73,Year,Y,Certified
EZYV11069,Asia,High School,N,N,4444,2011,Midwest,81046.98,Year,Y,Denied
EZYV20396,Asia,Bachelor's,Y,N,2384,2005,West,31395.81,Year,Y,Denied
EZYV11936,North America,Bachelor's,Y,Y,382,2006,Northeast,135969.07,Year,Y,Denied
EZYV140,Asia,Master's,Y,N,54,1988,South,47002.53,Year,N,Certified
EZYV841,Asia,Master's,Y,N,2364,1998,Midwest,87397.19,Year,Y,Certified
EZYV20588,Europe,High School,Y,N,456,2008,Midwest,156157.76,Year,Y,Denied
EZYV20503,Asia,Bachelor's,N,N,3758,2010,West,74839.73,Year,Y,Certified
EZYV20610,Asia,Master's,Y,N,217717,2007,South,96260.55,Year,N,Denied
EZYV8144,North America,Master's,N,N,3320,1997,West,138276.37,Year,Y,Certified
EZYV13541,Asia,Master's,Y,N,2107,2005,Northeast,92931.53,Year,Y,Certified
EZYV23717,Asia,Bachelor's,N,N,646,2010,West,7062.26,Year,Y,Denied
EZYV20037,Asia,High School,Y,N,884,1899,West,56787.76,Year,Y,Certified
EZYV17109,Asia,Bachelor's,N,N,20,1853,West,93676.43,Year,Y,Denied
EZYV660,Asia,Bachelor's,Y,N,298,2008,West,98135.46,Year,Y,Certified
EZYV24841,Europe,Master's,N,N,2735,1997,South,105472.78,Year,Y,Denied
EZYV15632,Asia,High School,N,N,4590,1993,Northeast,37824.42,Year,Y,Denied
EZYV2080,North America,High School,Y,N,921,2007,Northeast,51798.26,Year,Y,Certified
EZYV7471,Europe,Doctorate,N,N,2610,2005,Northeast,6897.94,Year,Y,Certified
EZYV24252,Europe,Master's,Y,N,1410,1987,West,57361.53,Year,Y,Denied
EZYV15879,Europe,Master's,Y,N,924,1970,South,95055.84,Year,Y,Certified
EZYV7365,Asia,Master's,Y,N,1106,2008,Midwest,51212.07,Year,Y,Certified
EZYV24178,Asia,Bachelor's,Y,N,1628,1996,Northeast,167842.46,Year,Y,Certified
EZYV18748,Europe,Master's,Y,N,5553,1860,West,21193.55,Year,Y,Certified
EZYV23429,Asia,Master's,Y,N,781,1967,Midwest,117499.98,Year,Y,Certified
EZYV9148,Asia,Bachelor's,N,N,4851,1996,Northeast,83761.75,Year,Y,Certified
EZYV9738,Asia,Bachelor's,Y,N,2693,2000,West,60932.97,Year,Y,Certified
EZYV22315,Oceania,Bachelor's,N,Y,3150,2000,Northeast,42661.79,Year,N,Denied
EZYV2320,Europe,Master's,Y,Y,255,2001,West,127772.02,Year,Y,Certified
EZYV22829,Europe,Bachelor's,N,N,3917,1991,West,107276.43,Year,Y,Certified
EZYV23210,Asia,Doctorate,N,N,2494,1970,Midwest,93287.34,Year,Y,Certified
EZYV25149,Europe,Doctorate,Y,Y,151,1868,South,18672.46,Year,Y,Denied
EZYV24381,Asia,Master's,Y,N,1708,1993,South,64367.15,Year,N,Certified
EZYV10918,Asia,Master's,N,Y,2026,2006,South,162601.04,Year,Y,Certified
EZYV21301,Asia,Bachelor's,Y,N,1996,1992,Northeast,38726.78,Year,N,Denied
EZYV24629,Asia,Master's,N,N,52972,1919,Midwest,561.9343,Hour,Y,Denied
EZYV14622,Asia,Bachelor's,Y,N,45,1974,Northeast,91329.26,Year,N,Certified
EZYV11926,Europe,Bachelor's,Y,N,2776,2009,West,120000.58,Year,Y,Certified
EZYV8995,Asia,Master's,Y,N,96629,2006,Northeast,124092.0,Year,N,Certified
EZYV22722,South America,Bachelor's,N,N,4167,2011,Northeast,65844.71,Year,Y,Certified
EZYV2236,North America,Master's,Y,N,36,1943,West,133904.24,Year,Y,Certified
EZYV17097,Asia,Master's,Y,N,4802,2008,South,28558.2,Year,Y,Certified
EZYV10313,North America,Master's,Y,N,2897,2012,Northeast,73608.3,Year,Y,Certified
EZYV17203,Asia,Master's,Y,N,4895,1987,South,41895.2,Year,Y,Certified
EZYV8209,Asia,High School,N,N,1520,2013,South,536.0869,Hour,Y,Denied
EZYV9704,Asia,Bachelor's,N,N,770,1988,South,327.6123,Hour,Y,Denied
EZYV12025,Asia,Bachelor's,Y,N,4105,1999,South,3411.1,Year,N,Certified
EZYV5777,Asia,Master's,Y,N,4768,2006,Northeast,70883.92,Year,Y,Certified
EZYV16508,Asia,Bachelor's,N,Y,31,1952,Northeast,27032.25,Year,Y,Certified
EZYV22071,Europe,Doctorate,N,N,1385,1998,West,735.71,Year,Y,Denied
EZYV19026,Asia,Bachelor's,N,N,105011,1980,Northeast,87249.57,Year,Y,Denied
EZYV5851,North America,High School,N,N,634,2010,West,91401.21,Year,Y,Certified
EZYV19755,Europe,High School,N,N,3505,2011,West,29187.64,Year,Y,Certified
EZYV18395,Asia,Bachelor's,Y,N,733,2005,South,95684.51,Year,Y,Denied
EZYV13464,Europe,Master's,Y,N,1122,1893,Northeast,851.8675,Hour,Y,Certified
EZYV10751,North America,Master's,Y,N,252,1997,Northeast,315.1887,Hour,Y,Denied
EZYV11981,Asia,Bachelor's,N,N,1167,2000,South,46675.29,Year,Y,Certified
EZYV368,Europe,Master's,Y,N,81379,1999,South,49256.63,Year,Y,Certified
EZYV24224,Africa,Master's,N,N,180,1998,West,58001.8,Year,N,Certified
EZYV1051,Asia,Master's,Y,N,18697,1965,Midwest,32222.36,Year,Y,Certified
EZYV6241,Europe,Bachelor's,Y,N,424,1996,South,32485.12,Year,Y,Certified
EZYV7014,Europe,Master's,N,N,56385,2005,Northeast,79032.59,Year,Y,Certified
EZYV9364,South America,Bachelor's,N,N,3577,1995,West,84.9745,Hour,Y,Denied
EZYV7838,North America,Master's,Y,N,23191,1998,Northeast,35151.48,Year,Y,Certified
EZYV20062,Asia,Master's,Y,N,804,1892,West,49185.77,Year,Y,Certified
EZYV9317,South America,Bachelor's,Y,N,3394,1982,Northeast,46487.01,Year,Y,Certified
EZYV314,Asia,High School,N,N,29453,2005,Island,133586.58,Year,Y,Denied
EZYV20923,Asia,Bachelor's,Y,N,232,1830,Midwest,25183.17,Year,Y,Certified
EZYV7285,Asia,Bachelor's,N,N,7994,1993,Northeast,488.9859,Hour,Y,Denied
EZYV4016,Asia,Doctorate,Y,N,163,1999,South,78509.14,Year,Y,Certified
EZYV22457,Europe,Master's,N,N,1320,1977,Northeast,203162.59,Year,Y,Certified
EZYV22876,Europe,High School,Y,Y,354,2004,South,46860.83,Year,Y,Certified
EZYV17785,Asia,Master's,Y,N,92,1996,South,9132.93,Year,Y,Certified
EZYV12371,Asia,Master's,N,N,2550,1995,Midwest,125840.4,Year,Y,Certified
EZYV18729,Europe,Bachelor's,Y,Y,1888,1830,South,10798.18,Year,Y,Denied
EZYV6536,Europe,Doctorate,N,N,2559,2013,West,41483.52,Year,Y,Certified
EZYV15135,Asia,Bachelor's,Y,N,452,2000,South,172960.48,Year,Y,Certified
EZYV2070,Europe,Bachelor's,Y,Y,2797,1898,South,26247.63,Year,Y,Certified
EZYV7666,Asia,Bachelor's,N,N,1039,2004,West,125489.91,Year,Y,Denied
EZYV8742,Europe,High School,Y,N,769,1885,Midwest,13451.4,Year,Y,Denied
EZYV14909,Asia,Bachelor's,N,N,3327,1878,Midwest,125661.75,Year,Y,Certified
EZYV6765,Asia,Bachelor's,Y,N,1687,2000,Midwest,215192.35,Year,Y,Certified
EZYV6801,Asia,Master's,Y,Y,2443,1999,West,57978.5,Year,Y,Certified
EZYV25105,Europe,High School,N,Y,2056,1979,South,19455.06,Year,Y,Certified
EZYV13853,Asia,Bachelor's,Y,N,2496,2008,West,171177.54,Year,Y,Certified
EZYV7194,Asia,Bachelor's,Y,N,2327,1999,Midwest,82130.07,Year,Y,Certified
EZYV23921,Europe,Doctorate,Y,N,3939,1999,South,39342.69,Year,Y,Certified
EZYV24913,Asia,Bachelor's,Y,N,3377,1998,Midwest,119232.94,Year,Y,Certified
EZYV14852,North America,Bachelor's,Y,N,1866,2005,West,112692.47,Year,Y,Certified
EZYV4619,Asia,Bachelor's,N,N,2409,1996,Northeast,118475.37,Year,Y,Denied
EZYV20813,Asia,Bachelor's,Y,N,3622,2004,Midwest,62505.17,Year,Y,Denied
EZYV23190,North America,Bachelor's,N,N,1783,1856,Northeast,102674.27,Year,Y,Denied
EZYV13838,Asia,Master's,N,N,9403,1974,West,35795.79,Year,Y,Certified
EZYV23247,Asia,High School,Y,N,2174,1967,Northeast,68977.1,Year,Y,Certified
EZYV9779,Asia,Master's,Y,N,1503,2001,Northeast,115.81,Year,Y,Certified
EZYV19162,North America,Master's,N,N,5408,2004,Midwest,81380.86,Year,Y,Certified
EZYV20802,South America,Bachelor's,Y,N,1289,1996,South,44095.64,Year,Y,Certified
EZYV11209,Asia,Master's,Y,N,4522,2009,Northeast,4978.95,Year,Y,Certified
EZYV20774,Asia,Bachelor's,N,N,2439,2003,West,52221.09,Year,Y,Denied
EZYV13682,Europe,Doctorate,Y,N,72,1984,South,3715.06,Year,Y,Certified
EZYV5474,Asia,Bachelor's,Y,N,2215,2004,South,11413.96,Year,Y,Certified
EZYV21832,Europe,Bachelor's,Y,N,1644,2007,West,15766.71,Year,Y,Denied
EZYV1268,Asia,Master's,Y,N,4418,2008,Northeast,114574.48,Year,Y,Certified
EZYV1451,Europe,Master's,Y,Y,907,1992,West,14630.3,Year,Y,Certified
EZYV2552,Asia,Master's,N,N,716,2004,Midwest,277984.52,Year,Y,Certified
EZYV11030,Asia,Doctorate,Y,Y,2292,1984,West,82907.88,Year,Y,Certified
EZYV4400,Asia,Doctorate,Y,N,1358,2000,Northeast,39013.19,Year,Y,Certified
EZYV15060,North America,Master's,Y,N,2097,1976,Midwest,23198.72,Year,Y,Certified
EZYV22878,Africa,Master's,N,N,1801,1838,South,87511.34,Year,Y,Certified
EZYV16089,Asia,Master's,Y,N,2868,1994,Midwest,165081.08,Year,Y,Certified
EZYV21769,Asia,High School,N,N,3382,1947,South,70286.66,Year,Y,Denied
EZYV6167,Asia,Master's,N,N,233,1936,Northeast,27924.9,Year,Y,Certified
EZYV22058,Asia,Master's,Y,N,4586,2012,Northeast,134824.33,Year,Y,Certified
EZYV8064,Asia,Bachelor's,N,N,2743,2002,Northeast,155087.73,Year,Y,Denied
EZYV21166,Africa,Bachelor's,Y,Y,1221,2001,Midwest,53384.6,Year,Y,Certified
EZYV17816,Asia,Bachelor's,N,N,2225,1855,Northeast,51836.31,Year,Y,Denied
EZYV8591,Asia,Bachelor's,N,N,3530,1877,Northeast,58297.26,Year,Y,Denied
EZYV7759,Asia,Master's,Y,N,1334,2006,West,741.0381,Hour,Y,Certified
EZYV22350,Asia,Bachelor's,N,N,3663,2000,West,104370.01,Year,Y,Certified
EZYV11473,Asia,Bachelor's,Y,N,5902,2005,Midwest,105861.03,Year,Y,Certified
EZYV14965,Asia,Master's,Y,N,4704,1975,South,4545.14,Year,N,Denied
EZYV2972,Asia,Bachelor's,Y,N,1307,1996,West,110193.8,Year,Y,Certified
EZYV17313,Africa,Master's,Y,N,641,2010,Midwest,131278.27,Year,Y,Certified
EZYV17853,Europe,Bachelor's,N,N,4558,1907,Northeast,34615.65,Year,Y,Denied
EZYV6558,Asia,Bachelor's,N,N,925,2013,South,295.2023,Hour,Y,Denied
EZYV3144,Asia,Master's,N,N,2496,1935,South,189.0437,Hour,Y,Denied
EZYV3181,Asia,Bachelor's,Y,N,524,2005,Northeast,63882.02,Year,N,Certified
EZYV10670,South America,Bachelor's,N,N,2832,1957,Northeast,174.1887,Hour,Y,Denied
EZYV10597,Europe,Bachelor's,Y,N,5654,1993,South,18047.79,Year,Y,Certified
EZYV5976,Asia,Master's,N,N,2584,2010,Midwest,136159.98,Year,Y,Certified
EZYV2504,Asia,Bachelor's,Y,N,5226,1958,Northeast,21292.25,Year,Y,Certified
EZYV255,Asia,Master's,N,N,365,1896,Northeast,76214.85,Year,Y,Denied
EZYV4579,South America,Master's,Y,N,3140,2001,South,41077.36,Year,Y,Certified
EZYV18928,Asia,Bachelor's,Y,Y,2059,2012,West,65642.88,Year,Y,Certified
EZYV4881,Asia,Master's,N,N,1522,1987,West,678.6486,Hour,Y,Certified
EZYV24718,Asia,Master's,Y,N,602,2012,South,30191.04,Year,Y,Certified
EZYV17217,Europe,Bachelor's,N,N,1085,1854,Northeast,25982.07,Year,Y,Certified
EZYV8115,Asia,Master's,Y,N,1450,2004,Northeast,106906.53,Year,N,Certified
EZYV20687,Asia,Master's,Y,N,4611,1997,Midwest,33883.77,Year,Y,Certified
EZYV16897,Asia,Master's,Y,N,3005,1985,Midwest,105503.36,Year,Y,Certified
EZYV5416,Asia,Master's,Y,N,2704,2014,Island,123423.01,Year,Y,Certified
EZYV8975,Asia,Bachelor's,N,N,2989,2005,Northeast,46404.27,Year,Y,Certified
EZYV24970,Europe,High School,Y,Y,1442,1999,South,80343.87,Year,Y,Certified
EZYV2609,Asia,Master's,Y,N,19,2008,South,11648.01,Year,Y,Certified
EZYV16245,Europe,Doctorate,Y,N,2053,1994,South,14905.39,Year,Y,Certified
EZYV310,Asia,Master's,Y,N,4574,2006,Northeast,67204.54,Year,Y,Certified
EZYV8191,Asia,Master's,Y,N,4783,1997,Northeast,227035.49,Year,Y,Certified
EZYV1453,South America,Bachelor's,N,N,619,1980,Midwest,47472.43,Year,Y,Certified
EZYV5071,Asia,Master's,N,N,2346,1984,Midwest,76602.84,Year,Y,Certified
EZYV5108,Asia,Master's,Y,N,4389,2000,Northeast,54583.99,Year,Y,Certified
EZYV16637,Europe,High School,N,N,5208,1895,West,7223.17,Year,Y,Certified
EZYV17114,Asia,Master's,N,N,395,1976,Northeast,79.8269,Hour,Y,Certified
EZYV8970,Asia,Master's,N,N,781,2010,West,53543.71,Year,N,Certified
EZYV15490,Asia,Bachelor's,Y,N,414,2005,West,76875.83,Year,Y,Denied
EZYV380,Asia,Bachelor's,Y,N,2090,1872,West,197452.18,Year,N,Certified
EZYV15327,Asia,Bachelor's,N,N,1600,1992,Midwest,90523.41,Year,Y,Denied
EZYV15515,Asia,Bachelor's,Y,N,3153,1989,Northeast,20349.41,Year,Y,Certified
EZYV22010,Asia,Master's,Y,N,1055,1989,Northeast,81993.88,Year,Y,Certified
EZYV17426,Europe,Bachelor's,Y,N,3081,2012,West,131995.03,Year,Y,Denied
EZYV7664,Africa,Master's,Y,N,3853,1977,West,145467.78,Year,N,Certified
EZYV1768,Asia,Bachelor's,N,Y,1998,1908,South,86323.29,Year,Y,Certified
EZYV9046,Asia,High School,Y,N,4726,1988,Midwest,181.87,Year,Y,Denied
EZYV19517,Asia,High School,Y,N,3041,1842,Northeast,105151.34,Year,Y,Denied
EZYV6302,North America,Bachelor's,N,N,60,1977,South,434.3963,Hour,Y,Denied
EZYV14204,Asia,Bachelor's,Y,N,643,1950,Northeast,121883.18,Year,Y,Certified
EZYV22850,Asia,Bachelor's,N,N,984,1992,West,140.85,Hour,Y,Denied
EZYV14732,Asia,Master's,Y,N,2581,1962,West,94503.97,Week,Y,Certified
EZYV16108,Asia,Master's,Y,N,4880,2005,West,32662.49,Year,Y,Certified
EZYV6281,North America,Master's,Y,N,740,1993,Midwest,14036.3,Year,Y,Certified
EZYV13583,North America,Master's,Y,N,439,1977,Northeast,71559.96,Week,Y,Denied
EZYV17888,North America,Bachelor's,Y,N,4517,1948,Northeast,82426.28,Year,Y,Denied
EZYV10053,North America,Master's,Y,N,2249,1962,Midwest,342.4484,Hour,Y,Denied
EZYV9535,Asia,Master's,Y,N,1932,1984,Island,31871.43,Year,Y,Certified
EZYV3038,Asia,Bachelor's,Y,N,1615,2011,West,81338.31,Year,Y,Certified
EZYV13959,Europe,Master's,Y,N,1978,2013,Northeast,23311.5,Year,Y,Certified
EZYV11661,South America,Master's,N,N,4988,1969,Island,112883.48,Year,Y,Certified
EZYV15783,Asia,Master's,N,N,1514,1971,West,33599.78,Year,Y,Denied
EZYV6059,Asia,Master's,Y,N,3077,1971,South,5632.25,Year,Y,Certified
EZYV14846,Asia,Master's,Y,N,6591,2001,West,47686.11,Year,Y,Certified
EZYV22417,Asia,Bachelor's,Y,Y,64,1911,South,104554.57,Year,Y,Certified
EZYV2802,Europe,Doctorate,Y,N,2042,1973,West,26871.62,Year,Y,Certified
EZYV14670,Europe,Doctorate,N,N,1371,1909,South,17249.08,Year,Y,Certified
EZYV6665,North America,Master's,Y,N,4196,1934,West,15417.4,Year,Y,Denied
EZYV19852,Asia,Master's,N,N,3622,1987,Northeast,445.125,Hour,Y,Denied
EZYV5112,Asia,Bachelor's,Y,N,3993,1981,South,97509.48,Year,Y,Certified
EZYV18090,Europe,High School,N,N,2453,1990,South,25151.56,Year,Y,Denied
EZYV12612,North America,High School,Y,N,353,1967,Northeast,79510.93,Year,N,Denied
EZYV1386,Asia,Bachelor's,N,N,1159,2006,West,68281.73,Year,Y,Denied
EZYV5718,Europe,Master's,N,Y,3343,1911,West,147919.62,Year,Y,Certified
EZYV21361,Europe,Bachelor's,N,N,1137,2010,Northeast,63935.63,Year,Y,Certified
EZYV3506,Asia,Bachelor's,N,N,3613,2004,Northeast,475.2464,Hour,Y,Denied
EZYV17792,North America,Master's,Y,N,2991,1932,West,102446.51,Year,N,Certified
EZYV23410,Asia,High School,N,N,2177,2000,Midwest,203529.18,Year,Y,Certified
EZYV2042,Asia,High School,N,N,1701,2001,Northeast,55394.17,Year,Y,Denied
EZYV10545,Asia,Master's,Y,N,1706,2007,South,71197.31,Year,N,Denied
EZYV10141,Europe,Master's,N,N,293,1998,West,36588.64,Year,Y,Certified
EZYV17798,Asia,Bachelor's,N,Y,64,1989,Northeast,202743.02,Year,Y,Denied
EZYV17676,South America,Master's,N,Y,5306,1999,Northeast,148866.35,Year,Y,Certified
EZYV22897,North America,Bachelor's,Y,N,3492,1899,South,93467.99,Year,N,Certified
EZYV22811,Asia,Doctorate,Y,N,122,1993,Northeast,75445.21,Year,Y,Certified
EZYV19603,Asia,Bachelor's,Y,N,321,1990,West,62276.96,Year,Y,Certified
EZYV4548,Asia,Master's,Y,N,2144,1990,South,63957.39,Year,Y,Certified
EZYV1232,Europe,Master's,N,Y,1029,1988,Northeast,101522.15,Year,Y,Certified
EZYV18044,Europe,Bachelor's,Y,N,2838,2013,Midwest,28036.68,Year,Y,Denied
EZYV23915,Asia,Master's,N,N,2187,1996,Midwest,93672.56,Year,Y,Certified
EZYV23152,Asia,Bachelor's,Y,N,1051,1975,South,124382.47,Year,Y,Denied
EZYV21197,Europe,Bachelor's,N,N,3610,1993,South,17877.73,Year,Y,Certified
EZYV22955,Europe,Master's,Y,N,569,2010,West,39535.35,Year,Y,Certified
EZYV1648,Asia,Master's,N,N,210,1986,West,81413.4,Year,N,Denied
EZYV12907,Asia,High School,Y,N,2185,1838,Northeast,233282.32,Year,Y,Denied
EZYV6944,Asia,Master's,Y,N,2129,1869,South,90353.78,Year,Y,Certified
EZYV21813,Asia,Bachelor's,Y,N,869,2004,Northeast,139459.14,Year,Y,Certified
EZYV9746,Asia,Master's,N,N,176,2004,Northeast,94882.0,Year,Y,Certified
EZYV24960,Asia,Bachelor's,Y,N,3311,1856,West,52699.64,Year,Y,Certified
EZYV14357,Europe,Master's,N,N,1523,2011,South,558.8865,Hour,Y,Certified
EZYV21138,Europe,Doctorate,Y,N,1827,1996,South,25961.02,Year,Y,Certified
EZYV19350,Asia,High School,Y,Y,2104,2012,South,47734.95,Year,Y,Certified
EZYV14641,Asia,Master's,Y,N,12145,2009,Northeast,55516.45,Year,Y,Certified
EZYV7519,Asia,Master's,Y,N,808,1939,Midwest,141595.68,Year,Y,Certified
EZYV4894,Asia,High School,N,Y,4118,2006,West,58092.26,Year,Y,Denied
EZYV2184,Asia,Master's,N,N,2206,1997,Northeast,109169.86,Year,N,Denied
EZYV24895,Asia,Bachelor's,N,N,2495,2004,West,22431.19,Year,Y,Denied
EZYV3982,North America,Master's,N,N,372,2010,Northeast,41360.33,Year,Y,Denied
EZYV8510,Asia,Master's,Y,N,707,2000,South,53719.84,Year,Y,Certified
EZYV17571,Asia,Master's,Y,N,12769,2009,West,46620.2,Year,Y,Certified
EZYV8561,Asia,Master's,Y,N,34788,1977,West,138783.52,Year,Y,Certified
EZYV7953,Asia,Bachelor's,N,N,1762,2009,South,43701.89,Year,Y,Denied
EZYV10703,Asia,Bachelor's,N,N,1341,2005,South,153054.1,Year,N,Certified
EZYV6359,North America,Bachelor's,N,N,3178,1999,Northeast,129798.65,Year,Y,Denied
EZYV6531,Asia,Bachelor's,Y,N,4581,1998,Northeast,61126.33,Year,N,Denied
EZYV3681,Asia,Bachelor's,N,N,4220,2007,West,140652.85,Year,Y,Denied
EZYV9811,North America,Master's,Y,N,3037,1988,South,135057.31,Year,Y,Certified
EZYV19389,Asia,Master's,Y,N,25219,2014,South,14996.0,Year,Y,Certified
EZYV6347,Asia,Master's,Y,N,848,2006,South,73021.59,Year,Y,Certified
EZYV5794,North America,Master's,N,N,2206,2001,South,121695.1,Year,Y,Certified
EZYV8563,Europe,Doctorate,Y,N,11713,2009,West,97857.67,Year,Y,Certified
EZYV685,Asia,Bachelor's,N,N,1369,2003,Midwest,31857.88,Year,Y,Certified
EZYV6513,Asia,Bachelor's,N,N,1263,1994,West,77256.41,Year,Y,Denied
EZYV5860,Asia,Bachelor's,Y,N,1277,1997,South,81425.39,Year,Y,Denied
EZYV20198,Asia,Bachelor's,Y,N,3345,1984,West,69120.03,Year,Y,Denied
EZYV1378,North America,Master's,Y,N,1840,2000,South,75458.8,Year,N,Certified
EZYV23699,Asia,Master's,Y,N,1536,2005,South,134451.67,Year,N,Denied
EZYV16712,Asia,Master's,Y,N,545,1998,West,7058.02,Year,Y,Denied
EZYV10519,Asia,Bachelor's,Y,N,448,1996,South,64320.01,Week,Y,Denied
EZYV6334,Asia,Doctorate,N,N,23197,1987,West,118628.2,Year,N,Certified
EZYV4446,Asia,Bachelor's,N,N,3245,1994,Midwest,125070.57,Year,Y,Denied
EZYV12461,Asia,Bachelor's,Y,Y,1157,2010,South,102606.02,Year,Y,Certified
EZYV16316,Asia,Master's,N,N,586,2001,South,48409.42,Year,Y,Denied
EZYV12629,Africa,High School,Y,N,2461,1969,West,937.3771,Hour,Y,Denied
EZYV17934,Asia,Master's,Y,N,4834,1989,South,44716.35,Year,Y,Certified
EZYV12660,Asia,Bachelor's,N,N,250,2000,South,108425.51,Year,Y,Denied
EZYV11711,Africa,High School,N,N,2683,2008,South,81480.94,Year,Y,Denied
EZYV15393,North America,Bachelor's,Y,N,2697,1928,South,175968.05,Year,Y,Certified
EZYV11500,Asia,Master's,Y,N,3138,2001,Northeast,76148.96,Year,Y,Certified
EZYV14537,Asia,Doctorate,Y,Y,16365,2007,South,96742.48,Year,Y,Denied
EZYV25290,Europe,Bachelor's,N,N,2691,1974,Midwest,127396.37,Year,Y,Denied
EZYV10927,Asia,Doctorate,Y,N,969,1994,West,87770.01,Year,Y,Certified
EZYV10431,Asia,Doctorate,N,N,223,2000,South,124663.67,Year,Y,Certified
EZYV22964,Asia,Master's,N,N,242,1995,West,63602.49,Year,Y,Denied
EZYV15081,Asia,Bachelor's,N,N,668,1989,Northeast,158257.14,Year,Y,Certified
EZYV401,Europe,Bachelor's,Y,N,714,1873,West,113927.99,Week,Y,Certified
EZYV4321,North America,Master's,N,N,1165,1836,Northeast,311.4077,Hour,Y,Denied
EZYV7026,North America,Bachelor's,Y,Y,722,2010,West,74315.41,Year,Y,Denied
EZYV8758,North America,Bachelor's,Y,N,7778,1968,Northeast,115183.3,Year,Y,Certified
EZYV22090,Asia,Bachelor's,Y,N,4649,2000,South,147713.08,Year,Y,Certified
EZYV16454,Asia,Bachelor's,N,N,4120,2003,West,100759.08,Year,Y,Certified
EZYV16903,Asia,Bachelor's,N,N,667,2003,Island,73566.74,Year,Y,Certified
EZYV5465,Asia,Master's,Y,N,2798,2001,South,33057.54,Year,Y,Certified
EZYV24354,Asia,Bachelor's,N,N,80,2010,South,85357.66,Year,Y,Denied
EZYV1519,Asia,Bachelor's,N,Y,765,1962,Northeast,77697.21,Year,Y,Denied
EZYV2585,Asia,High School,N,N,909,2000,Midwest,61219.41,Year,Y,Certified
EZYV6399,Asia,Master's,Y,N,3120,2001,West,16891.35,Year,Y,Certified
EZYV16184,Asia,Master's,Y,N,5525,1949,West,61599.94,Year,Y,Certified
EZYV3309,Asia,Bachelor's,N,Y,2940,2007,Northeast,68888.26,Year,Y,Denied
EZYV6389,North America,Bachelor's,N,N,3995,1968,Island,86652.35,Year,N,Denied
EZYV8206,North America,High School,Y,N,4478,1997,South,118060.51,Year,Y,Certified
EZYV15601,Asia,Bachelor's,N,N,-14,2014,South,24641.61,Year,Y,Denied
EZYV23688,Asia,Bachelor's,Y,Y,1692,1996,South,65289.1,Year,Y,Certified
EZYV1578,North America,Bachelor's,N,N,1893,1998,West,26886.44,Year,Y,Denied
EZYV5639,Asia,Bachelor's,Y,N,753,1989,Midwest,104529.9,Year,N,Denied
EZYV17764,Asia,Master's,N,N,4755,1973,Northeast,98104.37,Year,N,Certified
EZYV13639,Asia,Master's,N,N,343,2005,Northeast,46784.84,Year,Y,Certified
EZYV16526,Asia,High School,Y,N,2256,1981,Midwest,48090.19,Year,Y,Certified
EZYV4469,Europe,Bachelor's,Y,N,5353,2013,Northeast,18335.26,Year,Y,Certified
EZYV9182,Asia,Bachelor's,Y,N,2543,1914,Northeast,72952.02,Year,Y,Certified
EZYV15263,Europe,Bachelor's,Y,N,5000,2008,Northeast,9595.6,Year,Y,Certified
EZYV8030,Asia,Master's,Y,N,2125,1995,West,69044.4,Year,Y,Certified
EZYV14384,Asia,Bachelor's,Y,N,2405,2011,West,78090.6,Year,Y,Denied
EZYV11481,Asia,High School,Y,N,1449,1960,West,78652.22,Year,Y,Denied
EZYV10182,Europe,Doctorate,N,N,4439,2004,South,6308.79,Year,Y,Certified
EZYV14019,Asia,Bachelor's,N,N,2507,2010,Northeast,67351.48,Year,Y,Certified
EZYV22085,North America,Bachelor's,Y,N,-14,1980,West,691.0609,Hour,Y,Denied
EZYV12809,North America,Bachelor's,Y,N,455,1969,West,20299.33,Year,Y,Certified
EZYV6378,Asia,Master's,Y,N,1564,1957,West,3532.65,Year,Y,Certified
EZYV11783,Asia,Master's,Y,N,932,1996,South,17813.51,Year,Y,Certified
EZYV17195,Asia,Master's,Y,N,1394,2007,South,88770.22,Year,Y,Certified
EZYV6135,Asia,High School,Y,N,2800,1993,Midwest,82672.62,Year,Y,Denied
EZYV23732,Asia,Bachelor's,Y,N,1956,1986,West,21754.42,Year,Y,Certified
EZYV12540,Asia,Master's,Y,N,2394,1999,South,49758.87,Year,Y,Certified
EZYV6822,Asia,Bachelor's,N,N,2452,1984,West,123963.22,Year,Y,Denied
EZYV15842,Asia,Bachelor's,Y,N,3399,2005,West,65351.6,Year,Y,Denied
EZYV19637,Asia,Master's,Y,N,1104,2009,West,34634.3,Year,Y,Certified
EZYV8100,Europe,Master's,N,N,77,2008,West,75895.98,Year,Y,Certified
EZYV25365,South America,Bachelor's,Y,N,1269,2000,South,5769.54,Year,Y,Certified
EZYV4088,Asia,Master's,N,N,2896,1960,Northeast,78365.54,Year,N,Denied
EZYV10789,Asia,Bachelor's,N,N,6768,1998,West,6287.2,Year,Y,Certified
EZYV5646,Asia,Doctorate,Y,N,2774,2011,West,103694.87,Year,Y,Certified
EZYV5732,Asia,Master's,Y,N,2416,2002,South,137131.13,Year,N,Certified
EZYV6631,Europe,Bachelor's,N,N,845,1947,South,111969.23,Year,Y,Certified
EZYV11316,Asia,Bachelor's,Y,N,899,1994,West,30271.57,Year,Y,Certified
EZYV12488,South America,Bachelor's,N,N,986,1981,West,105497.22,Year,Y,Certified
EZYV23287,Asia,High School,N,N,500,1992,Northeast,21894.51,Year,Y,Certified
EZYV11238,Asia,Bachelor's,Y,N,1642,1996,Northeast,149550.35,Year,Y,Certified
EZYV20309,Asia,Master's,N,N,1821,2011,South,140656.45,Year,Y,Certified
EZYV16001,Asia,High School,N,N,839,2002,Midwest,81190.48,Year,Y,Certified
EZYV645,North America,Bachelor's,N,N,162,1994,South,74880.65,Year,Y,Certified
EZYV3004,Asia,Master's,Y,N,1208,2001,Northeast,149886.28,Year,Y,Certified
EZYV7505,Asia,High School,Y,Y,3655,1999,West,47190.97,Year,Y,Denied
EZYV7574,North America,Bachelor's,Y,N,46,2005,South,954.1248,Hour,Y,Denied
EZYV10588,Asia,Bachelor's,Y,N,2548,2009,South,115111.55,Year,Y,Denied
EZYV19728,Asia,High School,Y,N,4261,2008,Northeast,55109.57,Year,Y,Certified
EZYV21173,Asia,Bachelor's,N,N,2631,1875,South,8930.17,Year,Y,Denied
EZYV6901,Europe,Bachelor's,Y,N,1910,2004,Northeast,57521.34,Year,Y,Denied
EZYV7978,Europe,Doctorate,N,N,1685,2007,West,23911.18,Year,Y,Certified
EZYV14645,North America,Master's,Y,N,5336,1997,West,92655.39,Year,Y,Certified
EZYV498,North America,Bachelor's,Y,N,3514,2010,Midwest,24197.92,Year,Y,Certified
EZYV24890,Asia,Bachelor's,Y,N,1016,2002,South,111963.5,Year,Y,Certified
EZYV22294,Asia,Master's,N,N,326,2000,Midwest,110646.74,Year,Y,Denied
EZYV9225,Asia,Bachelor's,Y,N,488,1958,West,2441.69,Year,Y,Denied
EZYV14108,Asia,Doctorate,N,Y,513,1995,West,142445.47,Year,Y,Certified
EZYV12743,Asia,Master's,Y,N,4765,1938,Midwest,105605.28,Year,Y,Certified
EZYV5190,Asia,High School,Y,N,1036,1976,West,24871.24,Year,Y,Denied
EZYV12199,Asia,High School,N,Y,23694,1969,South,163953.78,Year,Y,Denied
EZYV15486,Europe,Doctorate,N,N,24,2001,West,27026.49,Year,Y,Certified
EZYV20155,Asia,Master's,N,N,4389,2004,Midwest,124244.19,Year,Y,Certified
EZYV16027,Asia,Doctorate,Y,N,1978,1947,South,460.9642,Hour,Y,Certified
EZYV12692,Asia,High School,Y,Y,3116,1979,West,96122.45,Year,Y,Denied
EZYV8943,Europe,Master's,N,N,1390,1968,West,54798.48,Year,Y,Certified
EZYV1681,Asia,Bachelor's,N,Y,2012,2012,West,93617.38,Year,Y,Denied
EZYV14141,Asia,Bachelor's,Y,N,4021,2001,Northeast,43170.51,Year,Y,Certified
EZYV22284,Asia,High School,Y,N,724,2006,Northeast,54194.37,Year,Y,Certified
EZYV20019,Asia,Master's,N,N,23534,1978,Northeast,45624.96,Year,Y,Certified
EZYV12392,Asia,Master's,N,N,296,2003,Northeast,161303.75,Year,N,Certified
EZYV1341,Asia,Master's,Y,N,2205,1928,South,91520.69,Year,Y,Certified
EZYV18008,Asia,Bachelor's,Y,N,2937,1993,West,17721.15,Year,Y,Certified
EZYV6931,Europe,Doctorate,Y,N,3146,2011,Northeast,103959.13,Year,Y,Certified
EZYV20258,Asia,Master's,N,N,1372,2007,Midwest,21787.37,Year,Y,Certified
EZYV349,Asia,Master's,N,Y,1031,2014,Northeast,220448.17,Year,N,Denied
EZYV11153,Asia,Doctorate,N,N,768,2010,West,82677.17,Year,Y,Certified
EZYV23293,Asia,Bachelor's,N,N,225,1838,Midwest,94724.78,Year,Y,Denied
EZYV23865,South America,Master's,N,Y,2212,2002,Northeast,134382.56,Year,Y,Denied
EZYV8839,Asia,Master's,N,N,533,1958,Midwest,190371.69,Year,Y,Certified
EZYV9481,Asia,Bachelor's,N,N,170,1975,West,59154.8,Year,Y,Certified
EZYV21516,Asia,Bachelor's,Y,N,1563,2004,West,74539.76,Year,Y,Denied
EZYV12034,Europe,Bachelor's,Y,N,4022,2003,West,14554.93,Year,N,Certified
EZYV16145,Asia,Bachelor's,N,N,1040,1999,Northeast,42.4315,Hour,Y,Certified
EZYV7520,Asia,Bachelor's,Y,Y,1908,1960,South,71022.96,Year,Y,Certified
EZYV20065,Asia,High School,N,N,2821,1887,Northeast,102238.39,Year,Y,Denied
EZYV13643,Asia,Doctorate,Y,N,2587,1999,West,67296.45,Year,Y,Certified
EZYV2378,North America,Bachelor's,Y,N,2888,1836,South,34245.05,Week,Y,Certified
EZYV10764,Asia,Master's,Y,N,1312,2005,Northeast,90584.07,Year,Y,Certified
EZYV10995,Europe,Master's,N,N,780,2012,Northeast,19237.84,Year,Y,Certified
EZYV21435,Asia,Bachelor's,N,N,2895,2003,Northeast,115.2475,Hour,Y,Denied
EZYV2179,Asia,High School,Y,N,138,1977,West,92752.13,Year,Y,Denied
EZYV25235,Asia,High School,N,N,27783,2006,Northeast,62252.38,Year,Y,Certified
EZYV18159,Asia,Bachelor's,N,Y,318,1961,Midwest,123125.64,Year,Y,Certified
EZYV20050,Asia,Master's,Y,N,166,2006,South,85392.63,Year,Y,Certified
EZYV5841,Asia,High School,Y,N,1570,1964,South,257.6062,Hour,Y,Denied
EZYV16164,Europe,Bachelor's,N,N,3986,2000,West,15907.15,Year,Y,Certified
EZYV3453,Asia,Master's,Y,N,5816,1998,Northeast,976.12,Year,Y,Certified
EZYV14859,North America,Master's,Y,N,5146,1994,West,23929.41,Year,Y,Certified
EZYV20745,Asia,Bachelor's,Y,N,578,1960,South,18641.41,Year,Y,Certified
EZYV2054,Europe,Bachelor's,Y,N,4176,2006,Midwest,29067.38,Year,Y,Certified
EZYV879,Asia,High School,Y,N,958,2005,South,89991.95,Year,Y,Certified
EZYV18991,North America,Bachelor's,N,N,4806,1999,West,101083.73,Year,N,Denied
EZYV23582,South America,Master's,N,N,2231,2013,Island,133410.88,Year,Y,Certified
EZYV11201,Europe,Bachelor's,N,N,2836,2002,South,82560.28,Year,Y,Certified
EZYV16049,Asia,Doctorate,N,N,214,1998,Island,103986.39,Year,Y,Certified
EZYV14666,Europe,Bachelor's,Y,N,67441,1997,West,44342.91,Year,Y,Certified
EZYV14814,Asia,Master's,N,N,2168,1840,South,399.4619,Hour,Y,Denied
EZYV13755,Asia,High School,Y,N,1782,2007,Northeast,35806.97,Year,Y,Denied
EZYV5420,Europe,High School,N,N,2664,1989,South,96882.01,Year,Y,Denied
EZYV13069,Europe,Doctorate,N,N,1911,1992,Midwest,18527.01,Year,Y,Certified
EZYV16390,Asia,High School,Y,N,18114,1987,Northeast,33729.38,Year,Y,Certified
EZYV9688,Asia,Bachelor's,Y,N,2923,1996,South,120807.43,Year,Y,Denied
EZYV6828,Asia,Master's,Y,N,129897,1963,Northeast,15656.52,Year,N,Certified
EZYV9974,Asia,Master's,N,N,1035,1984,Northeast,108.31,Hour,Y,Certified
EZYV18322,Asia,Master's,Y,N,5230,1953,Northeast,31235.67,Year,N,Certified
EZYV12689,Europe,Doctorate,N,N,1689,1953,West,55243.55,Year,Y,Certified
EZYV14070,North America,High School,Y,Y,197,2012,Northeast,47429.88,Year,Y,Denied
EZYV20181,Asia,Master's,Y,N,108132,1881,Northeast,64435.04,Year,Y,Certified
EZYV4041,Asia,Bachelor's,N,N,1857,1992,West,36815.05,Year,Y,Denied
EZYV15427,Europe,Doctorate,N,Y,1265,2001,South,116453.56,Year,Y,Denied
EZYV6045,Asia,Master's,Y,N,2387,1951,Northeast,39359.68,Year,Y,Certified
EZYV11901,Asia,Master's,N,Y,1850,1985,West,99241.62,Year,Y,Denied
EZYV8372,Asia,Bachelor's,Y,N,1914,2012,Midwest,115078.63,Year,Y,Certified
EZYV18152,Africa,Master's,Y,N,3911,1979,Midwest,46766.89,Year,Y,Certified
EZYV7758,Asia,Doctorate,Y,N,3947,1998,Northeast,42720.89,Year,Y,Certified
EZYV6239,Asia,Master's,N,N,3490,1994,West,45240.76,Year,Y,Certified
EZYV24067,Europe,Master's,Y,N,736,2004,Northeast,41309.02,Year,Y,Certified
EZYV4869,Asia,Master's,N,N,56,2008,Midwest,44414.48,Year,Y,Certified
EZYV19700,Asia,Bachelor's,N,N,441,1985,Midwest,88936.28,Year,Y,Certified
EZYV23957,Asia,Master's,N,N,4676,2002,Northeast,55836.19,Year,N,Certified
EZYV1411,Europe,Bachelor's,N,N,2704,1986,West,20330.52,Year,Y,Certified
EZYV13799,South America,Master's,Y,N,3232,1959,South,128587.22,Year,Y,Certified
EZYV24329,South America,Bachelor's,Y,Y,1766,2011,South,13614.82,Year,Y,Denied
EZYV10218,Asia,Bachelor's,Y,N,5824,1989,Northeast,55947.9,Year,Y,Certified
EZYV21721,Africa,Master's,Y,N,717,2003,Northeast,57194.88,Year,Y,Certified
EZYV21553,Asia,Master's,Y,N,1790,1876,Northeast,47952.86,Year,Y,Denied
EZYV25206,Asia,Master's,Y,N,30637,1970,Midwest,80867.15,Year,Y,Certified
EZYV24668,North America,Bachelor's,Y,Y,5878,2008,West,98593.91,Year,Y,Certified
EZYV5904,North America,High School,Y,N,739,1995,Northeast,4201.92,Year,Y,Certified
EZYV12573,Asia,Bachelor's,Y,N,4850,1989,West,119505.2,Year,Y,Denied
EZYV12663,Europe,Bachelor's,Y,N,571,1986,Northeast,64621.98,Year,Y,Certified
EZYV5612,Asia,Bachelor's,Y,N,1553,1981,West,19326.63,Year,Y,Certified
EZYV16042,Asia,High School,Y,N,4845,2004,West,112924.05,Year,Y,Denied
EZYV21233,Asia,Bachelor's,N,N,3194,1994,South,110.6383,Hour,Y,Denied
EZYV3774,Asia,Master's,Y,N,2858,1956,Midwest,77835.18,Year,N,Certified
EZYV5756,Asia,Master's,N,N,2900,1838,Northeast,246955.19,Year,N,Certified
EZYV3887,Asia,Master's,N,Y,2742,2005,South,114764.06,Year,Y,Denied
EZYV24112,Asia,Bachelor's,N,N,1713,2005,Northeast,791.7025,Hour,Y,Denied
EZYV7043,Asia,Bachelor's,N,N,2081,1982,Northeast,12774.14,Year,Y,Denied
EZYV14227,Asia,Master's,N,N,1903,2011,West,167417.16,Year,Y,Denied
EZYV4431,Europe,Master's,Y,N,1777,1977,South,128902.6,Year,Y,Certified
EZYV11948,Asia,Bachelor's,Y,N,4161,1972,Northeast,130852.41,Year,Y,Certified
EZYV12525,Asia,Bachelor's,Y,Y,1453,1980,South,30466.7,Year,Y,Certified
EZYV14393,South America,Master's,Y,N,8983,2003,Northeast,986.1032,Hour,Y,Certified
EZYV2276,Asia,High School,Y,N,3763,2001,Midwest,58043.36,Year,Y,Certified
EZYV17135,Europe,Bachelor's,N,Y,1666,1969,South,83448.65,Year,Y,Certified
EZYV14882,Asia,Master's,Y,N,1829,2001,Northeast,35984.8,Year,Y,Certified
EZYV21413,Asia,High School,Y,Y,8767,1948,South,107003.44,Year,Y,Certified
EZYV9771,North America,Master's,Y,N,2996,1945,South,35304.32,Year,N,Certified
EZYV24165,Asia,Master's,N,Y,1218,2010,Northeast,42967.15,Year,N,Denied
EZYV7385,Asia,Bachelor's,Y,N,3293,1998,West,110665.94,Year,Y,Certified
EZYV11169,Asia,Master's,Y,N,5337,2007,South,98271.46,Year,N,Certified
EZYV13254,Europe,Bachelor's,Y,N,2834,1986,West,8018.85,Year,Y,Certified
EZYV16251,Asia,Master's,Y,N,2691,2006,Midwest,103676.9,Year,Y,Certified
EZYV22800,Asia,Bachelor's,N,N,4625,1946,South,127908.22,Year,Y,Certified
EZYV22165,Europe,Master's,Y,N,1726,1998,Northeast,81480.19,Year,Y,Denied
EZYV8823,Europe,Bachelor's,N,N,1775,1985,West,102079.64,Year,Y,Certified
EZYV5408,Europe,Bachelor's,N,N,3365,1961,South,359.1049,Hour,Y,Certified
EZYV2787,Asia,Doctorate,N,N,68,1885,Midwest,213253.79,Year,Y,Denied
EZYV16398,Asia,High School,N,N,358,2006,Midwest,58193.98,Year,Y,Certified
EZYV4677,Asia,High School,N,N,1656,1977,South,303.0795,Hour,Y,Denied
EZYV17550,Asia,Bachelor's,N,N,1169,1999,West,47323.8,Year,Y,Denied
EZYV22728,Asia,Bachelor's,N,N,551,2007,Northeast,91392.77,Year,Y,Denied
EZYV6706,Asia,Bachelor's,Y,N,5401,2002,Northeast,78785.76,Year,Y,Certified
EZYV14158,North America,Master's,N,N,234,2009,South,47819.03,Year,Y,Certified
EZYV15671,Europe,Doctorate,Y,N,144,2003,West,174.0,Year,Y,Certified
EZYV13485,Asia,Master's,Y,Y,2916,2005,Northeast,116225.01,Year,Y,Certified
EZYV5655,Asia,Bachelor's,N,Y,1356,2005,South,92262.18,Year,Y,Denied
EZYV8296,Asia,Master's,N,N,2525,1892,South,171075.49,Year,N,Certified
EZYV11796,Asia,Master's,Y,N,1694,1998,Midwest,230566.11,Year,Y,Certified
EZYV17918,Asia,Bachelor's,Y,N,4351,1998,Midwest,136069.56,Year,Y,Denied
EZYV13007,Asia,High School,N,N,3538,2011,South,74187.59,Year,Y,Denied
EZYV21316,Asia,High School,Y,N,2910,1997,South,189233.1,Year,N,Denied
EZYV20497,Asia,Bachelor's,Y,N,4253,2010,Northeast,173819.06,Year,Y,Certified
EZYV3393,North America,Bachelor's,Y,N,967,1987,Northeast,107317.08,Year,Y,Denied
EZYV5471,Europe,Master's,Y,N,3426,1998,South,117.39,Hour,Y,Certified
EZYV20171,Asia,Bachelor's,N,N,1918,2007,Northeast,42855.55,Year,Y,Denied
EZYV16745,Asia,Master's,Y,N,2342,1989,West,62643.16,Year,Y,Denied
EZYV18433,Asia,Bachelor's,Y,N,1249,1997,Northeast,689.8128,Hour,Y,Certified
EZYV9663,Oceania,Master's,Y,N,4832,2001,South,85349.26,Year,Y,Certified
EZYV2225,Asia,High School,Y,Y,2310,1997,Northeast,32932.77,Year,Y,Denied
EZYV9235,Europe,Bachelor's,Y,N,488,1977,West,8045.98,Year,Y,Certified
EZYV14770,Asia,High School,N,N,365,2014,Midwest,102356.16,Year,Y,Denied
EZYV15905,Asia,Bachelor's,N,N,405,1992,West,49606.82,Year,Y,Certified
EZYV17173,North America,Bachelor's,N,Y,141,1884,Northeast,830.2282,Hour,Y,Certified
EZYV10340,Asia,Bachelor's,N,N,318,1859,Midwest,96766.47,Year,Y,Certified
EZYV18613,South America,High School,N,N,1800,1847,West,67124.83,Year,Y,Certified
EZYV15053,Africa,Master's,Y,N,158,1969,Northeast,73088.46,Year,Y,Certified
EZYV11271,Asia,Bachelor's,N,N,3963,1988,Northeast,72290.58,Year,N,Denied
EZYV4205,Europe,Doctorate,N,N,3392,1999,West,31648.06,Year,Y,Certified
EZYV22048,Asia,Master's,Y,Y,1775,2000,South,47429.39,Year,Y,Certified
EZYV3024,Europe,Master's,Y,N,147,1984,Northeast,38462.05,Year,Y,Certified
EZYV24881,Asia,Bachelor's,N,N,1772,2003,South,600.1009,Hour,Y,Denied
EZYV15312,Asia,Bachelor's,N,Y,2365,1833,Northeast,69833.72,Year,Y,Certified
EZYV18074,Asia,Master's,N,Y,83,2012,South,80640.83,Year,Y,Certified
EZYV24965,North America,Master's,Y,N,3784,2004,Midwest,77242.93,Year,Y,Certified
EZYV5570,Asia,Bachelor's,Y,N,2430,2005,South,14545.5,Year,Y,Certified
EZYV5972,Asia,Bachelor's,Y,N,4848,2010,West,96126.21,Year,Y,Certified
EZYV16002,Asia,Bachelor's,N,N,4001,2007,West,322.6621,Hour,Y,Denied
EZYV9566,South America,Bachelor's,Y,N,1919,1963,West,128927.59,Year,Y,Certified
EZYV25371,North America,Doctorate,N,N,3399,2009,Northeast,73252.96,Year,Y,Certified
EZYV17007,Asia,Doctorate,Y,N,-11,1984,West,25753.51,Year,Y,Denied
EZYV22047,North America,Bachelor's,Y,N,3472,1992,Northeast,42588.56,Year,Y,Certified
EZYV5568,Asia,Bachelor's,Y,N,3767,2007,West,122380.57,Year,Y,Denied
EZYV22312,Asia,Bachelor's,Y,N,546,2006,South,93697.92,Year,Y,Certified
EZYV3687,Asia,High School,Y,N,781,2006,Midwest,17721.29,Year,Y,Denied
EZYV18069,Asia,Doctorate,Y,N,3287,2013,West,152369.01,Year,Y,Denied
EZYV22879,Asia,Master's,Y,N,744,2014,South,26735.44,Year,Y,Certified
EZYV3863,Asia,Bachelor's,Y,N,2776,1956,Midwest,58775.85,Year,Y,Certified
EZYV11119,Asia,Bachelor's,Y,Y,907,2006,South,114717.93,Year,Y,Certified
EZYV10222,Asia,Bachelor's,Y,N,935,2005,West,64454.09,Year,Y,Denied
EZYV14501,Asia,High School,N,Y,172,2000,West,99132.99,Year,Y,Denied
EZYV5066,Asia,High School,N,N,1982,2008,Northeast,12501.49,Year,Y,Denied
EZYV19683,Asia,Bachelor's,N,Y,3414,1819,West,65128.83,Year,Y,Certified
EZYV8179,Asia,Master's,N,N,5206,2012,West,33416.25,Year,N,Certified
EZYV23704,Europe,Bachelor's,N,N,2741,2001,West,14675.57,Year,Y,Certified
EZYV9390,Asia,Bachelor's,Y,N,3489,2000,South,88848.68,Year,Y,Certified
EZYV16944,Asia,Master's,N,N,1456,2001,Northeast,118.29,Hour,Y,Denied
EZYV22527,Asia,Master's,Y,N,4355,1982,Northeast,36672.44,Year,Y,Certified
EZYV776,Asia,Bachelor's,Y,N,2614,1959,South,77487.08,Year,Y,Certified
EZYV21546,Asia,Master's,Y,N,708,2003,West,48451.96,Year,Y,Denied
EZYV21492,Asia,Master's,N,N,3266,1972,South,89940.96,Year,N,Certified
EZYV23654,Asia,High School,Y,N,932,1991,South,61073.25,Year,Y,Certified
EZYV23710,Asia,Bachelor's,N,N,1156,2005,Midwest,78295.87,Year,Y,Denied
EZYV11384,North America,Master's,Y,N,4885,2000,West,61184.07,Year,Y,Denied
EZYV21754,Asia,Bachelor's,Y,N,3741,1984,Northeast,67250.37,Year,N,Certified
EZYV10666,Europe,Master's,N,N,3633,1859,South,75235.48,Year,Y,Denied
EZYV18393,Asia,Bachelor's,N,N,1776,2007,Northeast,147.41,Hour,Y,Denied
EZYV5553,Europe,Master's,Y,N,901,2007,Northeast,27836.68,Year,Y,Certified
EZYV6644,Europe,High School,N,N,4236,2013,South,68392.75,Year,Y,Denied
EZYV7657,Africa,Master's,Y,N,14600,1875,West,20348.05,Year,Y,Certified
EZYV11469,North America,High School,N,Y,2061,1999,Midwest,78967.52,Year,Y,Denied
EZYV2843,Asia,Doctorate,N,Y,1704,2008,Northeast,83590.62,Year,Y,Denied
EZYV21681,Asia,High School,N,N,111,2001,South,33275.04,Year,Y,Certified
EZYV15823,Europe,Bachelor's,Y,N,712,1990,Northeast,144686.23,Year,Y,Certified
EZYV2336,Asia,High School,N,N,98,1939,Midwest,78.6823,Hour,Y,Certified
EZYV1258,Asia,Master's,Y,N,711,1998,Midwest,107059.97,Year,Y,Certified
EZYV2791,Asia,Master's,Y,N,2620,1980,Northeast,137581.41,Year,N,Certified
EZYV16026,South America,Master's,N,Y,1099,1873,South,94826.11,Year,Y,Denied
EZYV6084,Asia,Master's,N,N,1604,1800,Midwest,73305.46,Year,Y,Certified
EZYV24924,Asia,Bachelor's,Y,N,351,2005,West,73931.82,Year,Y,Denied
EZYV13690,Asia,Bachelor's,Y,Y,498,1875,South,61027.83,Year,Y,Denied
EZYV16387,Europe,High School,Y,N,4445,1987,South,43385.65,Year,Y,Certified
EZYV12094,Africa,Master's,Y,N,116,1963,West,85108.78,Year,Y,Certified
EZYV13823,Asia,Bachelor's,N,N,2538,1839,Northeast,99745.33,Year,Y,Certified
EZYV20720,Europe,Bachelor's,N,N,483,2007,West,685.5338,Hour,Y,Denied
EZYV15209,Asia,Bachelor's,Y,N,13045,1971,Midwest,44383.94,Year,Y,Certified
EZYV6054,Europe,Doctorate,N,N,1124,1907,West,24667.76,Year,Y,Certified
EZYV1076,North America,Bachelor's,Y,N,3584,2005,West,74007.49,Year,Y,Denied
EZYV7875,Asia,Master's,Y,N,1947,1911,Northeast,133000.95,Year,Y,Certified
EZYV8994,Asia,Master's,Y,N,2801,1999,West,111258.45,Year,Y,Certified
EZYV24308,Asia,Master's,Y,N,835,1992,South,58473.39,Year,Y,Certified
EZYV9981,South America,Master's,N,N,2546,1922,Northeast,58770.05,Year,Y,Certified
EZYV3998,Asia,Master's,N,Y,1888,1957,Northeast,105194.33,Year,Y,Denied
EZYV9863,Asia,Bachelor's,Y,N,809,1991,Midwest,79532.62,Year,Y,Certified
EZYV4218,Europe,Bachelor's,Y,N,76,2010,West,9486.37,Year,Y,Certified
EZYV1240,Asia,High School,N,N,4671,1991,Midwest,41191.38,Year,Y,Certified
EZYV17732,Asia,Master's,N,Y,69,1998,West,133720.55,Year,Y,Certified
EZYV15258,Europe,Doctorate,N,Y,2038,2006,West,24410.39,Year,Y,Denied
EZYV9013,Asia,High School,Y,N,794,2012,South,50191.44,Year,Y,Denied
EZYV23716,Europe,Master's,N,N,4905,2004,Northeast,156979.16,Year,Y,Certified
EZYV9473,Asia,Bachelor's,N,N,2359,1999,Northeast,84094.06,Year,Y,Denied
EZYV8157,Europe,Master's,Y,Y,3319,2004,Northeast,71392.67,Year,Y,Denied
EZYV6405,Asia,Bachelor's,N,N,352,1957,Midwest,391.8694,Hour,Y,Denied
EZYV2557,Europe,Bachelor's,N,N,2171,1998,Midwest,92076.68,Year,Y,Certified
EZYV15013,Europe,Doctorate,Y,N,993,1948,Northeast,44464.15,Year,Y,Certified
EZYV9480,Europe,Master's,Y,N,941,2010,South,19912.14,Year,Y,Certified
EZYV24786,South America,Bachelor's,Y,N,2331,2006,South,75139.53,Year,Y,Denied
EZYV8208,North America,High School,Y,N,349,1946,Northeast,40483.68,Year,Y,Certified
EZYV1118,Asia,High School,Y,N,4771,2004,South,43581.41,Year,Y,Certified
EZYV5031,North America,Bachelor's,N,N,3731,2004,Northeast,26441.91,Year,Y,Certified
EZYV5128,North America,Bachelor's,Y,N,2561,1977,South,107906.17,Year,Y,Denied
EZYV19679,Asia,Master's,N,N,1053,2012,Midwest,101388.87,Year,Y,Certified
EZYV17649,Asia,Master's,N,N,2918,2005,South,43275.78,Year,Y,Denied
EZYV7454,Asia,High School,Y,N,3434,1998,West,101797.53,Year,Y,Denied
EZYV18131,Asia,Bachelor's,Y,N,1734,1933,West,69560.34,Year,Y,Certified
EZYV7981,Asia,Doctorate,N,N,600,1912,West,134814.13,Year,Y,Certified
EZYV20918,Asia,Bachelor's,Y,N,3800,2004,West,129951.66,Year,Y,Denied
EZYV13880,Asia,High School,Y,N,3143,1926,South,159189.58,Year,Y,Denied
EZYV14407,Asia,Master's,Y,Y,165,1997,South,224049.27,Year,Y,Certified
EZYV2634,Asia,Bachelor's,Y,N,502,1970,South,138457.4,Year,Y,Certified
EZYV23927,North America,Master's,N,Y,1621,2012,Midwest,176.3821,Hour,Y,Denied
EZYV21952,Asia,Bachelor's,Y,N,3162,2006,South,1832.8,Year,Y,Denied
EZYV7646,Asia,Master's,Y,N,712,1848,Midwest,82484.08,Year,Y,Certified
EZYV5395,Asia,High School,N,N,918,2007,Midwest,910.6628,Hour,Y,Denied
EZYV19979,Asia,Master's,N,N,1637,1970,South,709.837,Hour,Y,Certified
EZYV20581,Asia,Master's,Y,N,1439,1931,South,17032.74,Year,Y,Certified
EZYV2747,Asia,Master's,N,N,180,1991,Island,183653.31,Year,Y,Denied
EZYV22621,Asia,Master's,N,Y,5147,1907,South,120516.39,Year,Y,Denied
EZYV926,Asia,Master's,Y,N,3539,1988,West,24642.85,Year,Y,Certified
EZYV24759,Asia,Master's,Y,N,4675,1995,West,99587.17,Year,Y,Certified
EZYV18219,Asia,High School,N,N,3493,1971,Midwest,197598.54,Year,Y,Certified
EZYV18959,Asia,Doctorate,Y,N,794,1922,Northeast,117919.19,Year,N,Denied
EZYV9352,Europe,Master's,Y,N,1725,2005,West,64646.41,Year,N,Denied
EZYV2173,Europe,Bachelor's,N,Y,69276,2006,Northeast,156609.94,Year,Y,Denied
EZYV2048,Asia,Master's,Y,N,2943,2001,Island,12032.49,Year,Y,Certified
EZYV9736,Europe,Master's,Y,Y,3790,1924,Midwest,44044.79,Year,Y,Certified
EZYV9905,Europe,Master's,Y,Y,3585,1950,Northeast,11642.81,Year,Y,Denied
EZYV120,Asia,Master's,N,N,1144,2001,Northeast,16421.37,Year,Y,Denied
EZYV8815,Asia,High School,Y,N,897,2006,Midwest,75820.24,Year,Y,Denied
EZYV5525,Asia,Master's,N,N,4374,1969,South,54715.19,Year,Y,Certified
EZYV20827,Asia,High School,Y,N,2481,1996,West,47748.6,Year,Y,Denied
EZYV12135,South America,Master's,N,N,249,1984,Midwest,62244.25,Year,Y,Denied
EZYV20422,Asia,Bachelor's,N,N,1615,1965,Northeast,824.7957,Hour,Y,Denied
EZYV19741,North America,Bachelor's,N,N,11485,1948,Northeast,152.59,Hour,Y,Certified
EZYV15553,Asia,Master's,N,N,4813,2009,West,34725.5,Year,Y,Denied
EZYV9170,Europe,High School,Y,Y,5761,1934,Northeast,69796.33,Year,Y,Denied
EZYV21355,Europe,Bachelor's,N,Y,2361,1946,West,129520.23,Year,Y,Denied
EZYV20899,Asia,High School,Y,N,3909,2000,South,164418.44,Year,Y,Denied
EZYV21612,Asia,Master's,Y,N,3241,1962,Northeast,55618.68,Year,Y,Denied
EZYV4617,Asia,Master's,N,N,1876,2005,West,4628.57,Year,Y,Denied
EZYV18818,Asia,Bachelor's,Y,N,27,2008,Northeast,125412.24,Year,Y,Certified
EZYV1530,Asia,Bachelor's,Y,N,5117,1992,West,80898.69,Year,Y,Certified
EZYV22231,North America,Master's,N,N,4028,1990,West,132.76,Hour,Y,Denied
EZYV19307,Europe,Doctorate,Y,N,1269,2009,West,116134.36,Year,Y,Certified
EZYV13018,Europe,Master's,Y,N,1893,1908,Midwest,41579.85,Year,Y,Certified
EZYV1047,Asia,Bachelor's,Y,N,214,1999,West,27952.97,Year,Y,Certified
EZYV242,Oceania,Doctorate,Y,N,2871,2009,South,56606.54,Month,Y,Certified
EZYV4160,Asia,Doctorate,Y,Y,1496,1996,West,32838.0,Year,Y,Certified
EZYV5521,Asia,Master's,Y,N,7285,1992,South,111706.66,Year,N,Certified
EZYV7825,Asia,Bachelor's,N,Y,1589,1999,Northeast,63.7364,Hour,Y,Denied
EZYV791,Asia,Bachelor's,N,N,974,1846,South,14125.36,Year,Y,Certified
EZYV4718,North America,Doctorate,N,N,1003,1932,West,66929.9,Year,N,Denied
EZYV3710,North America,Master's,Y,N,22548,2009,South,103646.28,Year,N,Certified
EZYV21215,Asia,Master's,Y,N,221,1881,South,82523.91,Year,N,Denied
EZYV23703,Asia,Bachelor's,Y,N,526,1996,South,70747.4,Year,Y,Certified
EZYV10297,Asia,High School,Y,N,1616,1987,Midwest,149907.39,Year,Y,Denied
EZYV23651,Asia,Master's,Y,N,677,1998,West,81681.46,Year,Y,Denied
EZYV23847,Europe,Bachelor's,N,N,540,2007,South,853.9335,Hour,Y,Denied
EZYV3151,North America,Master's,Y,N,2405,2010,Midwest,147314.23,Year,Y,Certified
EZYV14403,Asia,High School,Y,N,2540,2011,Northeast,107237.45,Year,Y,Denied
EZYV16559,Asia,Bachelor's,Y,N,2897,2001,West,34850.8,Year,Y,Denied
EZYV18581,Asia,Master's,N,N,2119,1994,Northeast,49432.08,Year,Y,Certified
EZYV11323,Asia,Master's,N,N,127,1902,South,118955.57,Year,N,Certified
EZYV7460,Asia,Doctorate,N,N,113215,2001,South,59260.37,Year,Y,Certified
EZYV9795,Asia,Bachelor's,N,N,3653,1957,Northeast,91503.54,Year,Y,Denied
EZYV11491,Asia,Master's,N,N,3208,2001,South,81536.29,Year,Y,Certified
EZYV19467,Asia,Bachelor's,Y,N,835,1809,West,81557.74,Year,Y,Certified
EZYV13723,Asia,Master's,Y,N,2192,2006,Northeast,80880.59,Year,Y,Certified
EZYV3022,Asia,Bachelor's,N,N,3839,2000,Northeast,69821.58,Year,Y,Denied
EZYV9279,Europe,High School,N,N,4090,2002,West,137058.08,Year,Y,Denied
EZYV3005,Asia,Master's,N,Y,1888,1985,Midwest,78688.03,Year,Y,Denied
EZYV12255,Asia,Master's,Y,N,1341,2006,Northeast,133304.38,Year,Y,Certified
EZYV22963,Asia,Bachelor's,N,N,1526,2010,South,159004.89,Year,Y,Denied
EZYV4489,Asia,Bachelor's,Y,N,418,1994,Northeast,64340.87,Year,Y,Certified
EZYV21113,Asia,High School,N,N,3677,1983,Midwest,137530.62,Year,Y,Certified
EZYV13982,North America,Bachelor's,Y,N,235,1993,Northeast,31175.4,Year,Y,Certified
EZYV5591,Asia,Bachelor's,N,N,2378,2000,South,85684.72,Year,Y,Certified
EZYV12277,Asia,Bachelor's,Y,N,809,2003,South,57211.65,Year,Y,Certified
EZYV13900,Asia,High School,N,N,67649,2009,Northeast,391.3599,Hour,Y,Denied
EZYV5167,Asia,Doctorate,N,N,3188,1838,Northeast,154.0126,Hour,Y,Certified
EZYV21746,Asia,High School,N,Y,621,1980,West,55579.41,Year,Y,Certified
EZYV1790,North America,Master's,Y,N,13423,1991,Northeast,44608.71,Year,Y,Certified
EZYV19080,Asia,Bachelor's,N,N,1470,1999,South,35.1594,Hour,Y,Denied
EZYV11010,Asia,Bachelor's,Y,N,206,1985,Northeast,57772.86,Year,Y,Denied
EZYV2760,Asia,Bachelor's,Y,N,483,1999,West,46853.24,Year,Y,Certified
EZYV1612,Asia,Bachelor's,N,N,1995,2005,Midwest,119101.47,Year,Y,Certified
EZYV13802,Asia,Bachelor's,N,N,4302,2009,South,125624.38,Year,Y,Certified
EZYV20336,Asia,Master's,Y,N,2995,1969,Midwest,64695.1,Year,N,Denied
EZYV19495,Asia,Bachelor's,Y,N,3684,1999,Midwest,46558.83,Year,Y,Certified
EZYV814,Asia,Master's,Y,N,5664,1999,West,34770.1,Year,Y,Certified
EZYV18871,North America,Bachelor's,Y,N,439,1925,South,115985.54,Year,N,Denied
EZYV5599,Asia,Bachelor's,Y,N,2169,2006,South,124370.98,Year,Y,Certified
EZYV23762,North America,Doctorate,N,N,5091,1900,Northeast,138.5358,Hour,Y,Certified
EZYV2254,Asia,Bachelor's,Y,N,1747,1999,South,139734.32,Year,Y,Certified
EZYV15637,Asia,Bachelor's,Y,Y,803,2008,Northeast,46341.92,Year,Y,Denied
EZYV409,Asia,Doctorate,Y,N,3659,1876,South,81806.42,Year,Y,Certified
EZYV14977,Asia,Master's,N,N,1744,2013,Northeast,77130.38,Year,N,Denied
EZYV10685,South America,Bachelor's,Y,N,2735,2007,South,178.84,Year,Y,Certified
EZYV12818,Asia,Master's,N,N,1157,1968,West,26453.45,Year,Y,Certified
EZYV13208,Africa,Master's,N,N,2942,2011,Northeast,18046.09,Year,Y,Certified
EZYV1514,Asia,Master's,N,Y,812,1997,Northeast,42976.82,Year,Y,Denied
EZYV5023,Asia,Master's,Y,N,371,1928,South,111766.97,Year,Y,Certified
EZYV5886,Asia,Bachelor's,Y,N,422,1833,Midwest,43924.75,Year,Y,Certified
EZYV12749,Asia,Master's,Y,N,2768,1989,Northeast,49077.77,Year,Y,Certified
EZYV20550,Asia,Master's,Y,N,1908,2000,West,31726.51,Year,Y,Denied
EZYV2884,Asia,Bachelor's,Y,N,2399,2010,West,12586.73,Year,Y,Certified
EZYV16222,Asia,Bachelor's,N,N,28794,1890,West,49173.15,Year,Y,Certified
EZYV1775,Asia,Master's,Y,N,464,1941,South,93043.62,Year,Y,Certified
EZYV13049,Europe,Bachelor's,Y,N,1599,2001,West,163800.18,Year,Y,Denied
EZYV21853,Asia,Bachelor's,Y,N,1177,2007,Northeast,188857.52,Year,Y,Certified
EZYV13266,Asia,Bachelor's,Y,Y,3953,2006,South,136714.22,Year,Y,Certified
EZYV2282,North America,Bachelor's,N,N,1479,1863,Midwest,25803.19,Year,Y,Certified
EZYV13471,Asia,Bachelor's,Y,N,5159,1991,West,110219.12,Week,Y,Certified
EZYV9670,North America,Bachelor's,N,N,1306,1872,Midwest,76216.95,Year,Y,Denied
EZYV20393,Europe,Master's,Y,N,4703,2005,West,19867.33,Year,Y,Certified
EZYV11668,Asia,Master's,N,N,3899,1995,South,108398.51,Year,N,Certified
EZYV20151,Europe,High School,Y,N,1389,1991,West,50472.49,Year,Y,Certified
EZYV9726,Asia,Doctorate,Y,N,2618,1999,West,114372.69,Year,Y,Certified
EZYV9555,Asia,Bachelor's,N,N,16275,2001,Northeast,55235.74,Year,Y,Denied
EZYV11502,Asia,Bachelor's,Y,N,646,1883,South,63766.42,Year,Y,Denied
EZYV17723,Asia,Bachelor's,N,N,520,1999,Northeast,771.6902,Hour,Y,Denied
EZYV22937,Asia,Bachelor's,Y,N,1767,1985,South,131219.75,Year,Y,Denied
EZYV10282,Asia,Bachelor's,Y,N,1086,2011,Midwest,143.346,Hour,Y,Denied
EZYV10043,North America,Doctorate,N,N,6181,1995,West,93152.55,Year,Y,Certified
EZYV21608,Asia,Master's,Y,N,3309,2001,Northeast,71761.93,Year,Y,Denied
EZYV8129,North America,Bachelor's,Y,N,214,1997,Island,76545.36,Year,Y,Certified
EZYV14840,Asia,Master's,Y,N,1474,2001,South,47262.59,Year,N,Certified
EZYV21936,Asia,Master's,N,N,893,1889,Midwest,34117.11,Year,N,Certified
EZYV24061,North America,Bachelor's,N,N,2986,1962,Northeast,114411.05,Year,N,Denied
EZYV7080,South America,Master's,N,Y,1852,1838,West,12514.46,Year,Y,Certified
EZYV17729,Asia,Doctorate,N,N,2561,2005,Northeast,82552.49,Year,Y,Denied
EZYV13662,Asia,Master's,Y,N,2529,2004,South,261556.56,Year,N,Certified
EZYV24256,Oceania,High School,N,N,1419,2009,West,66188.17,Year,Y,Certified
EZYV6065,Asia,Bachelor's,Y,N,2227,1822,Northeast,65363.62,Year,Y,Certified
EZYV25093,North America,Master's,Y,N,3557,1999,Midwest,79522.99,Year,Y,Certified
EZYV22890,Asia,Bachelor's,Y,N,397,1995,West,196623.46,Year,Y,Certified
EZYV16605,Asia,Bachelor's,Y,N,3891,1990,Midwest,20463.38,Year,Y,Certified
EZYV5932,Europe,Bachelor's,Y,N,3646,2007,West,56172.72,Year,Y,Certified
EZYV20293,Asia,Master's,Y,N,4299,2004,West,26771.9,Year,Y,Certified
EZYV6573,Europe,Doctorate,Y,N,3020,2005,Northeast,77088.4,Year,Y,Certified
EZYV15410,Asia,Doctorate,N,Y,1819,2009,West,104604.36,Year,Y,Certified
EZYV5028,North America,Bachelor's,Y,N,2157,2012,West,41455.88,Year,Y,Denied
EZYV3895,Asia,Master's,N,N,1684,1996,Midwest,149808.05,Year,Y,Denied
EZYV22426,Europe,High School,Y,Y,2576,2005,South,45373.6,Year,Y,Certified
EZYV3787,Asia,Bachelor's,Y,N,22953,1990,Northeast,75333.02,Year,Y,Denied
EZYV18406,Asia,Bachelor's,N,N,102,2013,South,111644.96,Year,Y,Certified
EZYV15224,North America,Master's,Y,N,45,2006,Midwest,113839.8,Year,Y,Certified
EZYV21315,North America,High School,N,N,1827,2001,South,827.0178,Hour,Y,Denied
EZYV9647,Asia,Bachelor's,N,N,474,2008,West,78109.15,Year,Y,Certified
EZYV5741,Asia,Bachelor's,Y,N,564,1963,Midwest,121270.83,Year,Y,Denied
EZYV1230,Asia,Master's,Y,N,2200,2006,South,156520.94,Year,Y,Certified
EZYV941,Asia,Master's,N,N,4498,2014,Midwest,72863.2,Year,Y,Certified
EZYV6456,Asia,Bachelor's,Y,N,49,1992,South,28006.81,Year,Y,Denied
EZYV5891,Asia,Bachelor's,N,N,1718,1990,South,140701.86,Year,N,Denied
EZYV5561,North America,Master's,N,N,4651,2012,South,126.86,Hour,Y,Denied
EZYV12928,Asia,Bachelor's,N,N,5098,1962,West,41783.08,Year,Y,Certified
EZYV9303,Asia,Bachelor's,N,N,1366,2015,Northeast,17133.44,Week,Y,Certified
EZYV24586,Asia,Bachelor's,Y,N,1359,1992,West,12900.55,Year,Y,Certified
EZYV858,Asia,Bachelor's,Y,N,4655,1998,South,18502.5,Year,Y,Certified
EZYV11811,Asia,Bachelor's,Y,N,1309,1965,Northeast,84527.31,Year,Y,Denied
EZYV7697,Asia,High School,N,N,295,2001,Northeast,45668.27,Year,Y,Denied
EZYV17014,Europe,High School,Y,Y,1385,2002,South,91506.51,Year,Y,Certified
EZYV11124,Europe,Master's,N,Y,1205,1985,South,139757.4,Year,Y,Certified
EZYV3098,Asia,Master's,N,N,1828,1988,Midwest,74734.8,Year,N,Denied
EZYV18791,Asia,High School,N,N,1060,1962,Midwest,83542.27,Year,N,Certified
EZYV9725,Asia,Bachelor's,N,N,1462,2012,Northeast,71550.54,Year,N,Denied
EZYV13456,Europe,Master's,N,Y,30881,1999,Midwest,90472.36,Year,Y,Denied
EZYV15235,Asia,Bachelor's,Y,N,764,1981,Northeast,90127.91,Year,Y,Certified
EZYV16437,Europe,Bachelor's,N,Y,2147,2005,West,131410.43,Year,Y,Denied
EZYV8084,Asia,Bachelor's,N,Y,1169,1998,Northeast,53247.02,Year,Y,Denied
EZYV16016,North America,Master's,N,N,143,1986,Northeast,37991.61,Year,N,Certified
EZYV10574,Asia,Master's,Y,N,4706,2000,Northeast,43273.12,Year,Y,Certified
EZYV7150,Asia,Bachelor's,N,N,92,1911,South,127288.25,Year,N,Certified
EZYV4072,Asia,High School,Y,N,2998,2015,West,28874.04,Year,Y,Denied
EZYV19590,Asia,Master's,Y,N,831,1999,West,66198.59,Year,Y,Denied
EZYV19013,Europe,Bachelor's,N,Y,2294,1987,South,65358.81,Year,Y,Certified
EZYV13994,Asia,High School,Y,N,1066,1995,Northeast,137380.48,Year,Y,Denied
EZYV20099,North America,Master's,Y,N,4051,1868,South,113923.86,Year,N,Certified
EZYV23835,Asia,Bachelor's,N,N,2246,2011,South,79391.31,Year,Y,Certified
EZYV19462,Asia,Bachelor's,Y,N,2531,2004,South,56454.45,Year,Y,Certified
EZYV8558,Asia,Master's,N,N,2280,1989,Northeast,73699.02,Year,N,Certified
EZYV12557,Asia,Bachelor's,N,N,1624,2012,South,165620.54,Year,Y,Certified
EZYV14050,North America,Bachelor's,Y,N,4778,2000,Northeast,60745.56,Year,Y,Certified
EZYV23858,South America,High School,Y,N,2534,2001,West,584.1583,Hour,Y,Certified
EZYV4575,Asia,Master's,N,N,111,1985,Midwest,41126.98,Year,Y,Denied
EZYV18946,Asia,Bachelor's,Y,N,4106,2003,Midwest,72082.38,Year,Y,Denied
EZYV22223,North America,Bachelor's,N,N,3190,1987,Northeast,723.6441,Hour,Y,Denied
EZYV20216,Oceania,Doctorate,N,N,1738,2008,Northeast,143640.36,Year,Y,Certified
EZYV1233,Europe,Doctorate,Y,N,739,1998,Midwest,23576.94,Year,Y,Certified
EZYV5855,Asia,Master's,Y,N,17589,1984,West,7218.43,Year,Y,Certified
EZYV16102,Asia,Bachelor's,N,N,649,1996,South,147.13,Hour,Y,Denied
EZYV13599,Europe,Bachelor's,N,N,6724,2011,Midwest,42885.84,Year,Y,Certified
EZYV4787,North America,Bachelor's,Y,N,1678,1834,Midwest,102780.96,Year,Y,Certified
EZYV24141,Asia,Master's,N,N,1011,1994,West,138708.21,Year,Y,Denied
EZYV24468,Europe,Bachelor's,N,Y,94,1841,South,118981.15,Year,N,Denied
EZYV24522,Asia,Master's,N,N,1034,2014,South,158256.99,Year,N,Certified
EZYV18243,Asia,Bachelor's,Y,N,1155,1996,Northeast,158023.71,Year,N,Certified
EZYV12431,Europe,Master's,Y,N,3640,1998,West,31653.06,Year,Y,Certified
EZYV25328,Asia,Bachelor's,N,N,2067,1958,South,760.2486,Hour,Y,Denied
EZYV17273,Asia,Master's,Y,N,403,2008,Northeast,116812.16,Year,Y,Certified
EZYV17176,Asia,Master's,Y,N,4020,1977,Northeast,37568.72,Year,Y,Certified
EZYV13565,Europe,Bachelor's,N,Y,895,1998,Northeast,178593.34,Year,Y,Certified
EZYV127,Asia,High School,Y,N,2753,2010,Northeast,133052.84,Year,Y,Denied
EZYV18657,Asia,Bachelor's,Y,N,46258,1996,South,95283.05,Year,Y,Certified
EZYV21773,Europe,Bachelor's,Y,N,197,1998,West,76246.29,Year,Y,Certified
EZYV11953,North America,Master's,Y,N,3632,1951,Northeast,74097.17,Year,Y,Certified
EZYV9530,Asia,Doctorate,N,Y,2373,2000,South,117845.94,Year,Y,Certified
EZYV13342,Europe,Master's,Y,N,2801,1997,West,64591.13,Year,Y,Certified
EZYV1487,North America,Doctorate,Y,N,4491,1998,Northeast,2421.14,Year,Y,Certified
EZYV14197,Asia,High School,N,N,1930,1998,South,91422.09,Year,Y,Denied
EZYV2540,Asia,Master's,Y,N,3631,2002,West,38680.32,Year,Y,Certified
EZYV9347,Europe,Master's,Y,Y,2663,1947,Midwest,7087.93,Year,Y,Certified
EZYV11243,Asia,Bachelor's,Y,N,236,1998,Northeast,43351.06,Year,Y,Denied
EZYV10777,North America,High School,N,N,1046,1999,West,660.5249,Hour,Y,Denied
EZYV22416,Asia,Bachelor's,Y,N,1391,2010,Northeast,5070.17,Year,Y,Certified
EZYV14326,Europe,High School,Y,N,622,1983,South,49958.16,Year,Y,Denied
EZYV1371,Asia,Master's,N,N,685,2015,Midwest,139007.44,Year,Y,Certified
EZYV11252,North America,Bachelor's,Y,N,1062,1980,Midwest,8932.55,Year,Y,Certified
EZYV21327,Asia,Bachelor's,N,Y,1232,1970,Midwest,85432.82,Year,Y,Certified
EZYV4944,Asia,High School,Y,N,2281,2007,South,13481.85,Year,Y,Denied
EZYV21798,North America,Master's,Y,N,1450,1976,Northeast,95958.84,Year,Y,Denied
EZYV11203,Asia,Bachelor's,Y,N,317,2013,Northeast,55888.1,Year,Y,Denied
EZYV14219,Asia,Bachelor's,Y,N,2366,1993,West,46708.09,Year,Y,Denied
EZYV6687,Asia,Bachelor's,Y,N,4634,1996,Midwest,128598.74,Year,Y,Certified
EZYV16847,Europe,Bachelor's,N,N,1106,1980,West,32892.23,Year,Y,Certified
EZYV25410,Asia,Master's,Y,N,416,1965,Northeast,66068.46,Week,Y,Certified
EZYV13295,Europe,Doctorate,Y,N,708,1946,Midwest,64321.99,Year,Y,Certified
EZYV4729,Asia,Master's,N,N,4839,1885,South,55815.8,Year,Y,Certified
EZYV19440,Asia,Bachelor's,Y,N,3044,2013,Island,107614.47,Year,N,Denied
EZYV4103,Africa,Bachelor's,N,N,1801,1994,Northeast,3287.8,Year,Y,Denied
EZYV11172,Asia,Master's,Y,N,15325,1968,South,170255.29,Year,N,Denied
EZYV12980,Asia,Master's,N,Y,1144,1890,Northeast,8856.51,Year,Y,Certified
EZYV17417,Europe,Master's,N,N,2081,1946,South,763.908,Hour,Y,Denied
EZYV14949,Asia,Master's,Y,N,2635,1988,South,10456.15,Year,Y,Certified
EZYV10838,Asia,Master's,Y,N,2958,1854,South,120962.27,Year,Y,Certified
EZYV9043,Asia,High School,Y,N,1245,2005,Northeast,96316.98,Year,Y,Denied
EZYV8599,Asia,Bachelor's,N,N,18,1996,South,95222.27,Year,Y,Certified
EZYV21281,South America,Doctorate,Y,N,1255,2011,South,64649.21,Year,Y,Certified
EZYV9270,Europe,Bachelor's,Y,Y,1890,2008,West,131789.31,Year,Y,Denied
EZYV14372,Asia,Master's,N,N,3378,1985,Midwest,96222.37,Year,Y,Denied
EZYV1289,Asia,Bachelor's,Y,N,1221,1986,West,83733.61,Year,Y,Certified
EZYV11111,Asia,Doctorate,Y,N,1399,1883,Northeast,52262.38,Week,Y,Certified
EZYV721,North America,Bachelor's,Y,N,1968,1988,Midwest,113603.07,Year,Y,Certified
EZYV8120,Asia,Master's,N,N,550,2005,Midwest,151988.87,Year,Y,Certified
EZYV24452,Asia,Master's,N,N,2324,1925,Midwest,56938.68,Year,N,Denied
EZYV1836,Asia,Bachelor's,N,N,752,1970,Northeast,102037.58,Year,Y,Denied
EZYV4937,Asia,Master's,N,N,1569,1998,West,242813.07,Year,N,Certified
EZYV19364,Asia,High School,Y,N,299,1998,Midwest,48501.15,Year,Y,Certified
EZYV15368,Asia,Master's,N,Y,2145,1998,South,67084.76,Year,Y,Certified
EZYV8452,Asia,Bachelor's,N,N,2448,2009,Midwest,124252.65,Year,Y,Certified
EZYV8212,Europe,Doctorate,N,N,2154,1994,West,9639.14,Year,Y,Certified
EZYV7199,Asia,Master's,N,N,2813,1875,South,139660.26,Year,Y,Certified
EZYV4087,Asia,Doctorate,Y,N,1869,1986,Northeast,14199.08,Year,Y,Certified
EZYV1993,Asia,Master's,N,N,2672,1984,South,103199.47,Year,Y,Certified
EZYV17694,North America,Master's,N,N,3724,2001,South,100511.88,Year,N,Certified
EZYV6375,Europe,Bachelor's,N,N,1095,2010,West,144469.47,Year,Y,Certified
EZYV7427,Asia,Bachelor's,N,N,4553,2012,South,163587.92,Year,Y,Certified
EZYV9910,Asia,Master's,Y,N,3958,1985,South,85438.15,Year,Y,Certified
EZYV10910,Asia,Bachelor's,Y,N,424,2006,West,8935.83,Year,Y,Certified
EZYV16436,Asia,Bachelor's,Y,N,5976,2001,Northeast,7973.67,Year,Y,Certified
EZYV22930,Asia,Bachelor's,N,N,4242,2014,West,34667.37,Year,Y,Denied
EZYV11859,Asia,Bachelor's,N,N,381,2003,West,54899.09,Year,Y,Denied
EZYV11296,North America,Bachelor's,N,Y,4941,2007,South,115.78,Hour,Y,Denied
EZYV18386,Asia,Bachelor's,Y,N,2049,1998,Northeast,23874.02,Year,Y,Denied
EZYV18744,Asia,Master's,Y,N,2456,1986,Midwest,142896.44,Year,Y,Certified
EZYV17891,Asia,Master's,Y,N,1211,2010,West,6679.43,Year,Y,Denied
EZYV1949,Africa,Master's,N,N,5935,2012,Midwest,67149.75,Year,Y,Certified
EZYV15129,Asia,Bachelor's,N,N,2305,2008,Northeast,22317.89,Year,Y,Certified
EZYV15184,Africa,Master's,Y,N,4704,1998,Northeast,72225.79,Year,Y,Certified
EZYV14752,Europe,Doctorate,N,Y,1034,1962,West,31124.89,Year,Y,Certified
EZYV21676,Asia,Bachelor's,N,N,2293,2011,Midwest,91277.75,Year,Y,Certified
EZYV16536,Asia,Bachelor's,N,N,2130,2004,West,73886.63,Year,Y,Denied
EZYV5092,Asia,Bachelor's,Y,N,1319,2004,South,114683.04,Year,N,Certified
EZYV22488,North America,Doctorate,Y,N,2468,1986,West,763.5457,Hour,Y,Denied
EZYV15802,Europe,Master's,Y,N,1767,1999,South,38732.88,Year,Y,Certified
EZYV15781,Asia,Bachelor's,N,N,39355,1984,Northeast,47293.31,Year,Y,Certified
EZYV9125,South America,Doctorate,Y,N,3000,1995,Northeast,51507.97,Year,Y,Certified
EZYV18339,Asia,Master's,Y,N,3608,2001,Midwest,122959.28,Year,Y,Certified
EZYV14576,Africa,Bachelor's,Y,N,2230,1998,South,118.41,Hour,Y,Certified
EZYV1494,South America,Master's,Y,N,812,1960,West,43761.25,Year,Y,Certified
EZYV13262,Asia,High School,N,N,2011,1993,South,132241.21,Year,N,Denied
EZYV25009,Asia,Master's,N,N,1325,1972,South,52969.43,Year,Y,Denied
EZYV10851,Asia,Master's,N,N,2589,2008,Midwest,103365.61,Year,Y,Certified
EZYV17926,Europe,Bachelor's,Y,N,2284,2006,Island,35841.92,Year,Y,Certified
EZYV22023,Asia,Bachelor's,Y,N,167,2001,Northeast,117397.15,Year,Y,Certified
EZYV5138,Asia,Doctorate,Y,N,1274,2006,Northeast,99601.76,Year,Y,Certified
EZYV9077,Asia,High School,Y,N,3196,1996,Midwest,59193.43,Year,Y,Denied
EZYV15283,Asia,Bachelor's,Y,N,2449,1963,South,101396.95,Year,Y,Certified
EZYV19664,Asia,Master's,Y,N,2842,2000,South,110821.99,Year,Y,Certified
EZYV15665,Asia,Bachelor's,Y,N,234,1998,Northeast,33839.12,Year,Y,Certified
EZYV19961,North America,Bachelor's,Y,N,462,2013,South,137017.48,Year,Y,Denied
EZYV3197,Asia,High School,Y,N,168,2001,Northeast,144115.81,Year,Y,Denied
EZYV24537,Asia,Master's,N,N,3301,2009,Northeast,67805.47,Year,Y,Certified
EZYV20292,Asia,Bachelor's,Y,N,2076,2006,Northeast,127247.75,Year,Y,Certified
EZYV7695,Asia,Bachelor's,N,N,2987,1883,South,50690.81,Year,Y,Certified
EZYV2127,Asia,Master's,Y,N,1223,2007,South,148949.81,Year,N,Certified
EZYV3996,Europe,Doctorate,Y,N,1652,1997,Northeast,63277.1,Year,Y,Certified
EZYV24466,Asia,Bachelor's,Y,N,3816,2009,Midwest,60948.15,Year,Y,Certified
EZYV8518,Asia,Bachelor's,N,Y,2945,2010,South,114777.66,Year,Y,Certified
EZYV17518,Asia,Bachelor's,Y,Y,460,2004,South,123049.55,Year,Y,Denied
EZYV16279,Asia,Master's,Y,N,37,1968,South,42289.48,Year,Y,Certified
EZYV4600,Asia,Master's,N,Y,3268,2000,West,70948.57,Year,Y,Denied
EZYV17167,Europe,Bachelor's,Y,N,1874,1902,West,559.5994,Hour,Y,Denied
EZYV8756,North America,Master's,Y,N,4072,2014,South,8731.89,Year,Y,Certified
EZYV20268,Europe,Master's,Y,N,1282,1997,West,85289.62,Year,Y,Certified
EZYV3663,Asia,High School,N,N,3852,1998,South,126497.4,Year,N,Denied
EZYV11466,Asia,High School,Y,N,1242,2005,Midwest,42543.51,Year,Y,Denied
EZYV16441,Asia,Bachelor's,Y,N,756,2012,Northeast,158110.39,Year,Y,Denied
EZYV5440,Asia,Master's,Y,N,1336,2005,Midwest,56555.34,Year,Y,Certified
EZYV11979,Asia,Bachelor's,N,N,655,2001,Northeast,63276.51,Year,Y,Certified
EZYV10972,Asia,Doctorate,N,Y,163,1999,West,59976.26,Year,Y,Certified
EZYV20501,Asia,Bachelor's,Y,N,3023,2009,West,606.7502,Hour,Y,Denied
EZYV1446,Europe,High School,Y,N,3849,1998,Island,35436.6,Year,Y,Denied
EZYV18364,Asia,Bachelor's,Y,N,1566,2005,West,29491.07,Year,Y,Denied
EZYV14374,Asia,Master's,N,N,3802,1996,Midwest,26019.48,Year,Y,Certified
EZYV1448,Asia,Bachelor's,Y,Y,138,1817,Midwest,184236.83,Year,Y,Certified
EZYV14717,Europe,Bachelor's,N,Y,2350,1961,West,101282.28,Year,Y,Certified
EZYV21561,Asia,Doctorate,N,N,1868,2003,Northeast,94374.11,Year,Y,Certified
EZYV2460,Asia,Bachelor's,N,N,1896,1911,Northeast,6690.67,Year,Y,Denied
EZYV24459,North America,Bachelor's,N,N,559,2004,Northeast,84200.89,Year,N,Denied
EZYV9050,Europe,Master's,N,N,3275,1995,Northeast,108556.08,Year,Y,Certified
EZYV17672,Asia,High School,Y,Y,1534,2004,Island,66211.81,Year,Y,Certified
EZYV4581,Africa,Master's,Y,N,2123,1967,South,78850.48,Year,Y,Certified
EZYV9146,Asia,Bachelor's,Y,N,1168,2005,Northeast,91792.37,Year,Y,Certified
EZYV5994,Asia,Bachelor's,Y,N,3143,2001,Northeast,26946.53,Year,Y,Denied
EZYV13217,Europe,Doctorate,N,N,2498,2005,West,535.6644,Hour,Y,Denied
EZYV15594,South America,Bachelor's,Y,N,1771,2000,South,36079.12,Year,Y,Certified
EZYV15780,Asia,Bachelor's,Y,N,2231,1964,South,115082.46,Year,Y,Denied
EZYV20023,Asia,Master's,N,N,2960,2006,South,130600.27,Year,N,Denied
EZYV14198,Asia,Bachelor's,N,N,1406,1990,Northeast,567.0616,Hour,Y,Certified
EZYV11112,North America,Bachelor's,Y,Y,987,1961,South,64279.29,Year,Y,Denied
EZYV5208,North America,Bachelor's,Y,N,186,1983,South,872.5932,Hour,Y,Denied
EZYV6141,North America,Bachelor's,Y,N,2331,2013,Midwest,128792.45,Year,Y,Denied
EZYV11241,Asia,Master's,Y,N,2861,2014,West,52770.54,Year,Y,Certified
EZYV2382,North America,Doctorate,N,Y,566,1855,South,68050.18,Year,Y,Certified
EZYV19681,North America,Master's,Y,N,328,1986,West,232473.44,Year,Y,Denied
EZYV8103,Asia,Master's,N,N,227,1952,South,75897.88,Year,Y,Certified
EZYV21731,Asia,Bachelor's,N,N,1176,1998,Midwest,38163.44,Year,Y,Certified
EZYV15557,Asia,High School,Y,N,619,2007,South,47672.29,Year,Y,Denied
EZYV10242,Europe,Bachelor's,N,N,17647,1984,Northeast,96.6666,Hour,Y,Denied
EZYV1139,Asia,Bachelor's,N,N,4046,2003,West,175683.35,Year,Y,Denied
EZYV13028,Europe,Bachelor's,N,Y,1908,2001,West,2103.96,Year,Y,Certified
EZYV14398,Asia,Bachelor's,Y,N,818,2006,Midwest,127978.54,Year,Y,Denied
EZYV18868,Asia,Master's,Y,Y,1006,1931,South,735.97,Year,Y,Certified
EZYV24421,Asia,Bachelor's,N,N,449,2001,Midwest,163088.46,Year,Y,Certified
EZYV2161,North America,Bachelor's,N,N,3275,1941,West,96967.35,Year,Y,Denied
EZYV4620,Asia,Master's,N,N,2114,1968,Midwest,79217.68,Year,Y,Denied
EZYV11566,Europe,Doctorate,N,N,433,1978,Northeast,22053.1,Year,Y,Certified
EZYV14547,North America,Master's,Y,N,1276,1948,Northeast,38364.01,Year,Y,Denied
EZYV10913,Asia,Bachelor's,N,N,3590,2001,Northeast,50866.22,Year,Y,Certified
EZYV5148,Asia,High School,Y,N,3333,2006,South,136387.31,Year,N,Denied
EZYV11488,North America,Master's,Y,N,2193,1969,Northeast,66487.69,Week,Y,Denied
EZYV8704,Europe,Master's,N,N,3659,2005,Northeast,98850.38,Year,Y,Certified
EZYV23128,North America,Bachelor's,Y,N,3432,2000,Northeast,72042.5,Year,N,Denied
EZYV7785,North America,Master's,N,N,893,1900,Midwest,74972.65,Year,Y,Denied
EZYV13732,North America,Bachelor's,Y,N,458,1974,Northeast,127542.64,Year,Y,Certified
EZYV18203,North America,Master's,N,N,437,1977,West,54974.77,Year,N,Certified
EZYV1978,Asia,Master's,Y,N,1528,1996,Northeast,17879.08,Year,Y,Certified
EZYV25257,Asia,Bachelor's,N,Y,2364,2007,South,86689.64,Year,Y,Certified
EZYV16609,Asia,Bachelor's,N,N,1953,2009,Northeast,136.56,Hour,Y,Denied
EZYV3446,Asia,Master's,Y,N,188,1999,Midwest,82373.85,Year,Y,Certified
EZYV7744,South America,Master's,Y,N,2931,2004,West,85595.5,Year,N,Denied
EZYV18033,Asia,Master's,N,N,2793,2010,West,42600.98,Year,Y,Denied
EZYV18927,Europe,Master's,N,N,1500,1984,Midwest,91694.87,Year,Y,Certified
EZYV6232,Europe,Doctorate,N,N,2444,2014,South,60585.63,Year,Y,Certified
EZYV15491,Asia,Bachelor's,Y,N,477,1985,West,152087.14,Year,Y,Denied
EZYV18547,Europe,Bachelor's,Y,N,3638,1885,Northeast,124716.6,Year,Y,Certified
EZYV21938,Asia,Bachelor's,Y,N,1926,1931,South,165.0605,Hour,Y,Denied
EZYV24888,Asia,Bachelor's,Y,N,960,1998,Northeast,45917.6,Year,Y,Certified
EZYV18879,Asia,Master's,N,N,236,1993,West,56566.39,Year,Y,Denied
EZYV7461,Asia,Master's,N,N,603,1997,Midwest,59639.54,Year,Y,Certified
EZYV19240,Asia,Master's,Y,N,2297,2007,South,107026.9,Year,Y,Certified
EZYV18714,Asia,Master's,Y,N,733,2001,Northeast,45022.48,Year,Y,Certified
EZYV13768,Europe,Bachelor's,Y,N,58,2008,Northeast,68044.08,Year,Y,Certified
EZYV7811,Asia,High School,N,Y,3230,2004,West,127475.66,Year,Y,Denied
EZYV17199,Europe,Bachelor's,Y,N,9239,1837,West,78101.27,Year,Y,Denied
EZYV13050,North America,Bachelor's,N,N,2647,1959,Northeast,490.1982,Hour,Y,Certified
EZYV16730,Asia,Master's,N,N,3133,2007,West,127192.55,Year,Y,Certified
EZYV17484,Asia,Master's,N,N,1932,1998,Midwest,133719.74,Year,Y,Denied
EZYV1007,South America,High School,N,N,518,2001,Midwest,98771.74,Year,Y,Certified
EZYV12192,Asia,Master's,Y,N,3149,1909,Northeast,34037.56,Year,N,Denied
EZYV12954,Asia,High School,Y,N,1162,1994,Midwest,103061.14,Year,Y,Denied
EZYV14277,Asia,Master's,N,N,1571,1869,West,104987.55,Year,N,Denied
EZYV21136,Europe,Bachelor's,N,N,2000,2006,West,52082.06,Year,Y,Certified
EZYV17952,Asia,Master's,N,N,47001,2012,Midwest,32825.07,Year,Y,Certified
EZYV253,Asia,Bachelor's,Y,N,1667,2007,South,206941.23,Year,N,Certified
EZYV5753,Asia,Master's,N,Y,1768,1932,West,17592.44,Year,Y,Certified
EZYV101,Asia,Master's,Y,N,2227,2007,Northeast,28243.79,Year,Y,Certified
EZYV22857,Africa,Master's,N,N,922,1969,South,110254.58,Year,Y,Certified
EZYV2807,Asia,Doctorate,Y,N,2140,1958,South,87737.39,Year,Y,Certified
EZYV19178,Asia,Master's,Y,N,33101,2010,Northeast,96900.56,Year,Y,Certified
EZYV21158,Oceania,High School,Y,N,1333,2002,South,15412.09,Week,Y,Certified
EZYV22096,North America,Master's,N,N,36511,2013,South,115971.85,Month,Y,Denied
EZYV24079,Asia,Bachelor's,Y,N,2019,1928,Northeast,36822.17,Year,Y,Certified
EZYV7114,Asia,Master's,N,N,1009,1868,South,52162.0,Year,N,Certified
EZYV14830,Asia,Bachelor's,N,N,2637,2010,Northeast,101617.86,Year,Y,Certified
EZYV22403,Europe,Bachelor's,N,N,69015,2008,South,47675.74,Year,Y,Denied
EZYV1766,Asia,Master's,Y,N,4599,1996,Northeast,58325.49,Year,Y,Certified
EZYV19480,Asia,Bachelor's,N,Y,1355,1879,South,78210.61,Year,Y,Denied
EZYV11163,Europe,Bachelor's,Y,N,3253,2001,West,4882.17,Year,Y,Certified
EZYV3576,North America,High School,Y,N,24,2007,Northeast,58767.2,Year,N,Certified
EZYV2060,Asia,Master's,N,N,5473,2001,Midwest,126533.17,Year,Y,Certified
EZYV167,Asia,Bachelor's,Y,N,459,1998,Northeast,65894.51,Year,Y,Certified
EZYV2205,Asia,Bachelor's,Y,N,206,1999,West,81615.63,Year,Y,Certified
EZYV6395,Asia,Bachelor's,N,N,67550,1971,Midwest,77096.9,Year,Y,Denied
EZYV10985,Asia,High School,Y,N,450,1961,South,210178.49,Year,Y,Denied
EZYV25426,Asia,Master's,Y,N,358,1960,West,41827.63,Year,Y,Certified
EZYV3923,Asia,Master's,Y,N,105683,1998,South,118911.27,Year,Y,Certified
EZYV2635,Asia,Bachelor's,N,N,1702,2003,West,15668.32,Year,Y,Denied
EZYV25104,Asia,High School,Y,N,2380,2004,Island,64803.17,Year,Y,Denied
EZYV20528,Asia,Bachelor's,Y,N,30724,2012,Northeast,17278.62,Year,Y,Denied
EZYV13052,North America,Doctorate,Y,N,91451,2000,Northeast,101740.57,Year,Y,Certified
EZYV7950,North America,Master's,Y,N,1736,1883,Island,80960.95,Year,Y,Certified
EZYV19251,Asia,High School,N,N,3702,2008,Northeast,124129.32,Year,N,Denied
EZYV302,Asia,Master's,N,N,1312,1998,South,93644.47,Year,Y,Certified
EZYV22094,Asia,Master's,N,N,1418,1993,Midwest,104336.19,Year,N,Certified
EZYV21379,Asia,High School,Y,N,3700,2004,Northeast,14407.48,Year,Y,Certified
EZYV16890,Asia,Bachelor's,Y,N,4411,1965,Northeast,95176.6,Year,Y,Certified
EZYV16472,North America,Master's,Y,N,3710,2005,Northeast,26221.66,Year,Y,Certified
EZYV7859,Asia,High School,Y,N,15052,1999,South,94640.66,Year,Y,Denied
EZYV23919,Asia,Master's,N,N,2296,2000,Midwest,43775.31,Year,Y,Certified
EZYV15345,Asia,Master's,Y,Y,464,2001,West,124659.16,Year,Y,Certified
EZYV18402,Asia,Bachelor's,Y,N,4537,1968,Northeast,224523.8,Year,Y,Denied
EZYV11353,Asia,Master's,N,N,534,2012,South,135067.59,Year,N,Certified
EZYV19950,Asia,Master's,N,N,854,2001,South,227.8636,Hour,Y,Denied
EZYV11872,Asia,Master's,N,N,4184,2006,Midwest,180525.02,Year,Y,Certified
EZYV25168,Asia,Master's,N,N,4411,1997,Midwest,86670.84,Year,Y,Certified
EZYV19223,South America,Bachelor's,N,N,2631,2004,Midwest,158704.82,Year,Y,Denied
EZYV20871,Europe,Doctorate,N,N,1785,2000,Northeast,65475.15,Year,Y,Certified
EZYV10078,Asia,Bachelor's,Y,N,2234,1928,West,191173.78,Year,Y,Certified
EZYV7203,North America,Bachelor's,Y,N,1670,2008,Northeast,57615.09,Year,Y,Denied
EZYV22657,Europe,Doctorate,Y,N,1172,2011,Northeast,46438.71,Year,Y,Certified
EZYV4411,Asia,High School,Y,N,1346,1998,Island,162945.06,Year,Y,Denied
EZYV10073,Asia,Bachelor's,Y,N,165,1997,Northeast,93951.49,Year,Y,Certified
EZYV6425,Asia,Master's,Y,N,599,2013,Northeast,254275.73,Year,Y,Certified
EZYV2365,Asia,High School,N,N,2871,1880,Midwest,52313.04,Year,N,Certified
EZYV1798,Asia,Bachelor's,N,N,1899,1982,South,90669.22,Year,Y,Certified
EZYV13428,Asia,Master's,Y,N,1327,2006,Northeast,27141.02,Year,Y,Certified
EZYV14689,Europe,Doctorate,Y,N,2131,1919,West,29423.23,Year,Y,Certified
EZYV17772,Europe,Doctorate,N,N,1758,1990,Midwest,19196.84,Year,Y,Certified
EZYV8762,Asia,Bachelor's,Y,N,2621,2002,Northeast,53866.65,Year,Y,Denied
EZYV19564,Asia,Bachelor's,N,N,4128,1998,West,129924.38,Year,Y,Certified
EZYV2594,North America,Master's,N,N,1303,2010,Midwest,42608.2,Year,Y,Certified
EZYV11293,Asia,Bachelor's,Y,N,4682,2005,West,48990.93,Year,Y,Certified
EZYV23455,Asia,Master's,Y,N,865,2008,Midwest,270184.42,Year,Y,Certified
EZYV11630,Asia,Doctorate,N,N,2035,1987,South,50.2928,Hour,Y,Certified
EZYV1005,Asia,Master's,Y,N,2427,1989,South,121287.72,Year,N,Certified
EZYV16409,Asia,Bachelor's,Y,N,1111,1976,Midwest,235694.88,Year,Y,Certified
EZYV16538,Asia,Master's,Y,N,1389,1978,Midwest,112450.35,Year,Y,Certified
EZYV17412,Asia,Bachelor's,Y,N,3071,1984,Midwest,81977.5,Year,Y,Certified
EZYV651,Asia,High School,Y,N,2377,2006,South,48191.18,Year,Y,Certified
EZYV11128,Asia,Bachelor's,N,N,4990,2001,Northeast,132488.3,Year,Y,Certified
EZYV5431,Asia,Master's,Y,N,5710,1850,Northeast,57543.86,Year,Y,Certified
EZYV956,Oceania,Master's,N,N,17541,1986,Northeast,75224.53,Year,Y,Denied
EZYV6569,Europe,Master's,N,N,1580,2004,West,56974.24,Year,Y,Certified
EZYV18834,North America,Master's,Y,Y,840,1991,West,98516.63,Year,Y,Certified
EZYV7648,Africa,Master's,Y,N,851,2008,South,20239.6,Year,Y,Certified
EZYV3632,Asia,Doctorate,Y,N,2342,2001,West,112419.41,Year,Y,Certified
EZYV8814,South America,Bachelor's,N,Y,629,1892,West,48539.74,Year,Y,Certified
EZYV7309,Asia,Master's,N,N,260,1981,Midwest,123330.2,Year,Y,Certified
EZYV24251,Europe,Bachelor's,N,N,3736,1997,Northeast,136684.11,Year,Y,Certified
EZYV8947,Oceania,High School,N,N,4268,1962,Northeast,853.6152,Hour,Y,Certified
EZYV7786,Europe,High School,Y,N,135656,2009,West,21571.68,Year,Y,Denied
EZYV7390,Europe,Master's,N,N,2941,1990,West,83706.53,Year,Y,Certified
EZYV21626,Asia,Master's,Y,N,2300,1941,Midwest,157631.87,Year,N,Certified
EZYV6974,Asia,High School,Y,N,4213,1984,West,51551.22,Year,Y,Denied
EZYV22911,Asia,Bachelor's,Y,N,2066,1978,Midwest,149118.06,Year,Y,Certified
EZYV7907,Europe,Bachelor's,Y,N,192,1985,Northeast,24258.73,Year,Y,Denied
EZYV19829,North America,Master's,N,N,720,2004,Midwest,133530.75,Year,Y,Certified
EZYV10953,Europe,Bachelor's,Y,N,2732,1969,West,155571.5,Year,Y,Certified
EZYV11448,Asia,Bachelor's,N,Y,3578,2013,South,83708.98,Year,Y,Certified
EZYV15704,Europe,High School,N,N,280,1992,West,19040.92,Year,Y,Denied
EZYV21907,Asia,Bachelor's,Y,N,869,1991,South,83370.16,Year,Y,Certified
EZYV18622,North America,Master's,Y,N,2206,2011,Northeast,64686.17,Year,Y,Certified
EZYV9069,Asia,Bachelor's,Y,N,1698,2012,South,70771.7,Year,N,Certified
EZYV3439,Asia,Bachelor's,N,N,180,1999,Northeast,57257.37,Year,Y,Denied
EZYV16423,South America,Bachelor's,N,N,2574,2009,Northeast,880.1917,Hour,Y,Denied
EZYV24678,Asia,Bachelor's,N,N,1269,2001,Northeast,307.5542,Hour,Y,Certified
EZYV16687,Asia,High School,Y,N,603,1998,Midwest,95470.39,Year,Y,Certified
EZYV20162,Asia,Bachelor's,N,N,573,2010,South,134711.61,Year,Y,Certified
EZYV23975,North America,Master's,Y,N,2384,1965,Midwest,115864.35,Year,Y,Certified
EZYV12911,Asia,High School,Y,N,2603,1998,West,84919.52,Year,Y,Denied
EZYV911,Asia,Master's,N,N,7668,2005,South,95333.45,Year,Y,Certified
EZYV11789,Asia,Bachelor's,N,N,2061,1869,South,36369.52,Year,Y,Denied
EZYV16366,North America,Doctorate,Y,N,5119,1993,West,39339.88,Year,Y,Certified
EZYV1920,Asia,Bachelor's,N,N,4622,2005,South,98796.84,Year,N,Certified
EZYV10674,Asia,Master's,N,N,18801,2011,West,74133.15,Year,Y,Certified
EZYV16699,Asia,Bachelor's,Y,N,17568,2002,South,50511.84,Year,Y,Denied
EZYV19444,Asia,Bachelor's,N,N,4302,2011,South,78.6227,Hour,Y,Certified
EZYV23901,Asia,Bachelor's,N,N,2341,1965,Northeast,134.15,Hour,Y,Denied
EZYV21220,Europe,Master's,N,Y,780,1946,West,35224.9,Year,Y,Certified
EZYV23309,South America,Bachelor's,Y,N,5307,1849,Northeast,41794.14,Year,Y,Certified
EZYV1508,Europe,Master's,N,N,1424,1997,Midwest,32502.74,Year,N,Certified
EZYV15172,Asia,Master's,N,N,110,1995,Northeast,27174.9,Week,Y,Denied
EZYV7468,Europe,Master's,N,N,3565,1985,West,58332.48,Year,Y,Certified
EZYV710,Europe,Doctorate,N,N,298041,1963,South,37488.06,Year,Y,Certified
EZYV22573,Asia,Bachelor's,Y,N,4622,1907,Midwest,23890.6,Year,Y,Certified
EZYV23793,North America,Master's,N,N,2432,2004,Northeast,24586.71,Year,Y,Denied
EZYV477,North America,Doctorate,Y,N,467,1959,South,43697.94,Year,Y,Certified
EZYV4824,Asia,Master's,N,N,1777,2005,South,528.185,Hour,Y,Certified
EZYV2368,Europe,Bachelor's,N,N,3645,1970,Northeast,69341.97,Year,Y,Certified
EZYV25237,Asia,High School,Y,N,3606,2000,Midwest,144226.58,Year,Y,Denied
EZYV23881,Asia,Bachelor's,Y,N,25237,2004,Midwest,27836.82,Year,N,Certified
EZYV7654,Asia,Bachelor's,Y,N,18,2000,Northeast,110859.6,Year,Y,Denied
EZYV7282,Asia,High School,N,N,-14,2000,Midwest,58488.5,Year,Y,Denied
EZYV22605,Europe,Bachelor's,Y,N,513,1996,West,111533.56,Year,Y,Certified
EZYV7433,Asia,Bachelor's,N,N,5978,1886,West,69851.5,Year,N,Denied
EZYV464,Asia,Master's,Y,N,3267,2001,South,95560.45,Year,N,Certified
EZYV5291,Africa,Bachelor's,Y,N,1540,1914,Midwest,66941.49,Year,Y,Certified
EZYV8239,Asia,Master's,Y,N,4457,1988,Northeast,48075.79,Year,Y,Certified
EZYV22229,Africa,Bachelor's,Y,N,985,1988,Northeast,69719.8,Year,Y,Certified
EZYV153,Asia,High School,Y,N,255,2003,Northeast,412.3476,Hour,Y,Denied
EZYV14305,Asia,Master's,Y,N,795,1877,Midwest,152852.58,Year,Y,Certified
EZYV476,North America,Doctorate,Y,Y,1458,1999,South,88698.51,Year,Y,Certified
EZYV19039,Asia,Master's,Y,Y,347,1998,Northeast,94193.74,Year,Y,Denied
EZYV3546,Asia,Bachelor's,N,N,11503,1855,Northeast,253.253,Hour,Y,Denied
EZYV20965,North America,Master's,Y,N,390,2004,West,52227.34,Year,Y,Denied
EZYV1857,Asia,Bachelor's,N,N,4749,1985,Northeast,116878.97,Year,Y,Denied
EZYV5888,Europe,Bachelor's,N,Y,4679,2010,West,104521.64,Year,Y,Certified
EZYV14813,Asia,Master's,Y,N,2251,1968,Midwest,88110.88,Year,Y,Certified
EZYV10678,Asia,Bachelor's,Y,N,214,2008,Northeast,82253.08,Year,Y,Certified
EZYV19309,Asia,Master's,Y,Y,3230,1989,West,80292.42,Year,Y,Certified
EZYV16383,Asia,Bachelor's,N,N,2368,1989,West,73725.65,Year,Y,Certified
EZYV1355,Asia,Bachelor's,Y,N,1911,2002,Midwest,139279.24,Year,Y,Certified
EZYV13875,South America,Master's,Y,N,3216,1868,West,60176.69,Week,Y,Certified
EZYV1307,Asia,High School,Y,Y,923,1994,South,27050.91,Year,Y,Certified
EZYV10217,Asia,Bachelor's,N,N,1935,1906,West,64331.41,Year,Y,Denied
EZYV5624,Asia,Master's,N,N,1015,2009,Northeast,91519.8,Year,Y,Certified
EZYV12870,Asia,High School,Y,N,2981,2006,Northeast,110582.48,Year,Y,Denied
EZYV23670,Asia,High School,Y,Y,577,2004,South,80302.98,Year,Y,Certified
EZYV15522,Europe,Master's,Y,N,4530,1998,South,18496.9,Year,Y,Certified
EZYV7651,Asia,Bachelor's,Y,N,2548,2004,South,51012.42,Year,Y,Denied
EZYV4584,Europe,High School,N,Y,3350,1991,West,43939.01,Year,Y,Denied
EZYV24005,North America,Bachelor's,Y,N,558,1842,South,33279.57,Year,N,Certified
EZYV7464,Asia,Master's,N,N,885,1999,South,63208.76,Year,Y,Certified
EZYV20657,Asia,Master's,Y,N,3064,1971,West,68411.54,Year,Y,Denied
EZYV2567,Asia,Master's,Y,N,1574,2004,Midwest,150453.38,Year,Y,Certified
EZYV13645,Asia,Master's,Y,N,2860,2001,Midwest,83565.7,Year,Y,Certified
EZYV19611,North America,Master's,Y,N,605,2007,South,71424.74,Year,Y,Certified
EZYV20919,Asia,Bachelor's,N,N,4225,2005,Northeast,131.74,Hour,Y,Certified
EZYV22867,Europe,High School,N,Y,219,2006,Midwest,223062.79,Year,Y,Certified
EZYV7596,Asia,Master's,N,N,837,2002,West,124511.86,Year,Y,Certified
EZYV9906,North America,Bachelor's,N,N,381,1997,South,105.08,Hour,Y,Denied
EZYV3716,Asia,Doctorate,N,N,808,1863,South,109359.13,Year,Y,Denied
EZYV4156,Asia,Bachelor's,N,N,1103,1967,West,93666.52,Year,Y,Denied
EZYV7769,Asia,Master's,Y,N,478,1925,South,116879.66,Year,N,Certified
EZYV18384,Europe,Master's,N,N,4219,1977,West,22782.12,Year,Y,Certified
EZYV20946,Asia,Master's,Y,N,2115,1992,South,37157.58,Year,N,Certified
EZYV6894,Asia,Bachelor's,Y,N,2390,2013,West,85257.85,Year,N,Certified
EZYV134,Asia,Doctorate,Y,N,4289,2005,Midwest,19477.1,Year,Y,Certified
EZYV16067,South America,Bachelor's,N,N,828,1964,Northeast,745.163,Hour,Y,Certified
EZYV9039,Asia,Doctorate,Y,Y,5096,2004,West,46663.35,Year,Y,Certified
EZYV9979,Asia,Bachelor's,N,N,2805,2010,South,53164.44,Year,Y,Certified
EZYV575,Asia,Master's,Y,N,1726,1911,Midwest,70445.67,Year,Y,Certified
EZYV21997,Africa,Master's,N,Y,909,2011,Midwest,122181.7,Year,N,Denied
EZYV5925,Asia,High School,Y,N,2291,1978,South,138314.52,Year,Y,Denied
EZYV12735,Asia,High School,Y,N,3410,2004,West,61533.64,Year,Y,Denied
EZYV3985,North America,Bachelor's,Y,N,1005,1947,Northeast,253.0191,Hour,Y,Denied
EZYV8398,Asia,Bachelor's,Y,N,651,2010,West,429.5424,Hour,Y,Denied
EZYV2815,Asia,Bachelor's,Y,N,1901,1908,Island,119563.24,Year,Y,Certified
EZYV14650,Europe,Doctorate,Y,N,2212,1976,West,63037.47,Year,Y,Certified
EZYV10750,North America,Bachelor's,N,N,1432,2011,Midwest,131073.31,Year,Y,Denied
EZYV12814,Asia,Bachelor's,Y,N,653,1977,West,25806.64,Year,Y,Certified
EZYV3407,Asia,Bachelor's,Y,N,194,1980,Midwest,101056.54,Year,Y,Certified
EZYV7910,South America,High School,N,N,2769,1851,Northeast,228.3418,Hour,Y,Certified
EZYV12858,Asia,Master's,Y,N,745,1999,Midwest,248492.44,Year,Y,Certified
EZYV11031,Europe,Bachelor's,N,Y,2991,2001,South,87968.27,Year,Y,Certified
EZYV16043,Asia,Bachelor's,N,N,33156,2007,Northeast,45907.91,Year,Y,Certified
EZYV4347,Asia,Bachelor's,N,N,14061,1986,Midwest,145160.91,Year,Y,Denied
EZYV22383,Asia,Master's,Y,N,636,1970,South,40330.76,Week,Y,Denied
EZYV2746,Asia,Master's,Y,N,885,2007,Northeast,776.9489,Hour,Y,Certified
EZYV21926,Asia,Master's,N,N,4617,2011,Northeast,140927.71,Year,N,Certified
EZYV754,Asia,Bachelor's,N,N,3537,1998,Midwest,88664.77,Year,Y,Certified
EZYV24943,North America,Master's,Y,N,3377,1800,Northeast,96158.48,Year,N,Certified
EZYV19248,Asia,Bachelor's,Y,N,1474,2005,Island,138983.5,Year,N,Certified
EZYV5225,Asia,Bachelor's,N,N,25108,1976,Northeast,133661.33,Year,Y,Certified
EZYV19901,Asia,Bachelor's,Y,N,2864,2006,South,112293.12,Year,Y,Certified
EZYV19851,Asia,High School,Y,N,58550,1947,West,507.9233,Hour,Y,Certified
EZYV13074,Asia,High School,Y,N,2090,2001,Midwest,82958.83,Year,Y,Denied
EZYV6734,Asia,Master's,Y,N,381,1994,Midwest,9321.22,Year,Y,Certified
EZYV2482,Asia,Bachelor's,N,N,774,1994,West,208805.24,Year,Y,Denied
EZYV10299,North America,High School,N,Y,3397,2007,South,55377.76,Year,Y,Denied
EZYV7901,Europe,Bachelor's,Y,N,2852,2015,Northeast,26380.61,Year,Y,Certified
EZYV6961,Asia,Master's,N,N,3224,1991,West,70223.36,Year,Y,Certified
EZYV18816,Asia,Bachelor's,N,N,1640,2011,South,205406.04,Year,Y,Certified
EZYV25295,Asia,Master's,Y,N,1056,2013,Northeast,84647.66,Year,Y,Certified
EZYV25141,North America,Master's,N,N,2806,1984,West,52041.32,Year,Y,Certified
EZYV23412,Asia,Bachelor's,Y,N,1875,2005,South,90116.02,Year,Y,Certified
EZYV1876,Asia,Master's,N,N,1203,2003,West,25822.19,Year,Y,Denied
EZYV21914,Asia,Master's,N,N,3158,1948,South,28774.07,Year,Y,Certified
EZYV7443,Asia,Bachelor's,N,N,642,1991,Northeast,15284.23,Year,Y,Certified
EZYV17578,North America,Bachelor's,Y,N,81392,2010,South,86051.49,Year,Y,Certified
EZYV12912,Asia,Master's,Y,N,3426,1847,South,70683.05,Year,Y,Certified
EZYV9920,Asia,Bachelor's,Y,Y,1232,1992,Northeast,52181.5,Year,Y,Denied
EZYV5218,Asia,Bachelor's,Y,N,1443,1991,Northeast,81066.91,Year,Y,Certified
EZYV10897,Asia,Bachelor's,N,N,3062,2003,West,144745.09,Year,Y,Certified
EZYV15077,Asia,Bachelor's,N,N,575,1998,West,145.17,Hour,Y,Certified
EZYV6044,Asia,Bachelor's,Y,N,4383,1978,Northeast,57112.4,Year,Y,Certified
EZYV5237,Asia,Master's,Y,N,1457,1969,West,116055.35,Year,Y,Certified
EZYV23677,Asia,Bachelor's,N,N,2574,1987,South,147174.21,Year,Y,Denied
EZYV1130,North America,Master's,Y,N,4029,2000,South,98946.91,Year,Y,Certified
EZYV17499,Asia,Bachelor's,Y,N,1088,2009,Midwest,119423.4,Year,N,Certified
EZYV21614,Europe,Master's,N,N,103331,1983,West,47522.25,Year,Y,Certified
EZYV1471,Asia,High School,Y,N,1732,1977,South,185938.25,Week,Y,Certified
EZYV24128,Asia,Bachelor's,N,N,2551,2000,West,79434.65,Year,Y,Certified
EZYV8073,Asia,Bachelor's,Y,N,87,2004,Midwest,147080.44,Year,Y,Certified
EZYV2047,Europe,Master's,Y,N,766,1998,South,20945.64,Year,Y,Certified
EZYV8254,Asia,Bachelor's,N,N,1515,2001,Northeast,322.8046,Hour,Y,Denied
EZYV7197,Asia,Master's,Y,N,2253,1988,West,31145.4,Year,N,Certified
EZYV11110,Europe,High School,N,N,5284,1997,Northeast,47037.14,Year,Y,Denied
EZYV5009,Asia,Bachelor's,Y,N,1020,2008,South,70919.85,Year,Y,Denied
EZYV5305,Europe,Doctorate,Y,N,3044,1817,South,99378.24,Year,Y,Certified
EZYV24117,Asia,Bachelor's,N,Y,3310,2008,South,76668.14,Year,Y,Certified
EZYV1977,Asia,Bachelor's,Y,N,3146,2008,West,46635.58,Year,Y,Certified
EZYV342,Asia,Master's,Y,N,822,1838,Northeast,66711.21,Year,N,Certified
EZYV17530,North America,Bachelor's,Y,N,1320,2002,West,56963.64,Year,Y,Denied
EZYV1904,Asia,Bachelor's,Y,N,2543,2005,South,106939.28,Year,Y,Certified
EZYV23593,Africa,Bachelor's,Y,N,14866,1963,West,77104.74,Year,Y,Denied
EZYV8557,Asia,Bachelor's,Y,N,1316,1946,South,121968.71,Year,Y,Certified
EZYV7259,Asia,High School,N,N,3750,1996,Northeast,131309.08,Year,N,Denied
EZYV8968,Asia,Bachelor's,N,N,16752,2007,South,58703.59,Year,Y,Denied
EZYV17862,Asia,High School,N,N,271,1999,Northeast,255.7444,Hour,Y,Certified
EZYV12591,Africa,Master's,Y,N,1577,1856,Northeast,147609.83,Year,Y,Certified
EZYV9814,Asia,High School,Y,N,191,1994,Northeast,58.5331,Hour,Y,Denied
EZYV22730,Asia,Master's,Y,N,3326,1995,South,133574.03,Year,N,Certified
EZYV18123,Asia,Bachelor's,Y,N,5770,1999,South,30881.58,Year,Y,Certified
EZYV6993,Asia,Bachelor's,N,N,3347,2007,Northeast,104484.75,Year,Y,Certified
EZYV14845,Europe,Master's,N,N,7607,1976,Northeast,47732.03,Year,Y,Denied
EZYV6650,Europe,High School,Y,N,4696,1979,South,158709.54,Year,N,Denied
EZYV12602,Asia,Master's,Y,N,3606,2010,Northeast,58747.84,Year,Y,Certified
EZYV8990,Asia,Bachelor's,N,Y,548,2012,West,72555.4,Year,Y,Certified
EZYV12295,North America,Master's,N,N,1393,1970,West,5815.66,Year,Y,Denied
EZYV22230,Asia,Bachelor's,N,N,6074,2006,Northeast,122323.65,Year,N,Denied
EZYV12959,Asia,Bachelor's,Y,N,2408,1916,South,57382.84,Year,Y,Certified
EZYV23934,North America,Doctorate,N,Y,2943,1991,West,126150.37,Year,Y,Certified
EZYV12770,Asia,High School,N,N,2037,2009,Northeast,148653.92,Year,N,Denied
EZYV15684,Asia,Doctorate,N,N,3106,1954,Midwest,93860.01,Year,Y,Certified
EZYV13535,North America,Bachelor's,Y,N,6643,2001,Northeast,46022.69,Year,Y,Certified
EZYV4751,Asia,Master's,Y,N,1072,1974,South,47109.74,Year,Y,Certified
EZYV4237,Asia,Bachelor's,Y,N,3363,1991,South,71892.56,Year,Y,Certified
EZYV1972,Asia,Bachelor's,Y,N,3571,1998,South,147705.3,Year,Y,Certified
EZYV7832,Asia,Doctorate,N,Y,319,1968,Northeast,86152.52,Year,Y,Certified
EZYV21606,Asia,Bachelor's,Y,N,97391,1999,Northeast,25020.45,Year,Y,Certified
EZYV9616,Asia,Master's,N,N,4831,1847,Northeast,136405.21,Year,N,Certified
EZYV13754,Asia,Bachelor's,Y,Y,6097,2007,West,8806.68,Year,Y,Certified
EZYV21006,North America,Doctorate,Y,N,5774,1987,Northeast,24747.86,Year,Y,Denied
EZYV5248,Asia,Master's,Y,N,3564,1996,Midwest,100743.27,Year,Y,Certified
EZYV17989,Asia,Doctorate,N,N,1734,1962,South,12559.26,Year,Y,Denied
EZYV11599,Asia,Doctorate,N,Y,1731,2013,West,96488.7,Year,Y,Certified
EZYV7794,Europe,Bachelor's,N,N,2714,2001,Northeast,38627.38,Year,Y,Certified
EZYV15801,Asia,Master's,N,N,707,2008,South,161238.43,Year,Y,Certified
EZYV95,North America,Bachelor's,Y,N,2724,1998,South,69335.2,Year,Y,Certified
EZYV184,Asia,Master's,N,N,1929,2001,Midwest,100401.52,Year,Y,Certified
EZYV25330,Africa,Bachelor's,N,N,2172,1993,Northeast,32.9286,Hour,Y,Denied
EZYV17819,Asia,Bachelor's,Y,N,5580,1996,West,110204.37,Year,Y,Certified
EZYV11036,Europe,High School,N,N,4068,2011,South,56972.93,Year,Y,Denied
EZYV8737,Asia,Master's,N,N,4172,2007,West,88078.81,Year,Y,Certified
EZYV5745,Asia,Master's,N,Y,2904,1984,Northeast,120156.4,Year,N,Denied
EZYV19584,Asia,Master's,Y,N,2733,1999,Northeast,39442.97,Year,N,Certified
EZYV12396,Asia,Master's,Y,N,9105,2001,Midwest,100.0,Year,Y,Certified
EZYV14489,Asia,Master's,N,N,126,2005,West,58013.98,Year,Y,Denied
EZYV12564,Asia,Master's,N,Y,2574,2008,South,30179.16,Year,Y,Denied
EZYV7922,Asia,Bachelor's,Y,N,1540,1994,Northeast,76096.06,Year,Y,Certified
EZYV15708,Asia,Bachelor's,Y,N,1996,1995,South,118230.11,Year,Y,Certified
EZYV4141,Europe,High School,Y,N,441,1847,West,44445.61,Year,Y,Denied
EZYV22077,Asia,Bachelor's,Y,N,4359,1976,South,134602.8,Year,Y,Certified
EZYV3116,Asia,Master's,Y,N,2591,1997,Northeast,15137.56,Year,Y,Certified
EZYV2356,North America,Bachelor's,Y,N,707,1987,South,94869.9,Year,Y,Certified
EZYV20758,Asia,Master's,Y,N,965,2009,South,57182.37,Year,Y,Certified
EZYV25472,Asia,High School,N,N,40224,1962,Island,75587.42,Year,Y,Certified
EZYV1218,Asia,Doctorate,N,N,918,2000,Northeast,4928.68,Year,Y,Denied
EZYV18894,Asia,High School,N,Y,5299,2005,South,77567.79,Year,Y,Denied
EZYV16360,Asia,Master's,Y,N,3668,2007,Northeast,126684.93,Year,Y,Certified
EZYV17382,Europe,Master's,Y,Y,1155,2005,West,152114.69,Year,Y,Certified
EZYV5692,Asia,Bachelor's,Y,N,1587,1999,Midwest,62417.04,Year,Y,Denied
EZYV15034,North America,Master's,Y,N,3010,1998,West,32705.24,Year,Y,Denied
EZYV13921,North America,Master's,N,N,2832,1978,Northeast,146435.45,Year,N,Certified
EZYV23559,Asia,Bachelor's,Y,N,1339,2007,Northeast,94603.13,Year,N,Certified
EZYV7562,Europe,Bachelor's,N,Y,2684,1990,Northeast,74278.18,Year,Y,Certified
EZYV15207,North America,Master's,N,N,3745,1968,Northeast,140657.03,Year,N,Denied
EZYV15920,Asia,Bachelor's,Y,N,2891,1997,West,494.6279,Hour,Y,Denied
EZYV5725,Asia,Bachelor's,N,N,2251,2008,Midwest,62455.66,Year,Y,Certified
EZYV19335,Asia,Master's,Y,N,1902,2000,Midwest,101481.36,Year,Y,Certified
EZYV19320,North America,Bachelor's,N,N,4716,1988,West,82310.48,Year,Y,Certified
EZYV11020,Asia,High School,N,N,710,1928,Midwest,92290.35,Year,Y,Denied
EZYV9065,South America,Master's,N,N,126,1998,Northeast,29398.85,Year,Y,Certified
EZYV18527,Asia,Bachelor's,Y,N,3901,2001,South,124318.91,Year,Y,Certified
EZYV13247,Europe,High School,Y,N,150,2001,Northeast,7855.31,Year,Y,Denied
EZYV12723,Asia,High School,N,N,2938,1963,Northeast,123.7616,Hour,Y,Denied
EZYV5735,Europe,Master's,N,N,3486,2003,West,99470.77,Year,Y,Certified
EZYV24526,South America,Bachelor's,N,N,2075,1958,Northeast,612.6968,Hour,Y,Certified
EZYV24360,Asia,Master's,Y,N,3670,1920,Northeast,37269.49,Year,Y,Denied
EZYV22475,Europe,Master's,Y,N,59872,2004,West,93267.31,Year,Y,Certified
EZYV23035,Asia,Bachelor's,Y,N,2574,1886,Northeast,41875.04,Year,N,Denied
EZYV20176,Europe,Master's,N,N,2344,2007,West,2633.66,Year,Y,Certified
EZYV17534,Europe,Bachelor's,N,N,13510,1836,Northeast,53745.53,Year,Y,Certified
EZYV17737,Asia,Master's,Y,N,1295,1987,South,92362.64,Year,Y,Certified
EZYV9173,Asia,Bachelor's,Y,N,4255,2001,Northeast,615.4815,Hour,Y,Denied
EZYV11229,Europe,Bachelor's,Y,Y,2030,1997,South,222276.55,Year,Y,Certified
EZYV8233,Europe,Bachelor's,Y,Y,99,1996,West,42594.42,Year,Y,Certified
EZYV6086,Europe,Bachelor's,N,Y,3792,1989,South,59990.32,Year,Y,Denied
EZYV24397,North America,Bachelor's,N,Y,2205,1912,South,125757.81,Year,Y,Denied
EZYV8863,Europe,Master's,N,Y,1175,1994,South,153101.48,Year,Y,Denied
EZYV18787,Asia,High School,N,N,4046,1996,Midwest,125395.07,Year,Y,Denied
EZYV18719,North America,Master's,Y,N,3182,2012,West,141608.28,Year,Y,Certified
EZYV16859,Africa,Master's,Y,N,895,1953,Midwest,80909.11,Year,Y,Certified
EZYV5565,Europe,Master's,N,N,6016,1944,West,4715.47,Year,Y,Certified
EZYV14946,Europe,Bachelor's,N,Y,486,1998,Northeast,37664.08,Year,Y,Certified
EZYV24290,Asia,Bachelor's,N,N,1841,1998,Midwest,61148.23,Year,Y,Certified
EZYV10850,Asia,Bachelor's,Y,Y,20916,1999,South,129139.75,Year,Y,Denied
EZYV18929,Asia,High School,N,N,1560,1996,West,30542.17,Year,Y,Certified
EZYV9371,Asia,Bachelor's,N,N,772,2006,West,62643.14,Year,Y,Certified
EZYV15228,Asia,Master's,N,N,4389,2006,South,153949.11,Year,N,Denied
EZYV10384,North America,Doctorate,Y,N,4894,1968,Northeast,60934.98,Year,Y,Certified
EZYV7398,Asia,Doctorate,Y,N,1748,1998,Northeast,9659.52,Year,Y,Certified
EZYV15117,Europe,High School,Y,N,3006,2009,Northeast,25331.66,Year,Y,Denied
EZYV12386,Asia,Master's,Y,N,1841,1968,Northeast,14077.58,Year,Y,Certified
EZYV13238,Asia,High School,Y,N,5870,2011,Northeast,140996.5,Year,Y,Denied
EZYV2600,North America,High School,Y,N,732,1990,Midwest,102100.43,Year,N,Certified
EZYV13273,Asia,Master's,Y,N,360,1856,Midwest,152860.14,Year,Y,Certified
EZYV22412,Europe,Doctorate,Y,N,4470,2012,South,44092.49,Year,Y,Certified
EZYV14604,Asia,High School,Y,N,1599,1984,Northeast,108609.31,Year,Y,Denied
EZYV16284,Europe,High School,N,N,24069,1960,West,4080.68,Year,Y,Certified
EZYV8035,Asia,Bachelor's,Y,N,2601,2009,Midwest,7489.34,Year,Y,Certified
EZYV880,Asia,Master's,N,N,231,2004,Midwest,111021.08,Year,Y,Certified
EZYV10784,North America,Bachelor's,Y,N,2404,2007,Island,108299.04,Year,Y,Certified
EZYV2524,Asia,Doctorate,Y,N,5502,1977,Northeast,36947.26,Year,Y,Certified
EZYV18293,Asia,Master's,Y,N,1138,2009,Midwest,9374.51,Year,Y,Certified
EZYV14796,Asia,Master's,Y,N,877,2014,Northeast,888.1118,Hour,Y,Certified
EZYV10102,Asia,High School,N,N,2734,2007,Island,108627.23,Year,Y,Denied
EZYV9123,Europe,Master's,Y,N,1088,1981,South,18155.15,Year,Y,Certified
EZYV22982,North America,High School,Y,N,1282,1998,Northeast,62889.19,Year,Y,Certified
EZYV16782,Asia,Bachelor's,Y,N,5250,1999,Northeast,98889.07,Year,N,Certified
EZYV24872,North America,Master's,Y,N,2256,1981,South,34618.14,Year,N,Certified
EZYV1737,Asia,Bachelor's,Y,N,4789,2005,South,80751.0,Year,Y,Certified
EZYV13349,South America,Doctorate,N,N,346352,2005,South,14381.98,Year,Y,Certified
EZYV10324,Europe,Bachelor's,N,N,1656,2007,Northeast,32870.09,Year,Y,Certified
EZYV17413,Asia,Bachelor's,Y,N,5098,2002,West,97911.52,Year,Y,Certified
EZYV16610,North America,Master's,N,N,3485,2013,Midwest,44.9147,Hour,Y,Denied
EZYV11697,Asia,Bachelor's,Y,N,731,1997,Northeast,141852.44,Year,Y,Certified
EZYV21405,Asia,Bachelor's,N,N,32966,1924,South,84743.35,Year,Y,Certified
EZYV12227,Oceania,High School,Y,Y,4552,2008,West,146780.61,Year,Y,Denied
EZYV9967,Asia,High School,Y,N,2810,1999,West,96652.42,Year,Y,Denied
EZYV4698,North America,Bachelor's,Y,N,4488,1984,West,45234.32,Year,N,Certified
EZYV5287,Asia,Bachelor's,N,N,2957,1981,West,71213.76,Year,Y,Denied
EZYV12640,Asia,Master's,Y,N,216,2003,Northeast,63079.62,Year,Y,Certified
EZYV7989,North America,Bachelor's,N,N,483,1983,Northeast,154328.35,Year,Y,Denied
EZYV6032,Asia,Master's,Y,N,3810,1988,South,121831.05,Year,Y,Certified
EZYV7270,Asia,Doctorate,Y,N,1066,2001,Northeast,204.6484,Hour,Y,Certified
EZYV16966,Europe,High School,Y,Y,757,1984,South,142156.28,Year,Y,Denied
EZYV22353,Oceania,Master's,N,N,3126,2012,South,24.4888,Hour,Y,Denied
EZYV17743,Asia,Bachelor's,N,N,5460,1979,Northeast,68115.66,Year,Y,Denied
EZYV4191,Europe,Doctorate,N,Y,5295,1981,Northeast,8923.92,Year,Y,Certified
EZYV7940,South America,Bachelor's,N,N,664,2005,South,59789.05,Year,Y,Certified
EZYV24273,Asia,Bachelor's,N,N,3149,1998,Midwest,126569.38,Year,Y,Certified
EZYV13931,Asia,Bachelor's,Y,N,2475,1993,South,33408.6,Year,Y,Certified
EZYV16864,Europe,Bachelor's,N,N,696,2012,Northeast,202.5198,Hour,Y,Certified
EZYV5941,Europe,Bachelor's,Y,Y,3328,1978,Northeast,63455.68,Year,Y,Denied
EZYV7945,Asia,Doctorate,Y,N,1393,1996,South,147889.23,Year,Y,Certified
EZYV12973,Asia,Bachelor's,Y,Y,1021,1967,West,45112.14,Year,Y,Certified
EZYV4902,Asia,Master's,N,N,781,2003,West,78704.06,Year,Y,Certified
EZYV13612,Oceania,Bachelor's,Y,N,4587,2005,Northeast,295.9664,Hour,Y,Denied
EZYV14052,Asia,Bachelor's,Y,N,2727,2011,West,60834.42,Year,Y,Certified
EZYV13383,Asia,Master's,Y,N,2633,1998,Northeast,18359.9,Year,Y,Certified
EZYV8923,Asia,Bachelor's,Y,N,1024,1869,Northeast,54999.96,Year,Y,Denied
EZYV231,North America,High School,N,N,284,1982,West,808.582,Hour,Y,Denied
EZYV15316,Asia,Master's,N,N,1204,1987,South,124460.67,Year,Y,Certified
EZYV24565,Asia,Bachelor's,N,N,1653,1989,South,36794.0,Year,Y,Denied
EZYV19123,Asia,Master's,Y,N,16089,1951,South,958.758,Hour,Y,Certified
EZYV25466,North America,High School,N,N,2577,1995,South,481.2238,Hour,Y,Certified
EZYV24666,Asia,Bachelor's,N,N,3137,2000,Midwest,121651.37,Year,Y,Denied
EZYV25327,Asia,Master's,Y,N,470,1999,Northeast,717.5184,Hour,Y,Denied
EZYV24534,Asia,Bachelor's,N,N,1364,1980,West,143623.97,Year,Y,Certified
EZYV3844,Asia,Master's,Y,N,4050,1868,Midwest,19189.62,Year,Y,Certified
EZYV2577,Asia,Master's,Y,N,4041,2006,West,56544.67,Year,Y,Certified
EZYV1425,Asia,Bachelor's,N,N,3588,2001,West,86580.4,Year,Y,Denied
EZYV2142,Asia,Master's,Y,N,3825,1952,South,107973.44,Year,N,Certified
EZYV7251,Asia,Master's,Y,N,2555,1999,Northeast,72873.89,Year,Y,Certified
EZYV10450,Oceania,High School,N,N,28891,2000,West,116570.28,Year,Y,Denied
EZYV16839,Asia,Master's,Y,N,3204,2009,Midwest,82852.31,Year,Y,Certified
EZYV4371,Asia,Master's,N,N,2925,1949,Island,91060.12,Year,Y,Denied
EZYV3754,Asia,Master's,Y,N,5696,1985,South,32864.64,Year,Y,Certified
EZYV25234,Asia,Bachelor's,N,N,2590,1993,Northeast,28110.99,Year,Y,Denied
EZYV21378,Asia,Bachelor's,Y,N,245,1987,South,12580.88,Year,Y,Certified
EZYV10799,Asia,Bachelor's,N,N,68,2004,South,28485.5,Year,Y,Certified
EZYV11470,Asia,Doctorate,Y,N,4657,2008,South,59037.73,Year,Y,Certified
EZYV24168,Asia,Master's,Y,N,1224,2010,Midwest,97614.41,Year,N,Certified
EZYV843,Europe,Doctorate,N,Y,814,1834,Northeast,79908.73,Year,Y,Certified
EZYV7474,South America,Bachelor's,N,N,2222,1994,West,260.6671,Hour,Y,Certified
EZYV5918,Asia,Master's,Y,N,674,1989,Midwest,137454.84,Year,Y,Certified
EZYV3308,Asia,Bachelor's,Y,N,3880,1994,Midwest,119173.69,Year,Y,Certified
EZYV13473,Europe,Doctorate,N,N,294,1947,Northeast,38640.35,Year,Y,Certified
EZYV18377,Asia,High School,Y,N,18519,2010,West,49111.26,Year,Y,Certified
EZYV20118,Asia,Master's,Y,N,2988,2001,South,88375.8,Year,Y,Certified
EZYV9859,Asia,Master's,N,Y,442,1892,South,108494.44,Year,Y,Certified
EZYV541,Africa,Master's,Y,N,4506,1949,West,82793.8,Month,Y,Certified
EZYV8883,Asia,Bachelor's,N,N,4112,2009,Northeast,108900.54,Year,Y,Certified
EZYV23437,North America,Doctorate,Y,N,528,1993,South,134158.67,Year,N,Denied
EZYV6491,Asia,Master's,Y,N,3044,2001,South,94491.86,Year,Y,Certified
EZYV12503,Africa,Bachelor's,N,N,21480,1978,Northeast,969.9479,Hour,N,Denied
EZYV14418,Asia,Master's,Y,N,2729,1974,Northeast,103964.28,Year,Y,Certified
EZYV14223,Europe,Master's,N,N,2383,1901,South,41010.11,Year,Y,Certified
EZYV17910,Asia,Bachelor's,N,N,2898,1977,Northeast,802.4758,Hour,Y,Denied
EZYV9824,Asia,Master's,N,N,2706,1988,Northeast,112208.52,Year,N,Certified
EZYV2256,North America,High School,Y,N,3374,1998,South,57374.83,Week,Y,Certified
EZYV15171,Asia,Doctorate,Y,N,5414,2004,South,30092.42,Year,Y,Certified
EZYV9886,Asia,Master's,N,N,1045,1971,Northeast,144167.16,Year,N,Certified
EZYV6708,Asia,Bachelor's,Y,N,639,2003,Northeast,80272.86,Year,Y,Certified
EZYV19959,Asia,Master's,N,N,1661,1933,South,113335.4,Year,Y,Certified
EZYV14765,South America,High School,N,N,2027,1998,Northeast,22510.58,Year,Y,Denied
EZYV3027,Asia,Master's,N,N,77234,1986,Midwest,99562.49,Year,N,Denied
EZYV25192,Asia,Master's,N,N,4983,2005,Midwest,280482.51,Year,Y,Denied
EZYV25209,Asia,Master's,Y,N,2537,2011,Midwest,32850.13,Year,Y,Certified
EZYV16421,North America,Master's,N,N,4257,2001,South,37650.02,Year,Y,Denied
EZYV16368,Asia,Master's,N,N,3485,1968,South,141301.13,Year,N,Certified
EZYV21407,Asia,Master's,N,N,1715,1967,Midwest,97218.16,Year,Y,Certified
EZYV15044,Asia,Master's,N,N,709,2007,Midwest,562.492,Hour,N,Denied
EZYV523,Asia,Master's,N,N,59095,1998,Island,131023.37,Year,Y,Denied
EZYV22344,Asia,Master's,Y,N,595,1969,South,154789.23,Year,N,Certified
EZYV3850,Asia,Bachelor's,Y,N,705,1989,Northeast,29979.87,Year,Y,Denied
EZYV16764,Asia,Bachelor's,Y,N,1564,1984,Midwest,78723.58,Year,Y,Certified
EZYV15236,Africa,Master's,Y,N,14436,1998,West,87348.37,Year,Y,Certified
EZYV19143,Asia,Bachelor's,Y,N,1355,1997,South,14119.05,Year,Y,Certified
EZYV4731,Asia,Bachelor's,Y,N,551,1947,South,80199.21,Year,Y,Denied
EZYV18346,Asia,Doctorate,N,N,2536,1978,South,62342.02,Year,Y,Denied
EZYV10576,Asia,Bachelor's,Y,N,1214,2005,South,140350.29,Year,N,Certified
EZYV13231,Europe,Master's,N,N,3709,1919,Northeast,535.9371,Hour,Y,Denied
EZYV21839,Africa,High School,Y,N,902,2005,Northeast,68955.42,Year,Y,Certified
EZYV9987,Asia,Bachelor's,N,N,3156,1958,South,211405.6,Year,Y,Denied
EZYV17566,Asia,High School,N,N,4011,2005,Midwest,85140.32,Year,Y,Certified
EZYV19740,Asia,Master's,N,N,4892,1975,West,79154.58,Year,Y,Denied
EZYV8017,Europe,Master's,Y,N,1914,1992,South,79855.38,Year,Y,Certified
EZYV24626,Asia,Bachelor's,Y,Y,2936,1942,West,62084.11,Year,Y,Certified
EZYV4547,Asia,Master's,Y,N,62,1901,Midwest,82990.33,Year,Y,Certified
EZYV19878,North America,Master's,Y,N,2175,1972,Midwest,103805.36,Year,N,Denied
EZYV19869,North America,Master's,Y,N,1653,1946,Northeast,9813.66,Year,Y,Certified
EZYV13302,Europe,Bachelor's,N,N,2612,1969,South,84618.69,Year,Y,Certified
EZYV12208,Asia,Master's,N,N,3781,1984,South,102892.21,Year,N,Certified
EZYV18302,Asia,Master's,N,N,159,1959,West,619.6316,Hour,Y,Denied
EZYV19272,Asia,Bachelor's,Y,Y,1188,1998,Midwest,115424.29,Year,Y,Denied
EZYV16976,Asia,Bachelor's,N,N,2291,2007,West,137.57,Hour,Y,Certified
EZYV24867,Asia,Bachelor's,Y,N,2527,2003,Northeast,59199.04,Year,Y,Certified
EZYV1364,Asia,Bachelor's,N,N,2138,1969,South,139057.45,Year,Y,Certified
EZYV20631,Europe,Doctorate,Y,N,3398,1990,West,24680.55,Year,Y,Certified
EZYV18592,Asia,Master's,N,N,2114,1925,Northeast,150340.36,Year,Y,Certified
EZYV1462,Europe,Master's,Y,N,3263,1975,Northeast,35823.47,Year,Y,Certified
EZYV10481,Asia,Bachelor's,Y,N,1930,2002,Northeast,121702.54,Year,Y,Certified
EZYV20357,Asia,Bachelor's,Y,N,874,1878,West,3887.63,Year,Y,Certified
EZYV23630,Asia,Bachelor's,Y,N,4545,2005,South,67266.28,Year,Y,Certified
EZYV4239,Europe,Doctorate,Y,N,3354,2000,Northeast,6558.09,Year,Y,Certified
EZYV17896,Asia,Bachelor's,N,N,1810,1858,Northeast,53261.01,Year,Y,Certified
EZYV10842,Asia,Bachelor's,N,Y,2485,2012,South,129987.35,Year,Y,Certified
EZYV23518,Asia,Doctorate,Y,N,1669,1971,West,56453.69,Year,Y,Certified
EZYV10517,North America,High School,Y,N,220,2008,West,207632.04,Year,N,Denied
EZYV24188,Europe,High School,N,Y,1656,1987,West,95074.95,Year,Y,Certified
EZYV19587,Asia,High School,Y,N,3047,2005,Midwest,40080.63,Year,Y,Denied
EZYV8548,Asia,Bachelor's,Y,N,2400,1991,South,110549.25,Year,Y,Certified
EZYV20072,Asia,Bachelor's,N,N,3890,1998,West,38649.8,Year,Y,Certified
EZYV4497,Europe,Bachelor's,Y,N,5394,2001,South,53809.81,Year,Y,Certified
EZYV13212,South America,Master's,N,N,567,2005,West,87458.58,Year,Y,Certified
EZYV17795,Asia,Master's,Y,N,20890,1978,Northeast,23656.43,Month,Y,Certified
EZYV6856,Asia,High School,Y,N,1135,2008,Northeast,207.1837,Hour,Y,Denied
EZYV9959,Asia,Bachelor's,Y,N,2097,2008,Northeast,109333.12,Year,Y,Certified
EZYV10161,Asia,Bachelor's,Y,N,12153,1997,West,73686.8,Year,Y,Certified
EZYV11504,Asia,Master's,Y,N,3840,1986,Midwest,44684.84,Year,N,Denied
EZYV24967,Europe,Bachelor's,Y,N,5169,2012,West,56015.64,Year,Y,Certified
EZYV13629,Africa,High School,Y,N,16,2012,Island,116642.32,Year,Y,Denied
EZYV15186,North America,High School,Y,N,20463,1943,Northeast,40058.99,Year,Y,Denied
EZYV23133,North America,Master's,N,N,3959,2004,Northeast,964.6623,Hour,Y,Denied
EZYV4936,North America,Bachelor's,N,N,5384,1849,Midwest,37713.78,Year,Y,Certified
EZYV2951,Asia,Bachelor's,Y,N,3411,2010,West,28964.08,Year,Y,Certified
EZYV2690,Asia,Master's,Y,N,5744,2001,South,78398.49,Year,Y,Certified
EZYV17393,Asia,Bachelor's,Y,N,1252,2013,Northeast,60871.66,Year,Y,Certified
EZYV816,Europe,Bachelor's,Y,N,2573,1999,West,82110.68,Year,Y,Denied
EZYV12349,North America,Master's,Y,N,4255,2007,South,127856.8,Year,N,Certified
EZYV11693,Europe,High School,Y,N,1419,2009,Midwest,84773.61,Year,Y,Denied
EZYV23971,Asia,High School,Y,N,1060,1956,South,211092.9,Year,N,Certified
EZYV24409,Asia,High School,Y,N,1537,2002,Northeast,63257.58,Year,Y,Certified
EZYV13627,Asia,Doctorate,N,N,2480,1990,Midwest,97897.34,Year,Y,Certified
EZYV19111,Asia,Master's,Y,N,16049,1967,South,101707.32,Year,Y,Certified
EZYV19941,Asia,Bachelor's,N,Y,1172,2004,South,40723.14,Year,Y,Denied
EZYV9001,Asia,Master's,N,N,11928,1998,Northeast,251.8984,Hour,Y,Certified
EZYV13330,Europe,Doctorate,N,N,4186,1931,Midwest,7322.05,Year,Y,Certified
EZYV22339,Asia,Bachelor's,Y,N,2414,1973,Northeast,103320.8,Year,N,Denied
EZYV4357,Asia,Master's,Y,N,83839,1974,West,89260.33,Year,Y,Certified
EZYV5180,Asia,Bachelor's,N,N,3725,1878,West,56862.79,Year,Y,Denied
EZYV16949,Asia,Bachelor's,N,N,1670,1986,South,25386.71,Year,Y,Denied
EZYV18602,Asia,Bachelor's,Y,N,597,2011,West,84829.33,Year,Y,Certified
EZYV6606,Asia,Bachelor's,Y,N,156,1992,South,89470.3,Year,Y,Certified
EZYV17563,Asia,Bachelor's,Y,N,1531,2004,Northeast,221524.92,Year,Y,Certified
EZYV10294,Asia,High School,N,Y,1971,1986,Northeast,89166.48,Year,Y,Denied
EZYV19454,Europe,Bachelor's,N,N,3110,1996,West,128547.56,Year,Y,Certified
EZYV12243,Asia,Master's,Y,N,147945,1996,South,132194.35,Year,Y,Certified
EZYV770,Europe,High School,N,N,3615,2012,West,141020.04,Year,Y,Denied
EZYV6162,North America,Master's,Y,N,3804,2002,Midwest,122898.11,Year,Y,Certified
EZYV20139,Asia,Bachelor's,Y,N,4978,1999,Midwest,33117.84,Year,Y,Denied
EZYV3888,Asia,Master's,N,N,1597,1988,South,102003.6,Year,Y,Denied
EZYV24097,Asia,High School,N,N,376,2003,Midwest,154251.91,Year,Y,Denied
EZYV25070,Asia,Master's,N,N,814,2009,Midwest,112876.34,Year,Y,Certified
EZYV12177,Oceania,Master's,Y,N,1131,2001,South,341.8027,Hour,Y,Certified
EZYV8101,North America,Bachelor's,Y,N,2970,2001,South,122771.52,Year,Y,Certified
EZYV17932,Asia,Master's,N,N,96,2007,Northeast,141461.62,Year,Y,Certified
EZYV10055,Oceania,Bachelor's,N,Y,29201,1913,Northeast,65130.99,Year,Y,Certified
EZYV11291,Asia,Master's,Y,N,621,1985,Midwest,100448.17,Year,Y,Certified
EZYV22892,Asia,Bachelor's,Y,N,4940,2008,Northeast,37015.54,Year,Y,Certified
EZYV23297,Europe,Bachelor's,Y,Y,758,2000,Island,95057.67,Year,Y,Certified
EZYV15607,Europe,Bachelor's,Y,Y,1716,2004,West,16435.33,Year,Y,Denied
EZYV1520,Asia,Bachelor's,Y,N,2836,2011,South,45238.99,Year,Y,Certified
EZYV2511,Asia,Master's,Y,N,414,1999,Northeast,86288.45,Year,Y,Certified
EZYV1874,Europe,Master's,Y,N,927,1997,West,82908.47,Year,Y,Certified
EZYV16825,Asia,Master's,Y,Y,46563,1911,West,22018.03,Year,Y,Certified
EZYV8635,Asia,Bachelor's,Y,N,183,1860,Midwest,110838.69,Year,Y,Certified
EZYV23637,Asia,Bachelor's,Y,N,1767,1978,Northeast,4485.11,Year,Y,Certified
EZYV11795,Europe,Bachelor's,Y,N,2535,1991,Northeast,51451.98,Year,Y,Certified
EZYV2045,Asia,Bachelor's,N,N,2998,1998,West,4043.55,Year,Y,Denied
EZYV7167,Europe,Master's,N,N,5253,1985,West,90522.62,Year,Y,Certified
EZYV9617,North America,High School,N,N,352,1996,South,91410.91,Year,N,Denied
EZYV18978,Africa,Doctorate,Y,N,4178,1877,Northeast,108755.07,Year,Y,Certified
EZYV11608,Asia,Master's,N,N,1624,1988,West,46037.92,Year,N,Certified
EZYV25116,Asia,High School,N,N,5201,2007,Midwest,74426.52,Year,Y,Denied
EZYV11897,Asia,Master's,N,N,1606,2010,West,126516.39,Year,Y,Certified
EZYV3936,Europe,High School,Y,N,697,2003,South,48383.19,Year,Y,Denied
EZYV7661,North America,Master's,Y,N,5105,1968,South,48590.17,Year,Y,Certified
EZYV8526,Asia,Bachelor's,N,N,228,1968,Midwest,100023.97,Year,Y,Certified
EZYV9214,North America,Bachelor's,N,N,2836,1855,West,102728.4,Year,Y,Denied
EZYV10237,Asia,Master's,Y,N,2121,2007,Island,4890.41,Year,Y,Certified
EZYV11724,Asia,Doctorate,N,N,1744,1894,South,759.4199,Hour,Y,Certified
EZYV18970,Asia,High School,N,N,6146,2011,Northeast,75313.75,Year,Y,Certified
EZYV15320,Europe,Doctorate,Y,N,704,2011,West,64385.47,Year,Y,Certified
EZYV18089,Asia,Master's,Y,N,52,2006,Northeast,62327.78,Year,N,Certified
EZYV1170,North America,Bachelor's,Y,N,4069,1994,West,50088.69,Year,Y,Certified
EZYV20925,Asia,Master's,Y,N,8899,1954,Northeast,121010.56,Year,Y,Denied
EZYV12529,Asia,Bachelor's,N,N,2693,2006,Midwest,150371.94,Year,Y,Certified
EZYV22323,Asia,Bachelor's,Y,N,1682,2000,Midwest,30174.12,Year,Y,Certified
EZYV4968,Asia,Master's,N,N,1647,1996,Northeast,1626.14,Year,N,Certified
EZYV1430,Asia,Bachelor's,Y,N,2326,2004,Northeast,47422.78,Year,Y,Certified
EZYV17510,Asia,Bachelor's,Y,N,2751,2014,South,52361.06,Year,Y,Denied
EZYV1722,Asia,Master's,Y,Y,1852,1954,South,77908.95,Year,Y,Certified
EZYV1896,Asia,High School,Y,N,4520,2008,South,23183.23,Year,Y,Certified
EZYV24507,Asia,Bachelor's,Y,N,3871,2007,South,24589.83,Year,Y,Denied
EZYV14654,Asia,High School,Y,N,882,1996,South,40855.37,Year,Y,Denied
EZYV11429,North America,Bachelor's,Y,N,2683,2007,Northeast,98593.73,Year,Y,Denied
EZYV24337,Asia,Bachelor's,Y,N,4591,1997,South,62676.05,Year,Y,Certified
EZYV10883,Europe,High School,N,N,1468,1994,Northeast,10772.92,Year,Y,Denied
EZYV21630,Asia,Master's,Y,N,1897,2009,Northeast,108751.58,Year,Y,Certified
EZYV4493,Asia,High School,Y,N,3459,2006,Northeast,126884.34,Year,N,Denied
EZYV24066,South America,Master's,Y,N,2080,1992,West,32259.72,Year,Y,Certified
EZYV5865,Asia,Master's,N,N,2428,1997,Northeast,42929.42,Year,Y,Certified
EZYV15101,Asia,High School,N,N,12650,1980,Midwest,104498.49,Year,Y,Denied
EZYV10578,Asia,Bachelor's,Y,N,1635,1979,West,75728.04,Year,Y,Denied
EZYV14931,Asia,Master's,N,N,4233,1857,West,37763.22,Year,Y,Certified
EZYV6105,Asia,Bachelor's,Y,Y,11435,1971,Northeast,84525.91,Year,Y,Certified
EZYV13616,Oceania,Bachelor's,Y,N,22618,2003,West,64219.17,Year,Y,Denied
EZYV22591,Europe,High School,Y,N,3822,1992,Northeast,112220.65,Year,Y,Certified
EZYV8317,Asia,High School,N,N,1549,2001,Northeast,330.9405,Hour,N,Denied
EZYV8525,Asia,Bachelor's,Y,N,1552,2004,Northeast,932.1547,Hour,Y,Denied
EZYV18059,South America,Master's,Y,N,2474,1997,Northeast,336.7477,Hour,Y,Denied
EZYV11766,Europe,Master's,Y,N,3035,1987,Northeast,35299.63,Year,Y,Certified
EZYV20136,North America,Master's,N,N,30305,2007,West,49365.93,Year,Y,Denied
EZYV19346,Asia,Master's,Y,N,688,2005,Northeast,43522.78,Year,Y,Certified
EZYV24324,Asia,High School,N,N,3214,1984,West,61799.7,Year,Y,Certified
EZYV13566,Asia,Bachelor's,N,N,1247,2006,South,80520.19,Year,Y,Denied
EZYV15287,Asia,Bachelor's,Y,N,3097,1984,West,20825.5,Year,Y,Certified
EZYV2427,Europe,High School,Y,N,3416,2001,South,73092.04,Year,Y,Certified
EZYV19264,Asia,Master's,Y,N,773,1946,South,267189.12,Year,Y,Certified
EZYV6377,Asia,Bachelor's,Y,N,3646,1998,South,12970.99,Year,Y,Certified
EZYV17134,Asia,Bachelor's,N,N,2287,2006,Northeast,953.2094,Hour,Y,Denied
EZYV17374,Asia,Bachelor's,Y,N,2644,2002,Midwest,17707.11,Year,Y,Certified
EZYV14000,Africa,Bachelor's,N,N,3347,2000,Northeast,625.4359,Hour,Y,Denied
EZYV3571,Asia,Bachelor's,N,N,759,1936,West,85562.6,Year,Y,Denied
EZYV14713,Asia,Master's,N,N,6103,1971,West,84155.53,Year,Y,Certified
EZYV157,Asia,Master's,Y,N,5147,1997,Northeast,6256.18,Year,Y,Certified
EZYV415,Europe,Doctorate,N,N,4651,1938,South,12367.86,Year,Y,Certified
EZYV16339,Asia,Master's,Y,N,1899,2002,Northeast,117.72,Hour,Y,Certified
EZYV24352,Asia,Bachelor's,Y,N,4564,2001,South,96684.13,Year,Y,Certified
EZYV2480,Asia,Bachelor's,Y,Y,239,1999,Midwest,28216.59,Year,Y,Certified
EZYV7682,South America,High School,Y,N,2945,1995,Northeast,50289.88,Year,Y,Certified
EZYV21314,Asia,Bachelor's,N,N,939,1998,South,39938.1,Year,Y,Certified
EZYV13818,Asia,Doctorate,N,Y,2640,2006,South,129715.62,Year,Y,Certified
EZYV4336,North America,Master's,N,N,3792,1982,Northeast,144172.85,Year,N,Denied
EZYV7824,Oceania,Master's,N,N,4565,2006,Midwest,90630.17,Year,Y,Certified
EZYV11748,Asia,Master's,Y,N,428,1995,Midwest,51238.52,Year,Y,Certified
EZYV22528,Asia,Master's,Y,N,2419,1939,South,81355.54,Year,N,Denied
EZYV2687,Asia,Doctorate,Y,N,4444,2004,Northeast,62675.26,Year,Y,Certified
EZYV14381,Asia,Master's,Y,N,851,1985,South,92861.52,Year,Y,Certified
EZYV12592,South America,Bachelor's,N,N,3850,1994,Midwest,942.7061,Hour,Y,Denied
EZYV5586,North America,Bachelor's,N,N,4090,2002,West,51255.9,Year,Y,Denied
EZYV3658,Asia,Bachelor's,Y,N,2421,1993,West,75323.17,Year,Y,Certified
EZYV6924,Europe,Bachelor's,N,N,2204,1912,South,142.82,Hour,Y,Certified
EZYV24316,Asia,Bachelor's,Y,N,579,1977,South,41470.34,Year,Y,Certified
EZYV25160,Asia,Master's,N,N,205,1946,South,196608.35,Year,Y,Certified
EZYV10271,Europe,Doctorate,Y,N,770,2012,Northeast,72067.59,Year,Y,Certified
EZYV24902,Asia,Master's,Y,N,1140,1984,Northeast,110682.93,Year,Y,Certified
EZYV6529,Asia,Master's,N,N,1250,1998,Northeast,125470.03,Year,Y,Certified
EZYV22849,Europe,Doctorate,Y,N,2283,2010,West,167736.17,Year,Y,Certified
EZYV18324,Oceania,Bachelor's,Y,N,2425,1993,West,121203.58,Year,Y,Denied
EZYV7225,Europe,Doctorate,N,N,-25,1998,Midwest,141435.95,Year,Y,Certified
EZYV18189,Asia,Bachelor's,N,N,3051,1972,Northeast,98180.29,Year,Y,Denied
EZYV11773,Europe,High School,N,Y,1691,1987,Northeast,92137.75,Year,Y,Denied
EZYV14938,North America,Master's,N,N,1960,1984,South,65672.81,Year,Y,Certified
EZYV10871,Asia,Master's,N,N,2428,2004,West,73667.37,Year,Y,Certified
EZYV11996,Asia,Master's,Y,N,281,2005,South,30060.73,Year,N,Denied
EZYV20016,Asia,Bachelor's,Y,N,1907,1997,South,29910.13,Year,Y,Denied
EZYV7399,Asia,Master's,N,N,469,1993,South,117.42,Hour,Y,Certified
EZYV9395,North America,Master's,Y,N,2927,2010,South,24475.84,Year,Y,Certified
EZYV19671,Asia,Doctorate,Y,N,40733,2006,South,74292.73,Year,Y,Certified
EZYV4376,Asia,Master's,Y,N,1837,2000,South,43769.73,Year,Y,Certified
EZYV1698,North America,Doctorate,Y,N,389,2009,Midwest,60040.55,Year,Y,Certified
EZYV1200,Asia,Bachelor's,Y,N,3408,1930,Midwest,67744.54,Year,N,Certified
EZYV3853,North America,Bachelor's,Y,N,1148,2003,Northeast,37999.89,Year,Y,Certified
EZYV6705,Asia,Doctorate,Y,N,2391,2001,Midwest,157163.1,Year,Y,Certified
EZYV1181,Africa,Master's,Y,N,3771,2003,West,123870.96,Year,Y,Certified
EZYV14210,Asia,Master's,Y,N,3458,1997,South,29668.82,Year,N,Certified
EZYV13321,Asia,Master's,Y,N,4150,1933,Midwest,99147.4,Year,Y,Certified
EZYV8624,South America,Bachelor's,N,N,2872,2003,South,105011.12,Year,Y,Certified
EZYV20594,Europe,Master's,N,N,50854,2006,South,56956.33,Year,Y,Certified
EZYV8544,Europe,Master's,Y,N,630,1997,Northeast,52832.65,Year,Y,Certified
EZYV11814,Asia,High School,N,N,254,1996,West,235429.79,Year,Y,Denied
EZYV9240,Asia,Bachelor's,N,Y,1008,2007,South,76168.88,Year,Y,Certified
EZYV18305,Asia,Bachelor's,Y,N,649,2005,West,5597.36,Year,Y,Certified
EZYV9330,Asia,High School,N,N,2644,2000,Midwest,61499.17,Year,Y,Denied
EZYV20170,Europe,Bachelor's,N,N,18551,1984,West,85581.84,Year,Y,Certified
EZYV20250,North America,Master's,Y,N,4725,2010,Northeast,19987.93,Year,Y,Certified
EZYV8223,Asia,Bachelor's,Y,N,2763,2003,West,32309.28,Year,Y,Denied
EZYV21337,Asia,Bachelor's,Y,N,3352,2003,Midwest,90753.13,Year,Y,Denied
EZYV23232,Europe,Bachelor's,N,N,387,2011,Northeast,79574.54,Year,Y,Denied
EZYV24393,Asia,High School,Y,N,622,2005,Midwest,40902.08,Year,Y,Certified
EZYV23602,North America,Bachelor's,Y,N,1332,1995,West,111715.46,Year,Y,Denied
EZYV13027,Asia,Doctorate,Y,N,947,1946,South,151275.66,Year,Y,Certified
EZYV21046,Asia,Bachelor's,Y,N,3342,2004,Northeast,51414.73,Year,Y,Certified
EZYV13782,Asia,Bachelor's,Y,Y,4133,2004,West,93650.85,Year,Y,Certified
EZYV15095,Asia,Master's,Y,N,464,2011,Northeast,112882.96,Year,Y,Certified
EZYV1100,Oceania,High School,Y,N,786,2008,West,115097.54,Year,Y,Certified
EZYV1569,Asia,Master's,Y,N,4495,2006,South,46366.46,Year,Y,Certified
EZYV8069,Asia,Bachelor's,Y,N,53821,2009,South,136104.43,Year,Y,Certified
EZYV12826,Asia,Master's,Y,Y,4791,2008,South,143954.65,Year,Y,Denied
EZYV11254,Asia,Master's,N,N,725,2005,South,22518.04,Year,Y,Certified
EZYV19872,Asia,Master's,Y,N,3147,2008,Midwest,97101.9,Year,Y,Certified
EZYV23556,Asia,Bachelor's,Y,N,2019,2013,South,28262.13,Year,Y,Denied
EZYV18241,Europe,Bachelor's,Y,Y,628,2011,South,45735.99,Year,Y,Certified
EZYV3444,Asia,Bachelor's,Y,N,3639,1994,West,84724.28,Year,Y,Certified
EZYV21610,Asia,Master's,Y,N,1457,2012,South,31696.89,Year,Y,Certified
EZYV12966,North America,Master's,N,N,2041,2006,South,6437.77,Year,N,Denied
EZYV1602,North America,High School,Y,N,322,2013,Northeast,634.1042,Hour,Y,Certified
EZYV9495,North America,Bachelor's,Y,Y,197,1976,Northeast,142696.27,Month,Y,Certified
EZYV6102,Asia,Bachelor's,Y,N,5313,2009,South,147213.92,Year,Y,Certified
EZYV1804,Asia,Master's,Y,N,32503,1925,South,44555.12,Year,Y,Certified
EZYV609,North America,Master's,Y,N,2150,2010,South,137769.42,Year,N,Certified
EZYV23888,Asia,Master's,Y,N,2111,2004,West,373.8311,Hour,Y,Certified
EZYV21956,Asia,Bachelor's,Y,N,2430,2001,West,40845.61,Year,Y,Denied
EZYV21785,Asia,Bachelor's,N,N,1793,1993,West,58816.38,Year,Y,Certified
EZYV13956,Asia,Bachelor's,Y,N,3753,2003,Northeast,72836.62,Year,Y,Certified
EZYV4291,Europe,Bachelor's,Y,N,283,1979,South,39783.68,Year,Y,Certified
EZYV2407,Asia,Master's,Y,N,4912,1947,Midwest,170332.5,Year,Y,Certified
EZYV7500,Europe,Bachelor's,Y,N,1500,2004,South,3025.56,Year,Y,Certified
EZYV17813,Europe,Master's,Y,N,4548,2001,South,67891.84,Year,Y,Certified
EZYV3692,Asia,Bachelor's,N,N,293,1894,Midwest,9489.65,Year,Y,Denied
EZYV16910,Africa,Bachelor's,N,N,2591,2008,Northeast,107532.21,Year,Y,Denied
EZYV18990,Asia,Bachelor's,Y,N,2495,2008,Northeast,43741.41,Year,Y,Denied
EZYV4374,Asia,Bachelor's,N,N,5070,1997,West,33541.02,Year,Y,Denied
EZYV11950,Asia,Master's,N,N,817,1987,West,611.4795,Hour,Y,Denied
EZYV11720,Asia,Bachelor's,Y,N,1908,1981,Midwest,13380.32,Year,Y,Certified
EZYV14405,Asia,Master's,N,N,283,2003,Northeast,134634.35,Year,Y,Denied
EZYV14761,Asia,Bachelor's,N,N,3322,2001,Northeast,49969.15,Year,Y,Denied
EZYV6305,Asia,Bachelor's,Y,N,670,1911,West,114.12,Hour,Y,Denied
EZYV16241,Asia,Bachelor's,N,N,2087,1891,West,68854.86,Year,Y,Certified
EZYV1952,North America,Master's,N,N,978,1949,South,128004.06,Year,N,Certified
EZYV6885,Europe,Bachelor's,N,Y,1797,2000,South,259097.55,Year,Y,Certified
EZYV23458,Asia,Bachelor's,Y,N,3543,1980,West,75129.14,Year,Y,Certified
EZYV8993,Europe,Bachelor's,Y,N,2229,1990,Northeast,56269.84,Year,Y,Certified
EZYV10714,Europe,Bachelor's,Y,N,6284,1977,Northeast,62203.1,Year,Y,Certified
EZYV18612,Asia,Bachelor's,N,N,856,2005,West,71949.34,Year,Y,Denied
EZYV11178,Asia,Master's,Y,N,2085,1947,Midwest,82971.81,Year,N,Certified
EZYV14250,South America,Bachelor's,Y,N,5043,1986,Northeast,100517.62,Year,Y,Denied
EZYV19166,Asia,Bachelor's,N,N,3772,2007,Midwest,89195.29,Year,Y,Certified
EZYV13378,Europe,Bachelor's,Y,N,1732,1870,South,103683.21,Year,Y,Certified
EZYV826,Asia,Master's,Y,N,19306,2010,West,45855.88,Week,Y,Certified
EZYV19413,North America,Bachelor's,Y,N,2022,2007,South,7298.65,Year,Y,Certified
EZYV17754,Asia,High School,N,N,1560,1987,Northeast,171921.87,Year,N,Denied
EZYV16405,Asia,Doctorate,Y,N,29,2012,Midwest,79547.27,Year,Y,Certified
EZYV7090,Europe,Bachelor's,Y,N,743,2007,West,253915.96,Year,N,Denied
EZYV17467,Europe,Master's,N,N,962,2001,Northeast,189846.91,Year,Y,Denied
EZYV5816,Africa,Bachelor's,Y,N,1067,2013,West,32729.32,Year,N,Denied
EZYV4389,Asia,Master's,N,N,4698,1965,Northeast,130279.37,Year,N,Denied
EZYV13130,Asia,Master's,Y,N,653,1998,South,160556.98,Year,N,Certified
EZYV668,Asia,Master's,Y,N,2950,2009,South,849.455,Hour,Y,Certified
EZYV8911,Asia,Doctorate,Y,N,1844,2001,South,136932.08,Year,Y,Certified
EZYV3292,Asia,High School,Y,N,3281,2013,South,1206.07,Year,Y,Denied
EZYV1043,North America,High School,N,N,183,2010,South,434.3017,Hour,Y,Certified
EZYV11532,Asia,Master's,N,Y,3376,2007,Midwest,78957.0,Year,Y,Denied
EZYV21540,Asia,Master's,N,N,659,2010,Northeast,112253.4,Year,Y,Certified
EZYV14587,Asia,Master's,N,N,423,2013,South,560.816,Hour,Y,Denied
EZYV19328,North America,Bachelor's,N,N,1108,2011,West,45094.51,Year,Y,Denied
EZYV4265,North America,Bachelor's,Y,N,1880,1911,West,108523.36,Year,N,Certified
EZYV1851,Asia,Bachelor's,N,Y,1866,1923,South,42496.08,Year,Y,Certified
EZYV21362,South America,High School,Y,N,2189,1995,Midwest,148772.46,Week,Y,Certified
EZYV2079,Asia,Bachelor's,N,N,3830,1985,West,123049.88,Year,Y,Denied
EZYV7517,Asia,Master's,N,N,2728,1998,Midwest,109193.63,Year,Y,Certified
EZYV2477,North America,Bachelor's,N,N,250,1998,Northeast,10533.34,Year,Y,Denied
EZYV17904,South America,Bachelor's,N,N,455,1969,Northeast,93038.33,Year,Y,Certified
EZYV23926,North America,High School,N,N,2474,2006,South,8962.2,Year,Y,Certified
EZYV1990,Europe,Master's,N,Y,342120,1997,South,76025.86,Year,Y,Certified
EZYV2025,Asia,Bachelor's,N,Y,2670,1998,South,131259.96,Year,Y,Certified
EZYV15991,Asia,Bachelor's,N,N,2071,2000,South,85704.56,Year,Y,Certified
EZYV14781,Asia,Bachelor's,N,N,1429,1993,Northeast,131.6884,Hour,Y,Certified
EZYV4382,Asia,Master's,N,N,19437,1982,South,325.1087,Hour,Y,Denied
EZYV9227,Asia,Master's,Y,N,20,1975,South,70136.63,Year,Y,Certified
EZYV15130,Europe,Doctorate,Y,N,67,1993,South,66947.84,Year,Y,Certified
EZYV17024,Asia,Master's,Y,N,5807,2001,South,70857.73,Year,Y,Certified
EZYV20791,Europe,Doctorate,Y,N,3110,1820,West,82089.0,Year,Y,Certified
EZYV22153,Asia,Bachelor's,Y,N,2398,1999,Northeast,101182.16,Year,Y,Certified
EZYV4109,Asia,Master's,Y,N,358,1925,Northeast,18321.84,Year,Y,Certified
EZYV8374,North America,Bachelor's,Y,N,986,1928,West,95478.53,Week,Y,Denied
EZYV8659,Asia,Master's,Y,N,873,1995,Midwest,58472.81,Year,Y,Certified
EZYV10975,Asia,Bachelor's,N,N,1863,1998,South,83519.71,Year,N,Certified
EZYV12944,Asia,Master's,N,N,2999,1964,Northeast,115338.6,Year,N,Denied
EZYV19018,Asia,Doctorate,Y,N,5898,1947,West,12892.09,Year,Y,Certified
EZYV16195,Asia,High School,N,N,16,2005,Northeast,55016.22,Year,Y,Denied
EZYV17612,North America,Master's,Y,N,1989,1969,South,34518.25,Year,N,Certified
EZYV17409,Asia,Master's,Y,N,3177,1989,West,89655.93,Year,Y,Certified
EZYV9056,Asia,Bachelor's,Y,N,2118,2001,Northeast,129901.45,Year,Y,Certified
EZYV2871,Asia,Master's,Y,N,2211,2003,West,114979.24,Year,Y,Certified
EZYV21066,South America,Master's,Y,N,1727,2003,West,107754.33,Year,Y,Certified
EZYV23139,Asia,Master's,Y,N,184,1985,South,87789.99,Year,N,Certified
EZYV10558,Asia,Master's,Y,N,2370,2010,West,77165.99,Year,Y,Certified
EZYV18379,Oceania,High School,Y,Y,2367,1992,West,173089.25,Year,Y,Certified
EZYV25336,Asia,Bachelor's,N,Y,118,1992,Northeast,80523.48,Year,Y,Certified
EZYV12282,Asia,Master's,Y,N,180,1867,South,61211.76,Year,Y,Certified
EZYV14076,Asia,Bachelor's,Y,N,5038,1983,South,15087.18,Year,Y,Certified
EZYV21350,Asia,Bachelor's,N,N,4127,1960,Midwest,40799.75,Year,Y,Certified
EZYV14189,North America,Bachelor's,Y,N,2883,1994,South,27765.85,Year,Y,Denied
EZYV12523,Europe,Master's,Y,N,4855,1867,West,68901.35,Year,Y,Certified
EZYV25152,North America,Bachelor's,Y,N,766,2001,West,124.92,Hour,Y,Denied
EZYV21508,Asia,Master's,N,N,556,2008,South,196.669,Hour,Y,Denied
EZYV4679,North America,Bachelor's,Y,N,3310,2006,West,156749.08,Year,Y,Certified
EZYV20764,Asia,Master's,N,Y,1346,1976,South,57294.25,Year,Y,Certified
EZYV16290,Asia,Master's,N,N,2961,2002,Midwest,71980.08,Year,Y,Certified
EZYV3353,Asia,Doctorate,Y,N,4949,1871,West,121542.64,Year,Y,Certified
EZYV21825,Europe,Bachelor's,N,N,1419,1970,South,192.8729,Hour,Y,Denied
EZYV3600,Asia,Bachelor's,N,N,3552,1999,South,110075.88,Year,Y,Denied
EZYV18185,Asia,Master's,Y,N,2012,2012,Northeast,14835.36,Year,Y,Certified
EZYV18422,Europe,Doctorate,Y,N,2098,1855,Northeast,101422.95,Year,Y,Certified
EZYV8854,Asia,Master's,N,N,1254,1947,South,17938.16,Year,N,Certified
EZYV19174,Asia,Master's,N,N,1191,1951,South,92834.61,Year,Y,Certified
EZYV6308,Europe,Bachelor's,N,Y,1872,1865,South,75195.5,Year,Y,Denied
EZYV18526,North America,Master's,N,Y,30715,1994,West,140.59,Year,Y,Certified
EZYV18617,Asia,Master's,N,N,4272,1983,Northeast,31052.05,Year,N,Certified
EZYV4230,South America,Doctorate,Y,Y,873,1908,West,41570.13,Year,Y,Certified
EZYV9865,North America,Master's,Y,N,2809,2005,Northeast,64774.24,Year,Y,Denied
EZYV13197,Asia,Bachelor's,Y,N,124464,2006,Island,82766.78,Year,Y,Certified
EZYV18634,Asia,High School,Y,N,1171,2006,South,147697.52,Year,Y,Denied
EZYV20322,Asia,Master's,N,N,2376,1999,South,180.1,Hour,Y,Denied
EZYV25022,Asia,Bachelor's,Y,N,292,1998,Northeast,33892.93,Year,Y,Denied
EZYV10139,North America,Master's,N,N,6118,1964,West,104121.88,Year,N,Certified
EZYV1752,Asia,Bachelor's,N,N,1783,2000,Northeast,47354.72,Year,Y,Denied
EZYV18638,Asia,Bachelor's,Y,N,854,1991,South,126511.45,Year,N,Certified
EZYV23546,North America,Master's,Y,N,2338,1991,Northeast,38444.59,Year,Y,Certified
EZYV7650,Asia,High School,Y,N,182,1999,South,50581.41,Year,Y,Denied
EZYV2357,Asia,Master's,N,N,638,1871,West,128470.83,Week,Y,Denied
EZYV23335,Africa,High School,Y,N,1187,1906,Midwest,34124.31,Year,Y,Certified
EZYV5065,Asia,Master's,Y,N,6509,2002,South,3511.73,Year,Y,Certified
EZYV3095,North America,Bachelor's,Y,N,77715,1878,South,529.3875,Hour,Y,Denied
EZYV16050,North America,Bachelor's,Y,N,360,2007,Northeast,9133.69,Year,Y,Certified
EZYV4598,Asia,High School,Y,N,1426,1999,Northeast,21927.16,Year,Y,Denied
EZYV20238,North America,Bachelor's,N,N,3002,2015,West,439.1963,Hour,Y,Denied
EZYV8359,Asia,Bachelor's,Y,N,2253,1990,West,60749.34,Year,Y,Certified
EZYV1776,Asia,Master's,Y,N,3540,1987,South,69884.01,Year,Y,Certified
EZYV21374,Asia,Doctorate,Y,N,1308,1985,West,200656.56,Year,Y,Certified
EZYV21134,Asia,Bachelor's,Y,N,440,1943,Northeast,37612.22,Year,Y,Denied
EZYV3877,North America,Bachelor's,Y,Y,1666,2005,West,88757.17,Year,Y,Certified
EZYV9109,South America,Master's,Y,N,2353,1838,Northeast,41294.04,Year,Y,Denied
EZYV16532,Asia,Master's,Y,N,1015,1801,Island,100133.56,Year,Y,Denied
EZYV2805,Asia,Doctorate,N,N,2967,1993,Midwest,99155.42,Year,Y,Denied
EZYV20757,Asia,Bachelor's,Y,N,1717,2009,South,51760.6,Year,Y,Certified
EZYV10193,Asia,Master's,Y,Y,1430,1994,South,18320.82,Year,N,Certified
EZYV8522,Asia,Bachelor's,Y,N,1207,2007,South,828.4491,Hour,Y,Denied
EZYV2017,Asia,High School,Y,N,3020,1989,West,60817.15,Week,Y,Denied
EZYV20195,Europe,High School,Y,N,3634,1988,Northeast,105577.88,Year,Y,Denied
EZYV15105,North America,High School,Y,N,1584,1986,Northeast,110428.85,Year,N,Denied
EZYV20689,Asia,Master's,N,N,1973,1949,Midwest,43609.41,Year,Y,Certified
EZYV1719,Asia,Bachelor's,Y,N,4667,2000,West,56594.48,Year,Y,Certified
EZYV15457,Asia,Master's,N,N,2488,2003,Midwest,103767.51,Year,Y,Certified
EZYV23272,Asia,High School,N,N,4079,2008,Midwest,17630.41,Year,Y,Certified
EZYV20378,Asia,Doctorate,Y,Y,1680,2003,Northeast,71124.82,Year,Y,Certified
EZYV23982,North America,Bachelor's,N,N,2540,1986,West,215.1947,Hour,Y,Certified
EZYV17088,Asia,Master's,N,Y,2803,1989,South,124108.52,Year,Y,Certified
EZYV6572,Asia,High School,Y,N,2567,1911,West,46822.65,Year,Y,Denied
EZYV6194,North America,Bachelor's,Y,N,138,1989,Northeast,60487.54,Year,Y,Denied
EZYV2856,Europe,Doctorate,N,N,3009,2012,Northeast,81812.39,Year,Y,Certified
EZYV15370,Asia,Bachelor's,Y,N,3476,1855,South,165081.17,Year,Y,Certified
EZYV17362,Europe,Bachelor's,Y,N,38337,2005,West,34993.44,Year,Y,Certified
EZYV14847,Asia,Master's,Y,N,1210,2004,Midwest,25513.92,Year,N,Certified
EZYV4848,North America,Bachelor's,Y,N,505,1984,Midwest,117619.18,Year,Y,Certified
EZYV9879,North America,Master's,Y,N,2796,1970,Northeast,20553.8,Year,Y,Certified
EZYV10497,Asia,Bachelor's,Y,Y,802,2006,Midwest,82000.28,Year,N,Certified
EZYV5438,North America,Bachelor's,N,N,2373,2005,Midwest,57242.96,Year,Y,Certified
EZYV18660,Asia,Bachelor's,Y,N,30,1804,South,100852.36,Year,N,Denied
EZYV7925,Europe,Bachelor's,Y,N,2919,1859,Northeast,65124.69,Year,Y,Certified
EZYV7397,North America,High School,Y,N,2157,2013,South,13274.33,Year,Y,Certified
EZYV2519,Asia,High School,N,N,1141,2000,West,283.4567,Hour,Y,Denied
EZYV11149,Asia,Bachelor's,N,N,1351,1997,Midwest,89228.61,Year,Y,Certified
EZYV9834,Europe,Bachelor's,Y,N,492,1998,West,55322.18,Year,Y,Certified
EZYV12140,North America,Bachelor's,Y,N,2190,2013,South,129276.92,Year,Y,Certified
EZYV6788,Asia,Bachelor's,N,N,1630,1980,Midwest,65724.25,Year,Y,Certified
EZYV4269,Asia,Bachelor's,Y,N,3407,2004,South,103997.74,Year,Y,Certified
EZYV21034,Europe,Doctorate,N,N,1254,1951,West,43201.49,Year,Y,Certified
EZYV11494,Asia,High School,Y,N,-14,1999,South,27599.35,Year,Y,Denied
EZYV2818,Asia,Bachelor's,Y,N,5418,1999,West,15023.59,Year,Y,Certified
EZYV20339,Asia,Bachelor's,N,N,3345,2003,South,71682.17,Year,Y,Denied
EZYV9653,Asia,Bachelor's,N,N,766,2004,Northeast,19125.56,Year,Y,Certified
EZYV17787,Asia,Master's,N,Y,1834,1999,West,592.9008,Hour,Y,Denied
EZYV6274,Asia,Bachelor's,Y,N,4778,2002,South,35337.63,Year,Y,Certified
EZYV15848,Europe,Bachelor's,Y,N,1504,2001,West,10357.93,Year,Y,Certified
EZYV9411,Asia,Master's,N,N,1895,2000,South,20187.62,Year,Y,Certified
EZYV22741,Asia,Bachelor's,N,N,3516,1885,South,82678.94,Year,Y,Certified
EZYV560,Asia,Master's,Y,N,3130,2009,South,11404.58,Year,Y,Certified
EZYV23377,Asia,Bachelor's,Y,Y,2853,1988,West,80898.03,Year,Y,Certified
EZYV18525,Asia,Bachelor's,Y,N,3503,2005,South,52186.44,Year,Y,Certified
EZYV12027,Europe,Master's,Y,N,978,2000,West,132306.49,Year,Y,Certified
EZYV6895,Asia,Bachelor's,Y,N,505,2001,Northeast,64859.15,Year,Y,Certified
EZYV19710,Asia,Master's,N,N,238,2015,West,100.4576,Hour,Y,Denied
EZYV5007,Asia,Bachelor's,N,N,2032,2004,Northeast,468.4512,Hour,Y,Denied
EZYV5178,North America,Bachelor's,Y,N,3520,1993,Northeast,158.36,Hour,Y,Denied
EZYV3961,Asia,Bachelor's,N,Y,3791,1998,West,76548.97,Year,Y,Denied
EZYV5543,South America,Bachelor's,Y,N,834,1974,Northeast,66348.82,Year,Y,Certified
EZYV12253,Europe,Master's,N,N,195,1960,South,46856.47,Year,Y,Certified
EZYV9034,Asia,Bachelor's,Y,N,3233,1997,West,87588.5,Year,Y,Certified
EZYV374,Asia,Doctorate,N,N,3166,1995,Northeast,97353.15,Year,N,Denied
EZYV17949,Europe,Master's,Y,N,5566,2001,West,49390.5,Year,N,Certified
EZYV5328,Asia,Master's,N,N,202,2004,Northeast,210374.15,Year,N,Certified
EZYV19677,North America,Master's,Y,N,604,2005,West,75119.41,Year,Y,Certified
EZYV17569,North America,Master's,N,N,1380,1998,South,254015.02,Year,N,Certified
EZYV3745,Asia,Master's,N,N,169,1981,West,141527.39,Year,N,Denied
EZYV8202,Africa,High School,N,N,3556,1985,Northeast,54871.56,Year,Y,Denied
EZYV21469,Asia,High School,Y,N,2406,2002,West,30196.03,Year,Y,Denied
EZYV4768,Asia,Bachelor's,N,N,1814,2000,Northeast,134653.68,Year,N,Denied
EZYV20457,Asia,Master's,Y,Y,1653,2001,Northeast,127012.42,Year,Y,Certified
EZYV12737,Asia,Master's,Y,N,3530,2010,Northeast,80245.05,Year,Y,Certified
EZYV12367,South America,Master's,Y,N,2386,1977,Northeast,28650.78,Year,Y,Certified
EZYV18814,Asia,Doctorate,N,Y,5863,2005,South,69813.85,Year,Y,Certified
EZYV7781,North America,Doctorate,N,Y,2543,1990,West,10634.39,Year,Y,Certified
EZYV13345,Europe,Bachelor's,Y,N,1032,2004,West,25237.4,Year,Y,Certified
EZYV10745,Asia,High School,Y,N,5630,2004,Island,74317.59,Year,Y,Denied
EZYV21928,Asia,Doctorate,N,Y,1510,2005,West,21908.88,Year,Y,Certified
EZYV6116,North America,Doctorate,N,N,3700,1998,West,117626.18,Year,Y,Certified
EZYV8533,Asia,High School,N,N,1598,2005,Midwest,58966.58,Year,Y,Denied
EZYV16895,Africa,Master's,Y,N,4913,2013,Northeast,41588.79,Year,Y,Certified
EZYV14092,Asia,Master's,N,N,2613,1931,Northeast,16721.23,Year,Y,Denied
EZYV6678,Europe,High School,Y,N,499,1838,Northeast,590.56,Year,Y,Denied
EZYV18020,Asia,Bachelor's,N,N,1986,2007,Northeast,701.5948,Hour,Y,Denied
EZYV10352,Asia,Bachelor's,Y,N,4221,2014,Northeast,19395.62,Year,Y,Denied
EZYV25268,Asia,Master's,Y,N,851,2004,South,100732.02,Year,Y,Certified
EZYV14902,Asia,High School,N,Y,648,1989,West,135507.21,Year,Y,Denied
EZYV7835,North America,Master's,N,N,2271,1997,South,18482.72,Year,Y,Certified
EZYV9956,Asia,Master's,N,N,4299,1989,Northeast,99446.01,Year,N,Certified
EZYV7721,Asia,Bachelor's,Y,N,985,1970,Northeast,55503.15,Year,Y,Certified
EZYV23978,Asia,Master's,Y,N,3814,2013,South,129705.95,Year,N,Denied
EZYV10249,Asia,Bachelor's,Y,N,141,1963,Northeast,96723.01,Year,Y,Denied
EZYV7435,Asia,Doctorate,Y,N,5628,2012,West,51617.25,Year,Y,Certified
EZYV23628,Asia,Bachelor's,N,N,3423,1990,Northeast,18746.56,Year,N,Denied
EZYV3153,Europe,Doctorate,Y,N,3912,1991,West,43942.95,Year,Y,Certified
EZYV19670,Asia,Bachelor's,Y,N,4036,2006,Midwest,122685.88,Week,Y,Certified
EZYV18614,Asia,Master's,Y,N,655,2008,South,55489.38,Year,Y,Certified
EZYV2292,Asia,Bachelor's,Y,N,3180,1987,South,54288.9,Year,Y,Certified
EZYV23219,Asia,High School,N,N,205,1987,Northeast,225440.67,Year,Y,Certified
EZYV12030,North America,Bachelor's,Y,N,1775,1934,South,180791.66,Year,Y,Certified
EZYV17717,Asia,Bachelor's,Y,N,2158,1996,Midwest,93059.03,Year,Y,Denied
EZYV13796,Asia,Bachelor's,Y,N,3494,2005,Northeast,72912.67,Year,Y,Certified
EZYV21488,Asia,Master's,N,N,2071,2003,West,986.8139,Hour,Y,Certified
EZYV5721,South America,Doctorate,N,Y,310,1985,Northeast,356.8087,Hour,Y,Certified
EZYV23826,North America,Bachelor's,Y,N,72,2010,Northeast,436.1899,Hour,Y,Denied
EZYV24296,Asia,Bachelor's,Y,N,752,1984,Northeast,28254.3,Year,Y,Certified
EZYV14929,Asia,Bachelor's,N,N,2655,1838,Island,33698.57,Year,Y,Denied
EZYV17868,Europe,High School,N,N,650,1992,Northeast,101742.71,Year,Y,Certified
EZYV25113,Asia,Bachelor's,Y,N,179,1927,Midwest,87210.59,Year,Y,Certified
EZYV21490,North America,Master's,N,N,1240,2004,Midwest,137386.87,Year,N,Certified
EZYV1157,Asia,Master's,Y,N,333,2012,South,105267.89,Year,Y,Certified
EZYV2981,Asia,Bachelor's,N,N,3174,2007,West,136425.39,Year,Y,Denied
EZYV24447,Asia,Bachelor's,Y,Y,928,1975,West,29802.98,Year,Y,Denied
EZYV23155,Asia,Doctorate,Y,N,3644,1971,Midwest,35328.19,Year,N,Certified
EZYV8320,South America,Master's,Y,N,5935,1997,Northeast,6049.49,Year,Y,Certified
EZYV15469,Asia,High School,Y,N,4657,2004,Northeast,46100.43,Year,N,Denied
EZYV16668,Asia,Bachelor's,Y,N,1259,1994,Island,150622.45,Year,Y,Certified
EZYV25462,Asia,Master's,Y,N,2861,2004,West,54.9196,Hour,Y,Denied
EZYV2098,Europe,Bachelor's,Y,N,1929,1869,West,125531.29,Year,Y,Denied
EZYV5793,Asia,Doctorate,Y,N,1487,1969,South,54329.86,Year,Y,Certified
EZYV8013,Asia,Bachelor's,N,N,432,1890,South,128.27,Hour,Y,Denied
EZYV7801,Asia,Bachelor's,Y,N,531,1885,Midwest,108817.53,Year,Y,Certified
EZYV8431,Asia,Bachelor's,N,N,1065,1817,Midwest,897.158,Hour,Y,Certified
EZYV12390,Asia,Master's,N,N,48897,2005,Midwest,63837.94,Year,Y,Denied
EZYV17365,Asia,Bachelor's,N,N,647,1817,Northeast,94278.8,Year,Y,Denied
EZYV11263,Asia,Doctorate,Y,N,2079,1977,South,20193.89,Year,Y,Certified
EZYV1922,Africa,Master's,Y,N,250,2007,Midwest,118092.98,Year,Y,Certified
EZYV7171,Asia,Bachelor's,Y,Y,986,2007,South,44126.91,Year,Y,Denied
EZYV24339,Asia,Bachelor's,N,N,2057,2012,Northeast,141617.99,Year,Y,Denied
EZYV16199,Asia,Bachelor's,N,N,2007,2003,West,20108.95,Year,Y,Denied
EZYV21120,Asia,Bachelor's,Y,N,15003,2003,South,48697.6,Year,Y,Certified
EZYV20199,Asia,Bachelor's,Y,N,2853,1982,Northeast,121101.53,Year,Y,Certified
EZYV9562,Asia,Master's,N,Y,3919,2011,West,17390.96,Year,Y,Certified
EZYV8313,North America,Master's,Y,N,905,1885,South,168.62,Hour,Y,Certified
EZYV10730,Asia,Bachelor's,N,N,1237,1951,West,118935.63,Year,Y,Certified
EZYV456,Asia,Doctorate,N,Y,2148,1986,South,43147.38,Year,Y,Certified
EZYV12294,North America,High School,Y,N,115603,1979,West,44585.84,Year,Y,Denied
EZYV20482,Asia,Master's,Y,N,452,1997,West,153531.71,Year,Y,Certified
EZYV7593,Asia,Master's,Y,N,7046,2001,South,12110.81,Year,Y,Certified
EZYV18414,Asia,Bachelor's,Y,N,2793,1996,South,74540.14,Year,N,Denied
EZYV24971,Europe,Bachelor's,Y,N,3996,2009,Northeast,56843.28,Year,Y,Certified
EZYV3540,Asia,Master's,Y,N,2207,1852,West,7299.82,Year,Y,Certified
EZYV16680,North America,Master's,Y,N,396,1993,South,231.6706,Hour,Y,Certified
EZYV7543,Europe,Bachelor's,Y,N,1806,2007,Northeast,81057.94,Year,Y,Certified
EZYV20839,North America,Master's,Y,N,3760,1964,Northeast,115185.06,Year,Y,Certified
EZYV12519,Asia,High School,Y,N,1767,1974,Northeast,80443.23,Year,N,Denied
EZYV495,South America,High School,Y,N,16587,1994,West,102169.61,Year,Y,Certified
EZYV17521,Asia,Bachelor's,N,N,4321,1980,Midwest,249610.99,Year,Y,Certified
EZYV18680,North America,High School,N,N,3017,1987,Northeast,20080.94,Year,Y,Certified
EZYV7204,Asia,Bachelor's,Y,N,2226,1995,West,74848.02,Week,Y,Denied
EZYV9338,North America,Master's,N,N,1468,1997,West,127069.45,Week,Y,Denied
EZYV13399,Asia,Master's,Y,N,46126,2006,South,29170.22,Year,Y,Certified
EZYV9380,Asia,Master's,Y,N,586,2013,Northeast,44991.7,Year,Y,Certified
EZYV19391,Asia,Master's,Y,N,4742,2009,Northeast,57334.74,Year,Y,Certified
EZYV15787,Asia,High School,Y,N,2439,2001,South,551.0369,Hour,Y,Denied
EZYV19780,Asia,Master's,N,N,2483,2009,South,136.2184,Hour,Y,Certified
EZYV17858,Europe,Master's,N,N,3564,2007,Northeast,67398.82,Year,Y,Certified
EZYV6524,Asia,Bachelor's,Y,N,3671,1998,South,71406.26,Year,Y,Denied
EZYV1250,Europe,Master's,N,N,1498,2001,Northeast,47444.98,Year,Y,Certified
EZYV13926,Asia,High School,Y,N,2720,1976,Northeast,79454.99,Year,Y,Denied
EZYV24218,Asia,Master's,N,N,1219,1999,Midwest,72876.67,Year,N,Certified
EZYV12358,Asia,Doctorate,Y,N,4549,2010,Northeast,104242.03,Year,Y,Certified
EZYV12657,Asia,Master's,Y,N,1321,1984,Northeast,92590.15,Year,Y,Certified
EZYV21366,Europe,Bachelor's,N,Y,2168,1970,West,49733.4,Year,Y,Certified
EZYV13370,Asia,Master's,Y,N,2898,1993,West,36147.66,Year,N,Denied
EZYV1052,Europe,Doctorate,Y,Y,1401,2008,West,52031.81,Year,Y,Certified
EZYV15878,Europe,Doctorate,N,Y,766,1993,West,32035.12,Year,Y,Certified
EZYV11779,Asia,Master's,Y,N,1476,1976,South,175328.38,Year,Y,Certified
EZYV1630,Europe,High School,Y,N,1608,1995,West,26176.33,Year,N,Denied
EZYV3578,Asia,Bachelor's,Y,N,1134,1999,South,47693.77,Year,Y,Certified
EZYV319,Asia,High School,N,N,805,1898,Northeast,117.85,Hour,Y,Denied
EZYV2946,Asia,High School,Y,N,5384,1838,Northeast,3198.64,Year,Y,Denied
EZYV22915,North America,Bachelor's,N,N,5366,1950,West,52533.23,Year,Y,Denied
EZYV18221,Asia,Master's,N,N,1965,1973,South,51066.77,Year,N,Certified
EZYV8140,Asia,Bachelor's,Y,N,1414,2011,Northeast,47246.9,Year,Y,Certified
EZYV17914,North America,Bachelor's,Y,N,4699,2005,South,7452.71,Year,Y,Certified
EZYV1136,Europe,Doctorate,N,N,446,1958,Northeast,75854.49,Year,Y,Certified
EZYV9403,Asia,Bachelor's,Y,N,47123,2012,Northeast,102014.84,Year,Y,Denied
EZYV6263,Asia,Bachelor's,Y,N,1391,2007,Midwest,115137.67,Year,Y,Certified
EZYV12821,Asia,Bachelor's,N,Y,835,2009,West,53720.17,Year,Y,Certified
EZYV15382,Asia,Bachelor's,Y,N,377,1981,South,73589.28,Year,Y,Denied
EZYV18836,Europe,Bachelor's,N,Y,2551,2010,Midwest,72973.11,Year,Y,Certified
EZYV11135,Asia,Master's,N,N,533,2007,Midwest,74506.35,Year,Y,Certified
EZYV17953,Asia,Master's,Y,N,5991,2004,South,51184.36,Year,Y,Certified
EZYV19956,Asia,Master's,Y,N,999,1876,South,33570.69,Year,Y,Certified
EZYV10100,Asia,Master's,N,N,2936,1969,West,17788.97,Year,Y,Certified
EZYV16796,North America,Master's,Y,N,5029,1989,South,53666.07,Year,Y,Certified
EZYV25024,Asia,Bachelor's,N,Y,3200,1994,South,94.1546,Hour,Y,Denied
EZYV12404,Asia,Bachelor's,N,N,1404,1831,Midwest,35226.78,Year,Y,Certified
EZYV3068,Asia,Master's,Y,N,1112,1962,Northeast,13222.12,Week,Y,Certified
EZYV11801,Europe,Bachelor's,N,Y,1664,1905,South,143479.27,Year,Y,Certified
EZYV8899,Europe,Master's,N,N,4263,2000,West,6525.91,Year,Y,Certified
EZYV22171,North America,Master's,N,N,2856,1997,South,73649.81,Year,N,Denied
EZYV13519,North America,Master's,Y,N,2935,1980,Midwest,27486.08,Year,Y,Certified
EZYV13121,Asia,Bachelor's,Y,N,7553,2006,South,123748.04,Year,Y,Certified
EZYV9545,North America,Bachelor's,Y,N,1149,1959,Midwest,31305.41,Year,Y,Denied
EZYV11545,Asia,Bachelor's,Y,N,3847,1992,South,62004.61,Year,Y,Certified
EZYV22551,North America,Master's,N,N,527,1899,South,50173.64,Year,N,Denied
EZYV3707,Asia,Bachelor's,N,N,1260,2010,Midwest,27572.16,Year,Y,Denied
EZYV24261,Asia,High School,Y,N,852,1996,Northeast,41566.58,Year,Y,Denied
EZYV7242,Asia,Doctorate,Y,N,3455,2012,Midwest,90925.92,Year,Y,Certified
EZYV4341,North America,Bachelor's,N,N,674,1948,West,116757.17,Year,Y,Denied
EZYV21514,Asia,Bachelor's,Y,Y,4119,2007,Northeast,17579.76,Year,Y,Denied
EZYV8461,Europe,Doctorate,N,N,1442,2000,West,44385.47,Year,Y,Certified
EZYV18993,Asia,Bachelor's,Y,N,29186,2007,West,156265.77,Year,Y,Certified
EZYV5869,North America,Bachelor's,N,N,4784,2009,Midwest,35976.41,Year,Y,Certified
EZYV19097,Asia,Master's,Y,N,451,1975,South,127639.05,Year,Y,Certified
EZYV7524,Asia,Bachelor's,Y,N,1373,2013,South,63013.28,Year,Y,Denied
EZYV23942,Europe,High School,N,Y,4528,2012,South,104836.59,Year,Y,Certified
EZYV21696,North America,Master's,Y,N,4481,2005,South,139576.85,Year,N,Certified
EZYV1785,Asia,Bachelor's,Y,N,1846,1971,West,104025.12,Year,Y,Certified
EZYV2148,Asia,Master's,Y,N,5205,2001,West,4942.25,Year,Y,Certified
EZYV6169,Asia,Bachelor's,Y,N,2761,1988,Northeast,128335.44,Year,N,Certified
EZYV22175,Asia,Master's,Y,N,3701,2004,South,40333.16,Year,N,Certified
EZYV12752,Asia,Master's,N,N,343,1946,South,198208.82,Year,N,Certified
EZYV2169,Asia,Master's,Y,N,2198,1967,South,41004.72,Year,Y,Certified
EZYV24195,Asia,Master's,Y,N,4261,2000,Northeast,119696.76,Week,Y,Denied
EZYV20347,North America,High School,Y,N,2292,1996,South,105688.95,Year,Y,Denied
EZYV6514,Europe,Master's,Y,N,6107,1979,South,7478.77,Year,Y,Certified
EZYV22693,Europe,Doctorate,Y,Y,3591,2012,West,82442.3,Year,Y,Certified
EZYV3529,South America,Doctorate,Y,N,286,2005,West,72903.34,Year,Y,Certified
EZYV10583,Asia,Master's,Y,N,2921,1993,Midwest,120817.82,Year,Y,Certified
EZYV11940,Asia,Master's,Y,N,4078,2007,South,65870.22,Year,Y,Certified
EZYV1441,North America,Master's,N,N,13112,1855,Midwest,150029.13,Year,N,Certified
EZYV4500,Asia,Doctorate,Y,N,4229,2006,Northeast,35851.6,Year,Y,Certified
EZYV16549,Asia,Master's,Y,N,419,1985,Northeast,78969.89,Year,Y,Denied
EZYV4938,Asia,Bachelor's,N,N,11041,1832,South,761.4506,Hour,Y,Denied
EZYV14112,Asia,High School,Y,N,2170,1998,Midwest,145066.04,Year,Y,Denied
EZYV2041,Asia,Master's,Y,N,481,1996,South,99258.17,Year,N,Certified
EZYV2419,Asia,High School,N,N,2259,1998,Midwest,114808.95,Year,Y,Certified
EZYV16033,Asia,Bachelor's,Y,N,3608,1997,South,63805.43,Year,Y,Denied
EZYV12513,Africa,Master's,Y,N,14009,2003,Midwest,64822.93,Year,Y,Certified
EZYV17420,Asia,Bachelor's,Y,N,130,2004,Northeast,26612.64,Year,Y,Denied
EZYV16302,North America,Doctorate,Y,N,2976,1958,West,301.3199,Hour,Y,Certified
EZYV21014,North America,Master's,Y,N,1290,1995,Midwest,72745.29,Year,N,Certified
EZYV20727,South America,Bachelor's,N,N,3683,2004,West,53769.67,Year,Y,Certified
EZYV17894,Asia,Master's,N,N,3997,2014,Northeast,26477.09,Year,N,Certified
EZYV17826,Asia,High School,N,N,8000,2007,Midwest,133485.13,Year,Y,Certified
EZYV13711,Africa,Bachelor's,Y,N,84768,1870,Northeast,20711.1,Year,Y,Certified
EZYV10856,North America,Doctorate,N,N,1912,2007,West,50251.04,Year,Y,Certified
EZYV11962,North America,Bachelor's,Y,N,1182,2010,Midwest,100352.79,Year,Y,Denied
EZYV19393,Asia,Master's,N,N,5444,2002,West,33076.21,Year,Y,Denied
EZYV19375,Europe,Bachelor's,N,N,1843,1947,West,113.8323,Hour,Y,Denied
EZYV2875,Europe,Doctorate,N,Y,1018,1960,West,121205.78,Year,Y,Certified
EZYV14948,Asia,Master's,N,N,470,1984,Midwest,134.15,Hour,Y,Certified
EZYV12144,Asia,Master's,N,N,1311,1949,West,142883.84,Year,Y,Denied
EZYV6551,Asia,High School,N,N,872,2001,Midwest,26644.41,Year,Y,Denied
EZYV2837,Asia,Master's,N,N,2913,1978,Island,86540.13,Year,Y,Denied
EZYV19976,North America,Master's,Y,N,4221,2007,West,154465.04,Year,N,Certified
EZYV16066,Europe,Bachelor's,Y,N,3114,1902,Midwest,157624.89,Year,Y,Certified
EZYV7006,Asia,Master's,N,Y,3253,1996,South,147042.75,Year,Y,Certified
EZYV21570,Asia,Bachelor's,Y,N,2080,1838,Northeast,406.2758,Hour,Y,Certified
EZYV455,North America,Bachelor's,Y,N,2114,1965,Northeast,72354.96,Year,Y,Certified
EZYV13467,Asia,Master's,Y,N,5823,1998,Midwest,52635.83,Year,Y,Certified
EZYV1344,Asia,Master's,Y,N,1974,2004,Midwest,231949.27,Year,Y,Certified
EZYV23279,North America,Master's,N,N,737,1990,Northeast,533.0116,Hour,Y,Denied
EZYV16529,Asia,Master's,Y,N,4245,2009,South,70663.22,Year,Y,Certified
EZYV15143,Europe,Doctorate,N,N,337,1993,South,59372.31,Year,Y,Certified
EZYV769,Asia,Master's,Y,N,1654,1888,West,36600.66,Year,Y,Certified
EZYV16672,Asia,Bachelor's,Y,N,2474,2010,South,65900.59,Year,Y,Certified
EZYV8340,Asia,Bachelor's,Y,Y,344,1968,West,124401.37,Year,Y,Certified
EZYV12812,Asia,Master's,Y,N,2785,1985,Midwest,47706.45,Year,Y,Certified
EZYV13250,Asia,Bachelor's,N,N,2123,1904,West,118.76,Hour,Y,Certified
EZYV15697,Europe,Master's,Y,N,4648,2007,South,1566.49,Year,Y,Certified
EZYV16151,North America,Doctorate,Y,N,4475,2004,Northeast,109641.18,Year,Y,Certified
EZYV2851,Asia,High School,Y,N,8948,1948,Midwest,77330.43,Year,Y,Denied
EZYV6811,North America,High School,N,N,751,1931,West,35544.79,Year,Y,Certified
EZYV5800,Asia,Master's,N,N,453,1841,Northeast,84505.46,Year,Y,Certified
EZYV24770,Asia,Master's,N,N,2290,2003,Northeast,26394.19,Year,N,Certified
EZYV21109,Asia,Master's,N,N,1843,1985,Midwest,117377.07,Year,N,Denied
EZYV10577,Asia,Bachelor's,Y,N,2718,1987,Midwest,42.559,Hour,Y,Certified
EZYV2692,Asia,Master's,Y,N,3684,1984,West,64986.01,Year,Y,Certified
EZYV1866,Asia,Master's,Y,N,2557,1978,Midwest,25742.05,Year,Y,Certified
EZYV9564,Asia,Doctorate,N,N,1493,2009,Northeast,49432.65,Year,Y,Certified
EZYV5139,Asia,Master's,N,N,7739,2004,South,149454.94,Year,N,Certified
EZYV22345,Asia,Master's,N,N,472,1963,Northeast,70120.86,Year,Y,Denied
EZYV19864,Asia,Master's,Y,N,1747,2000,Northeast,94363.43,Year,Y,Certified
EZYV951,Europe,Master's,Y,N,4322,2007,West,78916.96,Year,Y,Certified
EZYV21691,Asia,Bachelor's,Y,N,2064,1996,Northeast,74902.63,Year,Y,Denied
EZYV3222,Europe,Bachelor's,N,N,10284,2001,South,117379.51,Year,Y,Certified
EZYV21093,Asia,Bachelor's,N,N,199,1998,South,47966.47,Year,Y,Denied
EZYV11774,Asia,Master's,Y,N,693,2001,Northeast,222.8496,Hour,Y,Certified
EZYV20795,Asia,Bachelor's,N,N,2922,1823,South,72846.99,Year,Y,Denied
EZYV8332,Asia,Master's,Y,N,172,2002,West,64263.75,Year,Y,Certified
EZYV6869,North America,Master's,Y,N,833,1950,Midwest,70573.43,Year,N,Certified
EZYV16075,Asia,Doctorate,N,N,1786,1974,Northeast,919.3176,Hour,Y,Certified
EZYV2652,Asia,Bachelor's,N,N,865,1994,Northeast,74271.26,Year,Y,Denied
EZYV7430,North America,Doctorate,Y,N,82173,1956,South,114417.93,Year,Y,Certified
EZYV17287,Asia,Bachelor's,N,N,20076,2010,West,13987.72,Year,Y,Denied
EZYV355,Asia,Bachelor's,Y,N,2269,1997,Northeast,196668.77,Year,N,Certified
EZYV23041,Asia,Master's,N,N,4587,1988,Northeast,70028.96,Year,Y,Certified
EZYV15315,Asia,Bachelor's,Y,N,218,2008,Midwest,99881.53,Year,Y,Certified
EZYV20821,Asia,High School,N,N,109,1977,Midwest,122642.28,Year,Y,Certified
EZYV15428,Europe,Bachelor's,N,N,4607,1890,West,84257.7,Year,Y,Denied
EZYV17804,Asia,Master's,Y,Y,929,2013,South,169104.93,Year,Y,Certified
EZYV22939,Asia,Doctorate,Y,N,2084,2007,South,69403.17,Year,Y,Certified
EZYV13730,North America,Master's,Y,N,1801,1986,West,50315.8,Week,Y,Certified
EZYV5084,North America,Master's,Y,N,2707,1993,Midwest,5272.36,Year,Y,Certified
EZYV10234,Africa,Bachelor's,N,N,63,1990,Northeast,697.8354,Hour,Y,Denied
EZYV11478,Asia,High School,Y,N,2863,1928,West,77733.46,Year,Y,Denied
EZYV10047,Asia,Bachelor's,N,N,874,1975,West,617.8178,Hour,Y,Denied
EZYV23327,North America,Bachelor's,N,N,169,2008,Northeast,159.09,Hour,Y,Denied
EZYV5705,Asia,Master's,Y,N,3191,2011,Northeast,102906.33,Year,N,Certified
EZYV273,Asia,High School,N,N,1681,1999,West,85218.35,Year,Y,Denied
EZYV14121,Asia,Master's,Y,N,57179,2012,Midwest,136524.61,Year,Y,Certified
EZYV10027,Asia,Master's,N,Y,1588,1996,Northeast,37890.15,Year,Y,Certified
EZYV5296,North America,Bachelor's,N,N,48,2000,West,25858.96,Year,Y,Denied
EZYV2057,Asia,High School,Y,N,1278,1971,Northeast,101440.74,Year,Y,Denied
EZYV24225,North America,Doctorate,Y,N,129020,2005,Northeast,12660.02,Year,Y,Certified
EZYV4424,North America,High School,Y,N,2398,2012,South,141775.1,Year,N,Certified
EZYV658,North America,Bachelor's,Y,N,91879,2005,Northeast,45029.5,Year,N,Denied
EZYV19414,North America,Master's,N,N,3588,2012,South,262.4586,Hour,Y,Certified
EZYV5852,Asia,Bachelor's,Y,N,1018,1911,Northeast,32882.31,Year,Y,Certified
EZYV9299,Asia,Bachelor's,Y,N,2172,2006,South,55011.98,Year,Y,Certified
EZYV3121,North America,Bachelor's,N,N,2086,1952,West,394.2187,Hour,Y,Denied
EZYV3761,Asia,Bachelor's,Y,N,3910,1998,Northeast,68806.06,Year,Y,Certified
EZYV9494,Asia,Doctorate,Y,Y,6590,1985,South,59604.42,Year,Y,Certified
EZYV5923,North America,Master's,Y,N,2040,1990,West,42903.74,Year,Y,Denied
EZYV5329,Asia,Bachelor's,N,Y,3053,2005,South,64473.51,Year,Y,Certified
EZYV5619,Asia,High School,Y,N,1868,2005,Midwest,101578.1,Year,Y,Denied
EZYV13366,North America,Master's,Y,N,5734,1979,West,77447.13,Year,N,Certified
EZYV2474,Europe,Bachelor's,N,N,1036,1985,West,872.4254,Hour,Y,Certified
EZYV11342,Oceania,Bachelor's,Y,N,2244,1994,South,86803.98,Year,N,Certified
EZYV9612,North America,Bachelor's,Y,N,2499,2002,South,89452.29,Year,Y,Denied
EZYV311,Asia,Master's,Y,Y,954,1988,West,56065.53,Year,Y,Certified
EZYV18606,South America,Bachelor's,Y,N,2590,2008,Northeast,38753.92,Year,Y,Certified
EZYV821,South America,Master's,Y,N,5953,2009,Northeast,171890.05,Year,Y,Certified
EZYV621,Africa,Master's,N,Y,3256,2004,South,138622.73,Year,Y,Certified
EZYV25422,Asia,Master's,Y,N,4382,2003,Midwest,141728.77,Year,N,Certified
EZYV2538,Asia,Master's,N,N,1316,2001,South,163789.93,Year,N,Certified
EZYV19481,Asia,Bachelor's,Y,N,5087,1986,South,6321.85,Year,Y,Denied
EZYV25106,Asia,Bachelor's,N,N,3655,1890,Northeast,28887.31,Year,Y,Certified
EZYV3907,Asia,Bachelor's,N,N,1308,2007,West,36831.93,Year,Y,Denied
EZYV8428,Asia,Bachelor's,Y,N,1430,1994,South,112678.24,Year,Y,Certified
EZYV23617,Asia,Master's,Y,N,1772,1995,Midwest,151765.82,Year,N,Certified
EZYV22186,Asia,Bachelor's,N,N,2193,1973,Northeast,41003.82,Year,Y,Denied
EZYV9205,North America,Bachelor's,Y,N,682,1985,Northeast,120960.25,Year,N,Denied
EZYV20877,Asia,Bachelor's,Y,N,3238,2006,South,63312.76,Year,Y,Denied
EZYV18450,Asia,High School,N,N,2780,2013,West,77774.67,Year,Y,Certified
EZYV16457,Asia,High School,Y,N,2611,2011,South,109328.33,Year,N,Certified
EZYV8143,Asia,Bachelor's,N,N,2163,1969,West,119911.64,Year,Y,Certified
EZYV8821,Asia,Bachelor's,Y,N,1908,1926,Northeast,85041.92,Year,Y,Denied
EZYV1332,Asia,High School,N,Y,2750,2010,Northeast,111599.43,Year,Y,Denied
EZYV2498,Asia,Bachelor's,N,N,3518,1873,South,127084.5,Year,Y,Certified
EZYV1124,North America,Bachelor's,N,N,4263,1998,Northeast,160.0882,Hour,Y,Denied
EZYV22597,North America,Doctorate,N,N,4731,2008,Island,95294.15,Year,Y,Certified
EZYV18745,Asia,Bachelor's,N,N,2525,2001,West,505.6632,Hour,Y,Certified
EZYV23769,Europe,Doctorate,Y,N,3177,1994,South,45789.0,Year,Y,Certified
EZYV14148,Europe,Bachelor's,N,Y,1801,1999,Northeast,91564.34,Year,Y,Certified
EZYV21454,Asia,High School,Y,N,2842,1908,South,104135.83,Year,N,Certified
EZYV23649,Asia,Master's,N,N,731,2012,South,270599.15,Year,N,Denied
EZYV170,Asia,Master's,N,N,373,1992,West,71825.63,Week,Y,Denied
EZYV17938,Asia,Master's,Y,N,616,2010,West,41924.85,Year,Y,Denied
EZYV21187,Asia,Master's,Y,N,3501,1974,South,51564.66,Year,N,Certified
EZYV8832,Europe,Bachelor's,Y,N,3037,1993,Northeast,5358.15,Year,Y,Certified
EZYV7071,Asia,Bachelor's,Y,N,3645,2014,South,65132.85,Year,Y,Certified
EZYV9467,Asia,Master's,Y,N,157,1982,Midwest,110623.61,Year,Y,Certified
EZYV12041,Asia,High School,Y,Y,5311,2008,South,66043.94,Year,Y,Denied
EZYV14809,Asia,Master's,N,N,710,1879,South,139491.08,Year,Y,Denied
EZYV14937,Asia,Bachelor's,Y,N,1263,2005,West,97113.42,Year,Y,Certified
EZYV19647,Asia,Master's,N,N,2875,1999,Northeast,558.4323,Hour,Y,Denied
EZYV8443,Asia,Bachelor's,Y,N,1548,1998,Northeast,112612.86,Year,Y,Certified
EZYV15355,Europe,Bachelor's,Y,N,4104,2010,Northeast,25495.23,Year,Y,Denied
EZYV7307,North America,Doctorate,Y,N,5626,2013,Midwest,1222.91,Year,Y,Certified
EZYV3295,Asia,Bachelor's,Y,Y,1685,1977,West,109982.58,Year,Y,Certified
EZYV23502,Asia,Bachelor's,N,N,382,1978,Midwest,915.1075,Hour,Y,Denied
EZYV5842,North America,High School,N,N,1247,2001,West,120559.4,Year,Y,Certified
EZYV13061,North America,Bachelor's,Y,N,2773,1895,Midwest,69828.92,Year,Y,Certified
EZYV2106,Europe,Bachelor's,Y,N,5582,1996,South,92444.69,Year,Y,Certified
EZYV8430,North America,Master's,Y,N,4078,2003,South,60174.38,Year,Y,Certified
EZYV14915,Asia,Master's,Y,N,1839,2005,Midwest,40695.87,Year,Y,Certified
EZYV3462,Asia,Bachelor's,Y,N,3872,2012,Northeast,92577.4,Year,Y,Certified
EZYV23760,Asia,Bachelor's,Y,N,26982,2003,Island,86446.2,Year,Y,Certified
EZYV5437,Africa,Master's,Y,N,3832,2001,South,207944.92,Year,Y,Certified
EZYV13409,Asia,High School,Y,N,1325,1995,Midwest,161701.24,Year,Y,Denied
EZYV6545,Asia,Master's,Y,N,1752,2004,Northeast,57400.53,Year,Y,Certified
EZYV724,North America,Doctorate,N,N,23885,2005,West,298.1357,Hour,Y,Denied
EZYV3785,Asia,Bachelor's,N,N,186,2012,South,103414.25,Year,Y,Denied
EZYV7626,North America,Master's,Y,N,2314,1999,Northeast,133413.81,Year,N,Certified
EZYV10915,Asia,Master's,N,Y,3771,1999,South,53909.06,Year,Y,Certified
EZYV15661,Asia,Master's,Y,N,4078,1968,South,35652.1,Year,Y,Certified
EZYV4972,Europe,Doctorate,Y,N,693,2000,West,69921.27,Year,Y,Certified
EZYV7432,Asia,Bachelor's,Y,N,2431,1999,Northeast,78726.17,Year,Y,Certified
EZYV7616,Asia,Doctorate,Y,Y,700,1902,West,103029.79,Year,Y,Certified
EZYV25028,North America,Doctorate,Y,N,3610,2006,Northeast,90870.69,Year,Y,Certified
EZYV1059,Asia,High School,Y,N,3448,2006,South,49453.08,Year,Y,Certified
EZYV3690,Asia,High School,N,N,5585,2007,South,111921.54,Year,Y,Denied
EZYV19598,Asia,Bachelor's,N,N,761,1902,Northeast,25820.22,Year,Y,Certified
EZYV22500,Asia,Master's,Y,N,4029,2006,South,68993.22,Year,N,Certified
EZYV2898,Asia,Master's,N,N,2875,2006,West,103.36,Hour,Y,Denied
EZYV3613,Europe,Doctorate,Y,Y,1806,1948,South,33094.26,Year,Y,Certified
EZYV5663,Asia,Bachelor's,N,N,1351,1995,South,104373.55,Year,Y,Certified
EZYV8011,Asia,Bachelor's,Y,N,4271,2002,South,119005.45,Year,Y,Certified
EZYV9290,North America,Master's,Y,N,995,2000,South,23053.79,Year,Y,Certified
EZYV12288,Asia,Bachelor's,N,N,1078,1974,Midwest,31432.68,Year,N,Certified
EZYV7851,Europe,High School,Y,N,1300,1849,Northeast,100862.39,Year,Y,Denied
EZYV12652,Asia,Bachelor's,N,N,1119,1983,West,92216.5,Year,Y,Denied
EZYV9571,Asia,Bachelor's,Y,N,360,1940,West,95633.63,Year,Y,Denied
EZYV24852,Asia,Bachelor's,Y,N,5592,2004,West,77273.28,Year,Y,Certified
EZYV5453,North America,Master's,Y,N,4030,1928,Northeast,780.696,Hour,Y,Denied
EZYV12674,Europe,Master's,Y,N,739,2005,South,70343.34,Year,Y,Certified
EZYV7290,Asia,Master's,N,N,4371,1838,South,149404.18,Year,N,Certified
EZYV7812,Asia,Bachelor's,Y,N,523,2003,West,50633.23,Year,Y,Denied
EZYV13203,Asia,Master's,Y,N,1271,1953,Northeast,105602.32,Year,N,Certified
EZYV17985,Asia,High School,N,N,1262,1987,South,145335.14,Year,Y,Certified
EZYV11092,Asia,Master's,N,N,3425,2005,Midwest,130817.72,Year,Y,Certified
EZYV16237,Asia,Master's,N,N,426,2001,Northeast,65237.94,Year,Y,Denied
EZYV14927,Asia,Bachelor's,N,N,3340,1968,Northeast,98159.23,Year,Y,Denied
EZYV14226,Europe,High School,Y,Y,338,1913,Northeast,23641.27,Year,Y,Denied
EZYV14653,North America,Bachelor's,Y,N,668,2007,Northeast,52095.48,Year,N,Certified
EZYV8193,Asia,Bachelor's,N,Y,2295,2003,West,107842.63,Year,Y,Certified
EZYV4249,Asia,Bachelor's,Y,N,1678,1925,South,33796.7,Year,Y,Denied
EZYV9484,Asia,Bachelor's,N,N,3545,2009,Northeast,96948.16,Year,Y,Denied
EZYV11681,Asia,Master's,Y,N,883,2012,West,234902.2,Month,Y,Certified
EZYV24885,Asia,Master's,N,N,2202,1999,Midwest,100471.08,Year,Y,Certified
EZYV5739,North America,Master's,N,N,665,1988,Midwest,120127.53,Year,Y,Certified
EZYV5336,Asia,Master's,N,N,192,1903,Northeast,128134.04,Year,N,Certified
EZYV14779,Asia,High School,Y,N,3954,1968,Northeast,43766.4,Year,Y,Denied
EZYV20667,Asia,Bachelor's,N,N,236,1868,West,601.6377,Hour,Y,Denied
EZYV14151,Europe,Doctorate,Y,N,4535,1962,West,65259.67,Year,Y,Certified
EZYV3684,Asia,Doctorate,Y,N,44,1960,South,128371.16,Year,Y,Certified
EZYV13375,Asia,Bachelor's,Y,N,5068,2014,Northeast,17922.05,Year,N,Certified
EZYV15666,Asia,Doctorate,Y,Y,321,1897,South,119206.29,Year,Y,Certified
EZYV12116,Asia,Bachelor's,N,N,277,1993,Midwest,113107.12,Year,Y,Denied
EZYV6967,Asia,Master's,Y,Y,1827,1993,South,62878.78,Year,Y,Certified
EZYV7656,Europe,Master's,Y,Y,830,1998,West,57167.31,Year,Y,Certified
EZYV22632,Asia,Bachelor's,Y,N,256,1999,West,43817.6,Year,Y,Certified
EZYV18352,Asia,High School,Y,N,3090,1977,South,120934.05,Year,Y,Certified
EZYV11604,Asia,High School,Y,N,583,2011,Midwest,161659.69,Year,Y,Denied
EZYV7376,North America,Master's,Y,N,4691,1939,Northeast,216445.82,Year,Y,Certified
EZYV9339,North America,High School,Y,N,4214,1998,West,55065.35,Year,Y,Denied
EZYV7207,Asia,Master's,N,N,15777,1982,Midwest,16027.53,Year,Y,Certified
EZYV7321,Asia,Master's,Y,N,20787,2007,South,42530.42,Year,Y,Certified
EZYV20639,Asia,Doctorate,Y,Y,4629,1885,Midwest,223837.82,Year,N,Certified
EZYV5427,North America,Master's,Y,N,1817,2005,West,98722.59,Year,N,Certified
EZYV20842,Asia,Master's,Y,N,558,1998,South,100211.55,Year,Y,Certified
EZYV10698,Asia,Bachelor's,Y,N,249,2000,West,108956.15,Year,Y,Certified
EZYV19776,South America,Bachelor's,N,N,676,2001,South,118118.37,Year,Y,Denied
EZYV14996,Asia,Master's,N,Y,12795,1984,Northeast,80769.63,Year,Y,Certified
EZYV22480,Europe,Bachelor's,N,N,2384,2000,South,109.34,Hour,Y,Denied
EZYV5288,Asia,High School,Y,N,209,1849,Midwest,94411.24,Year,Y,Denied
EZYV8269,Asia,Master's,Y,Y,2457,2000,Northeast,112525.87,Year,Y,Certified
EZYV3849,Asia,Master's,Y,N,2183,1855,South,105628.58,Year,Y,Certified
EZYV10400,Asia,Bachelor's,Y,N,1048,2009,Northeast,92089.7,Year,Y,Certified
EZYV10786,Asia,Master's,Y,N,794,2008,Midwest,124591.19,Year,Y,Certified
EZYV22906,Europe,Doctorate,N,N,5604,2001,Northeast,62388.78,Year,Y,Denied
EZYV12714,Asia,Bachelor's,Y,Y,227,1885,Northeast,79232.24,Year,Y,Certified
EZYV1889,South America,Master's,N,N,4608,1872,South,31520.31,Year,Y,Certified
EZYV19445,Asia,Master's,Y,N,3278,1901,Northeast,232389.85,Year,N,Certified
EZYV47,Asia,Bachelor's,Y,N,2623,2008,South,61567.75,Year,Y,Certified
EZYV22560,Asia,Master's,N,N,21021,1977,Northeast,164.0089,Hour,Y,Denied
EZYV16728,Asia,Bachelor's,Y,N,924,2009,Northeast,93112.55,Year,Y,Denied
EZYV6729,Asia,Master's,N,N,3028,2000,South,235224.73,Year,N,Certified
EZYV15682,Asia,High School,Y,N,669,2009,South,94384.2,Year,Y,Denied
EZYV1099,Asia,Master's,N,N,2384,1998,West,10580.09,Year,N,Denied
EZYV7502,Asia,Bachelor's,Y,N,3517,1875,Northeast,385.796,Hour,Y,Denied
EZYV4027,Europe,Bachelor's,Y,N,2994,1981,West,47136.16,Year,Y,Denied
EZYV19994,Asia,Bachelor's,Y,N,1016,1964,Northeast,123931.2,Year,Y,Certified
EZYV2727,Asia,Master's,Y,N,2043,2006,South,94016.19,Year,Y,Certified
EZYV8085,Europe,High School,N,Y,3097,1999,South,50656.18,Year,Y,Denied
EZYV13897,Asia,Master's,N,N,1215,2009,South,76691.39,Year,N,Certified
EZYV18325,Asia,Bachelor's,N,N,3668,1972,Northeast,638.9747,Hour,Y,Denied
EZYV14377,Asia,Master's,N,Y,2087,1928,South,146361.16,Year,Y,Denied
EZYV22434,Asia,Bachelor's,N,N,4074,1999,Midwest,18377.34,Year,Y,Certified
EZYV16814,Africa,Master's,Y,N,10107,2003,Northeast,148571.16,Year,Y,Certified
EZYV5759,Asia,High School,Y,N,3310,2001,Midwest,126612.68,Year,Y,Denied
EZYV2906,North America,Master's,N,N,2631,2003,South,116591.96,Year,Y,Denied
EZYV15722,Asia,Bachelor's,Y,N,463,1885,Midwest,47789.37,Year,Y,Certified
EZYV5590,Asia,High School,Y,N,3115,2006,South,111500.07,Year,Y,Denied
EZYV7971,North America,Bachelor's,Y,N,4089,1971,South,80037.63,Year,Y,Denied
EZYV20876,Asia,Master's,N,N,965,2005,South,124051.23,Year,N,Certified
EZYV1252,Asia,High School,N,N,1888,1998,South,28401.6,Year,Y,Certified
EZYV19160,Asia,Bachelor's,N,N,256,1889,Midwest,36423.36,Year,Y,Certified
EZYV23884,Asia,Master's,N,N,1880,2008,Island,275211.23,Year,N,Certified
EZYV9518,Europe,Master's,Y,N,2589,1993,West,56113.16,Year,Y,Certified
EZYV13432,Africa,Bachelor's,N,N,2966,1830,Northeast,61905.94,Year,Y,Certified
EZYV24169,North America,High School,N,N,6102,2014,Northeast,487.6331,Hour,Y,Denied
EZYV6752,Asia,Master's,Y,N,522,2004,Northeast,48782.46,Year,Y,Certified
EZYV12250,Europe,Bachelor's,Y,N,5006,1981,West,34506.28,Year,Y,Certified
EZYV13368,North America,Bachelor's,Y,N,764,1986,South,137420.26,Year,Y,Certified
EZYV23476,Asia,High School,Y,Y,1502,1960,West,144170.59,Year,Y,Denied
EZYV6610,Asia,Master's,N,N,3945,1994,Northeast,193901.32,Year,Y,Certified
EZYV5775,Asia,Bachelor's,Y,N,459,1926,South,12275.86,Year,Y,Certified
EZYV19370,Asia,Master's,Y,N,3623,1986,West,10550.14,Year,Y,Denied
EZYV4184,Europe,Bachelor's,N,Y,519,1959,Midwest,103821.45,Year,Y,Certified
EZYV13649,North America,Bachelor's,Y,N,6211,1983,Northeast,64576.49,Year,Y,Certified
EZYV3617,Europe,Doctorate,Y,N,4330,2013,West,23728.73,Year,Y,Certified
EZYV12261,Asia,Master's,N,N,1658,2008,Northeast,32173.19,Year,Y,Denied
EZYV3166,Asia,Doctorate,Y,N,6908,1999,South,34056.76,Year,Y,Certified
EZYV10844,Asia,Master's,Y,N,857,2001,Midwest,117750.3,Year,Y,Certified
EZYV12537,Europe,Bachelor's,Y,N,4167,1984,West,79341.16,Year,Y,Certified
EZYV17515,Asia,High School,Y,N,2286,2005,Midwest,111076.65,Year,Y,Certified
EZYV19009,Asia,Master's,Y,N,84,1997,South,10606.17,Year,Y,Certified
EZYV7476,Asia,Bachelor's,N,N,74,1951,Northeast,139144.05,Year,Y,Certified
EZYV10877,North America,Doctorate,N,N,4979,2005,West,39449.22,Year,Y,Certified
EZYV6360,Asia,Master's,N,N,163,1998,West,70097.53,Year,Y,Certified
EZYV10044,Europe,Doctorate,N,N,135548,2003,Northeast,31495.28,Year,Y,Certified
EZYV9706,North America,High School,N,N,1148,1969,West,937.1977,Hour,Y,Denied
EZYV19329,Asia,High School,N,N,1943,1937,West,83274.88,Year,Y,Certified
EZYV23552,Africa,Master's,Y,N,992,1995,Northeast,47377.84,Week,Y,Certified
EZYV14743,North America,Doctorate,Y,N,6506,1992,West,60173.66,Year,Y,Denied
EZYV1757,Asia,Master's,Y,N,1148,2004,Midwest,98408.54,Year,Y,Certified
EZYV21383,Asia,Bachelor's,Y,N,1603,2006,Northeast,101962.39,Year,Y,Certified
EZYV3837,North America,Master's,Y,N,1985,2002,Midwest,29766.59,Year,Y,Certified
EZYV12807,Asia,High School,Y,N,2480,2002,West,56503.31,Year,Y,Denied
EZYV23480,Asia,Bachelor's,N,N,1548,1995,Northeast,61570.41,Year,Y,Certified
EZYV24820,Europe,Master's,Y,N,6015,1974,Northeast,25621.78,Year,Y,Certified
EZYV12520,Asia,Master's,Y,N,713,2008,Midwest,97551.84,Year,Y,Certified
EZYV21114,North America,Bachelor's,N,N,4685,1994,South,153.73,Hour,Y,Denied
EZYV8797,Asia,Bachelor's,N,N,749,1994,West,90834.51,Year,Y,Certified
EZYV14895,Asia,Master's,N,N,1141,1896,Northeast,87793.94,Year,Y,Denied
EZYV22631,Asia,Doctorate,Y,N,156,2009,South,56459.72,Year,Y,Certified
EZYV22962,Asia,High School,Y,N,1448,1961,South,98577.27,Year,N,Certified
EZYV7299,Asia,Bachelor's,N,N,5640,1868,Northeast,79905.3,Year,Y,Denied
EZYV1117,Europe,Master's,N,N,619,2000,South,92773.58,Year,Y,Certified
EZYV17166,Europe,High School,N,Y,558,1984,West,192852.94,Year,Y,Denied
EZYV2729,Asia,Master's,N,N,12104,2005,West,48536.48,Year,Y,Denied
EZYV6804,Asia,Bachelor's,N,N,3030,1972,Northeast,67202.95,Year,Y,Certified
EZYV1846,Asia,High School,N,N,2831,1996,Midwest,143807.1,Year,Y,Certified
EZYV9245,Asia,Bachelor's,N,N,2240,2001,South,14439.38,Year,N,Certified
EZYV7663,Asia,Bachelor's,Y,N,2313,2005,South,69039.77,Year,Y,Certified
EZYV8587,Asia,Bachelor's,Y,Y,1155,1998,South,34729.07,Year,Y,Certified
EZYV3860,Asia,High School,Y,N,2991,1899,West,35033.57,Year,Y,Denied
EZYV18512,Asia,Master's,N,Y,681,2000,South,267.1333,Hour,Y,Denied
EZYV9608,Asia,High School,N,N,523,2013,West,126352.88,Year,Y,Denied
EZYV9572,North America,Master's,N,N,3097,2007,South,921.932,Hour,Y,Denied
EZYV3719,Asia,Bachelor's,Y,N,5505,2011,West,64820.28,Year,Y,Certified
EZYV1189,Asia,Bachelor's,N,N,2821,1975,Northeast,85693.22,Year,Y,Denied
EZYV8684,North America,Bachelor's,Y,N,2682,2006,Northeast,23753.74,Year,Y,Certified
EZYV11993,Asia,Master's,Y,N,1299,2013,West,32213.12,Year,Y,Certified
EZYV6578,Asia,Bachelor's,N,N,325,2004,Northeast,1369.56,Year,Y,Denied
EZYV6585,Asia,High School,N,N,1361,2001,Northeast,137993.5,Year,Y,Denied
EZYV2165,Asia,Master's,Y,N,649,2001,South,103107.69,Year,Y,Certified
EZYV24556,Asia,Master's,N,N,4855,1990,Midwest,10038.89,Year,Y,Denied
EZYV8655,Asia,Master's,N,N,1169,1962,South,152496.33,Year,N,Certified
EZYV18445,Asia,Master's,Y,N,321,2015,Midwest,737.4491,Hour,Y,Denied
EZYV6701,Asia,Master's,N,N,4827,1985,West,32151.33,Year,N,Certified
EZYV1022,Asia,Master's,N,N,707,2006,West,40825.98,Year,Y,Denied
EZYV16975,Asia,High School,N,N,3828,1989,West,44659.23,Month,Y,Certified
EZYV1560,Asia,Master's,Y,Y,5743,2001,West,139640.89,Year,Y,Certified
EZYV6523,South America,Bachelor's,Y,N,225,2011,South,93549.36,Year,Y,Certified
EZYV9668,Europe,Bachelor's,Y,N,983,1801,Northeast,341.34,Year,Y,Certified
EZYV13500,North America,Master's,N,N,687,1988,West,46531.75,Year,Y,Certified
EZYV3269,North America,Master's,Y,N,1512,2004,South,52336.12,Year,N,Certified
EZYV9359,Asia,Bachelor's,N,N,1875,2013,West,90230.35,Year,Y,Certified
EZYV20481,Europe,Master's,N,N,2184,2012,West,11323.59,Year,Y,Certified
EZYV20872,Europe,Bachelor's,Y,N,2205,2003,West,152811.59,Year,Y,Certified
EZYV18138,Asia,Master's,N,N,5369,1952,Midwest,146605.22,Year,N,Certified
EZYV12805,Europe,Master's,Y,N,2064,2007,Midwest,12645.53,Year,Y,Certified
EZYV14635,Asia,High School,N,N,870,1838,West,120380.18,Year,N,Denied
EZYV7007,North America,Bachelor's,Y,N,22417,2001,South,499.2207,Hour,Y,Denied
EZYV9258,North America,Doctorate,Y,N,2825,1999,Northeast,137969.16,Year,Y,Certified
EZYV18885,Europe,Bachelor's,Y,N,5881,1997,West,15058.32,Year,Y,Certified
EZYV5162,Asia,High School,Y,Y,625,1985,South,71068.04,Year,Y,Denied
EZYV11292,Asia,Master's,N,N,2058,1855,South,125473.59,Year,Y,Denied
EZYV21916,Asia,High School,N,N,200,1988,Northeast,109914.11,Year,Y,Denied
EZYV24231,Asia,High School,N,N,307,1930,South,359.7006,Hour,Y,Certified
EZYV24979,Europe,High School,Y,Y,606,2009,South,17958.29,Year,Y,Denied
EZYV21883,Asia,Master's,N,N,2251,1971,West,560.8596,Hour,Y,Denied
EZYV6165,Asia,Bachelor's,N,N,3551,2003,South,61573.98,Year,Y,Denied
EZYV19905,Europe,High School,Y,N,4568,1878,West,44580.47,Year,Y,Certified
EZYV12345,North America,Bachelor's,Y,N,445,2004,Northeast,132761.07,Year,Y,Denied
EZYV17138,South America,Master's,Y,N,101,1946,Midwest,111392.4,Year,Y,Certified
EZYV3501,Asia,Master's,Y,Y,2442,1983,South,98456.03,Year,Y,Certified
EZYV20888,Asia,Bachelor's,N,N,1080,1972,West,29160.88,Year,Y,Certified
EZYV24618,Asia,Bachelor's,Y,N,2739,2005,Northeast,115193.45,Year,Y,Certified
EZYV3640,North America,Master's,N,N,3973,1960,South,127517.66,Year,N,Denied
EZYV5510,Asia,High School,Y,N,2932,2004,Northeast,91941.08,Year,N,Denied
EZYV13598,Europe,Bachelor's,Y,N,413,1950,West,55242.03,Year,Y,Certified
EZYV18462,Asia,Bachelor's,Y,N,1604,1957,West,105.24,Hour,Y,Certified
EZYV20666,Asia,Master's,N,N,1635,2001,West,83227.36,Year,Y,Denied
EZYV9547,North America,Bachelor's,Y,N,5141,1978,South,670.6567,Hour,Y,Certified
EZYV11381,North America,Bachelor's,Y,N,662,1999,Northeast,129670.44,Year,Y,Denied
EZYV17961,Asia,Bachelor's,Y,N,1290,2012,South,835.2531,Hour,Y,Denied
EZYV1198,Asia,Bachelor's,Y,N,633,1980,South,81047.49,Year,Y,Certified
EZYV1825,Asia,Master's,Y,Y,498,1999,West,113307.53,Year,Y,Certified
EZYV10974,Asia,Bachelor's,N,N,2848,1935,Northeast,126381.75,Year,Y,Certified
EZYV13610,Asia,High School,N,N,762,2013,Midwest,87327.04,Year,Y,Denied
EZYV17373,Europe,Bachelor's,Y,Y,3538,2008,Midwest,1634.39,Year,Y,Certified
EZYV680,Asia,Bachelor's,N,N,26126,1997,Northeast,65393.27,Year,Y,Denied
EZYV18041,Asia,Master's,Y,N,3771,1871,Midwest,95153.67,Year,N,Certified
EZYV3941,Asia,Bachelor's,Y,Y,1861,1941,Northeast,122770.0,Year,Y,Certified
EZYV15766,Asia,Master's,Y,N,1470,1986,Northeast,51818.99,Year,Y,Certified
EZYV13025,Asia,Doctorate,N,N,2398,1987,South,86846.51,Year,Y,Certified
EZYV20233,Asia,Bachelor's,Y,N,4619,1964,Northeast,28153.92,Year,Y,Certified
EZYV2883,Asia,Master's,Y,N,2788,1941,West,94094.11,Year,Y,Certified
EZYV23645,Asia,Master's,Y,N,580,2001,South,411.4752,Hour,Y,Denied
EZYV13793,Asia,Bachelor's,Y,N,1632,2005,Northeast,59170.21,Year,Y,Certified
EZYV14485,Asia,Master's,N,N,4634,1988,West,31630.2,Year,Y,Certified
EZYV22387,Asia,Master's,N,Y,2066,1843,South,169536.05,Year,Y,Denied
EZYV14161,Asia,Bachelor's,Y,N,6052,1991,West,120838.39,Year,Y,Certified
EZYV3251,Asia,Bachelor's,Y,N,1132,2000,Midwest,42854.79,Year,Y,Certified
EZYV13042,Asia,Bachelor's,Y,N,1817,2008,Northeast,104054.69,Year,Y,Denied
EZYV2132,Europe,Doctorate,Y,N,16,1998,West,15996.73,Year,Y,Certified
EZYV24406,Europe,Master's,Y,N,2216,1947,Northeast,118495.9,Year,Y,Certified
EZYV18206,North America,Bachelor's,N,N,1817,2010,West,63444.38,Year,Y,Denied
EZYV16252,Asia,High School,N,Y,4632,1968,South,76955.63,Year,Y,Denied
EZYV21976,Asia,Master's,N,N,4789,1998,Midwest,137190.68,Year,N,Certified
EZYV749,South America,Bachelor's,Y,N,84,2004,South,157465.74,Year,Y,Certified
EZYV12164,Asia,High School,Y,N,2936,2012,Midwest,106274.55,Year,Y,Denied
EZYV6197,Asia,Doctorate,Y,N,1391,1959,West,65761.62,Year,Y,Certified
EZYV16765,Europe,Doctorate,N,N,1769,1984,Northeast,67428.54,Year,Y,Certified
EZYV13848,North America,Master's,Y,N,1634,2013,South,923.4368,Hour,Y,Denied
EZYV2067,Oceania,High School,Y,Y,2044,1932,West,239773.63,Year,Y,Certified
EZYV21506,Europe,High School,Y,Y,1597,1977,Northeast,548.6305,Hour,Y,Certified
EZYV17333,Asia,Master's,Y,N,4356,2002,Northeast,104990.56,Year,Y,Certified
EZYV15738,Asia,Master's,N,N,4692,2001,Midwest,99526.77,Year,Y,Denied
EZYV21616,Asia,Bachelor's,Y,N,1306,1982,Midwest,73562.26,Year,N,Certified
EZYV21336,Asia,Master's,Y,N,4327,2002,Northeast,153804.48,Year,N,Certified
EZYV8391,Europe,Bachelor's,N,N,3413,1985,West,69162.29,Year,Y,Certified
EZYV15967,Asia,Master's,Y,N,1375,1922,West,47372.4,Year,Y,Certified
EZYV22853,Asia,Bachelor's,Y,N,262,2010,South,53715.27,Year,Y,Certified
EZYV8131,North America,Master's,N,N,3702,1996,West,13960.16,Year,Y,Certified
EZYV11337,South America,Doctorate,Y,Y,2339,2008,South,95988.21,Year,Y,Certified
EZYV12879,South America,High School,Y,N,1375,1974,South,34399.85,Year,Y,Denied
EZYV1405,North America,Master's,N,N,818,1984,West,79494.65,Year,Y,Denied
EZYV21764,Europe,Bachelor's,Y,N,3903,2005,West,55893.17,Year,Y,Denied
EZYV10763,Asia,High School,N,N,291,2009,Midwest,100411.0,Year,Y,Denied
EZYV3063,North America,Bachelor's,N,N,2958,2005,South,64913.28,Year,Y,Denied
EZYV18936,Asia,Bachelor's,N,N,3825,1999,West,109462.57,Year,Y,Certified
EZYV4716,Asia,Bachelor's,Y,N,128236,2003,South,86421.64,Year,Y,Denied
EZYV13528,Asia,Bachelor's,Y,N,1720,2006,West,86388.84,Year,Y,Certified
EZYV19882,Europe,Bachelor's,Y,N,1701,1991,West,92960.01,Year,Y,Certified
EZYV7608,North America,Master's,N,Y,4151,1989,West,40453.06,Year,Y,Denied
EZYV13162,Asia,High School,Y,N,3413,1998,South,4001.26,Year,Y,Denied
EZYV14923,North America,Bachelor's,N,N,64,2005,Northeast,90650.03,Year,N,Denied
EZYV2150,North America,Master's,Y,N,4579,1855,Northeast,108576.65,Year,Y,Certified
EZYV13814,North America,Master's,Y,N,1976,2008,Island,136323.49,Year,Y,Certified
EZYV23918,Asia,Bachelor's,Y,N,2066,1998,Northeast,34496.72,Month,Y,Denied
EZYV1366,North America,Master's,Y,N,4655,2003,West,29808.92,Year,Y,Certified
EZYV9127,Asia,Master's,Y,N,720,1999,Midwest,137154.34,Year,Y,Certified
EZYV10391,Asia,High School,N,N,3528,1945,Midwest,47052.99,Year,Y,Denied
EZYV14214,Asia,Master's,Y,N,3914,2005,Midwest,32104.03,Year,Y,Certified
EZYV14049,Africa,Master's,Y,N,1881,2007,Northeast,72474.03,Year,Y,Certified
EZYV3345,Europe,Bachelor's,Y,N,4881,1840,South,55681.31,Year,Y,Certified
EZYV25441,Asia,Master's,Y,N,189,1999,South,107049.53,Year,N,Certified
EZYV10723,Asia,Bachelor's,Y,N,3230,1875,South,133638.43,Year,Y,Certified
EZYV9244,Asia,Bachelor's,N,N,2535,2011,West,75483.16,Year,Y,Certified
EZYV1224,North America,Bachelor's,Y,N,1599,1982,South,37720.38,Year,Y,Certified
EZYV4059,Asia,Bachelor's,Y,N,1114,2005,South,44663.65,Year,Y,Certified
EZYV20963,Asia,Bachelor's,Y,N,2223,2001,Northeast,138363.18,Year,Y,Denied
EZYV24720,Asia,Bachelor's,Y,N,3074,1977,South,82099.8,Year,Y,Certified
EZYV13381,Asia,Bachelor's,N,N,4261,1983,Northeast,62868.44,Year,Y,Certified
EZYV1114,Asia,Master's,Y,N,123,1945,West,115757.29,Year,N,Certified
EZYV19801,North America,Bachelor's,N,N,2927,1968,Midwest,146041.07,Year,Y,Certified
EZYV20627,Asia,Doctorate,Y,N,89,1993,Midwest,47187.3,Year,Y,Certified
EZYV16818,Europe,Master's,Y,Y,31,1999,Northeast,55957.34,Year,Y,Certified
EZYV19317,Europe,Master's,Y,N,4454,1998,West,102657.47,Year,Y,Certified
EZYV14737,Asia,Bachelor's,Y,N,1409,2008,South,19863.08,Year,Y,Denied
EZYV19909,Asia,Master's,Y,N,2958,2013,South,98581.31,Year,Y,Certified
EZYV16737,Asia,Master's,Y,N,4059,1999,Midwest,67794.35,Year,Y,Certified
EZYV4299,Europe,Bachelor's,N,N,4212,1982,Midwest,128894.18,Year,Y,Certified
EZYV2935,Asia,Bachelor's,Y,N,964,1968,West,410.6198,Hour,Y,Certified
EZYV9478,Asia,Doctorate,Y,N,232,1977,West,108866.67,Year,Y,Certified
EZYV12271,Asia,High School,Y,N,4090,1994,Northeast,55024.34,Year,Y,Denied
EZYV19051,Asia,Bachelor's,Y,N,1990,2011,Midwest,899.036,Hour,Y,Certified
EZYV16787,Asia,Bachelor's,Y,N,994,1988,Island,81825.3,Year,Y,Certified
EZYV2960,Asia,Master's,Y,N,75,2002,Northeast,78606.65,Year,Y,Certified
EZYV6052,Europe,Bachelor's,Y,Y,1127,2011,South,31585.31,Year,Y,Certified
EZYV11495,Asia,High School,Y,N,3705,2002,Midwest,119525.69,Year,Y,Denied
EZYV8148,North America,Master's,Y,N,766,1999,West,20122.31,Year,Y,Denied
EZYV22552,South America,Doctorate,Y,N,12071,1925,West,34971.14,Year,Y,Certified
EZYV24062,Asia,Master's,N,N,900,1962,West,128104.61,Year,Y,Denied
EZYV10605,North America,Master's,N,N,1263,1847,Midwest,79667.32,Year,N,Certified
EZYV22005,Asia,Bachelor's,Y,N,1082,1997,South,125113.27,Year,Y,Certified
EZYV19,Africa,Master's,Y,N,4743,2004,Midwest,150441.13,Year,Y,Certified
EZYV12225,Asia,Bachelor's,Y,N,361,1975,South,79835.05,Year,N,Certified
EZYV6676,Asia,Bachelor's,Y,N,1198,1977,South,92156.82,Year,Y,Certified
EZYV13278,Asia,Bachelor's,N,N,2317,2006,West,71491.69,Year,Y,Denied
EZYV16386,Africa,Master's,Y,N,615,1997,Midwest,72873.9,Year,Y,Certified
EZYV11969,Asia,High School,Y,N,2449,1992,West,9255.26,Year,Y,Denied
EZYV4779,Asia,Bachelor's,Y,N,192494,2006,West,43244.46,Year,Y,Certified
EZYV12884,Asia,Master's,Y,Y,2648,1996,Midwest,96983.3,Year,Y,Denied
EZYV11141,Europe,Doctorate,N,N,483,1928,Midwest,10719.6,Year,Y,Certified
EZYV11508,Asia,High School,Y,N,2090,1975,Midwest,82741.89,Year,Y,Denied
EZYV21983,Asia,Master's,Y,N,1663,1998,Midwest,123447.58,Year,Y,Certified
EZYV6209,Asia,Bachelor's,Y,N,482,2005,Northeast,55136.54,Year,N,Certified
EZYV6340,Europe,High School,N,Y,379,2005,South,167544.38,Year,Y,Denied
EZYV11233,Asia,High School,Y,N,3690,1989,Northeast,10886.32,Year,Y,Denied
EZYV20933,Asia,Bachelor's,Y,Y,3348,2007,Midwest,123744.25,Year,N,Certified
EZYV22004,Asia,Bachelor's,N,N,1512,2007,South,90826.28,Year,Y,Denied
EZYV4219,Asia,Bachelor's,Y,N,4116,2008,West,71500.57,Year,Y,Certified
EZYV23890,Asia,Bachelor's,Y,N,350,1875,West,66180.15,Year,Y,Denied
EZYV3514,Asia,Doctorate,N,Y,106,2006,West,47645.58,Year,Y,Denied
EZYV4819,Europe,Bachelor's,Y,Y,2522,1975,South,42842.74,Year,Y,Certified
EZYV24486,Asia,Bachelor's,Y,N,707,2006,Northeast,106817.92,Year,Y,Certified
EZYV15593,Asia,Bachelor's,Y,N,1087,1973,Northeast,121547.28,Year,Y,Certified
EZYV11199,Asia,Master's,Y,N,1148,2010,Northeast,10194.35,Year,Y,Certified
EZYV14983,Asia,Master's,Y,N,674,1997,West,50969.31,Year,Y,Certified
EZYV13095,South America,Master's,Y,N,640,1920,West,60562.68,Year,Y,Denied
EZYV1138,Asia,Bachelor's,N,N,4965,1993,South,89875.83,Year,N,Certified
EZYV13719,North America,Bachelor's,Y,N,891,2000,Northeast,663.237,Hour,Y,Certified
EZYV18898,Asia,Master's,N,N,5964,1987,West,51883.77,Year,N,Denied
EZYV8849,Asia,Master's,N,N,3038,2005,Midwest,239400.63,Year,Y,Certified
EZYV4125,Europe,Doctorate,Y,N,2752,2005,West,30947.93,Year,Y,Certified
EZYV4853,Asia,Master's,Y,N,3424,1980,West,81096.92,Year,Y,Certified
EZYV10791,Asia,Bachelor's,Y,N,4468,1972,Island,175553.7,Year,Y,Denied
EZYV5577,Asia,Master's,Y,N,114,1998,South,152880.13,Year,Y,Certified
EZYV24043,Europe,Bachelor's,N,N,147,1838,West,22857.28,Year,Y,Certified
EZYV1297,Asia,Bachelor's,Y,N,3820,1991,West,30089.1,Year,Y,Certified
EZYV2556,Asia,Master's,Y,N,1896,1995,Northeast,52219.23,Year,N,Certified
EZYV1915,Asia,High School,Y,N,483,1999,South,52608.27,Year,Y,Certified
EZYV11551,Asia,Bachelor's,N,N,626,2007,Northeast,158.97,Hour,Y,Certified
EZYV8757,Europe,High School,Y,N,2305,2014,West,27490.38,Year,Y,Denied
EZYV14124,Asia,Master's,Y,N,1087,1984,Midwest,107005.5,Year,Y,Certified
EZYV17038,Asia,High School,Y,Y,1209,2010,South,105078.17,Year,Y,Certified
EZYV12950,Asia,High School,N,N,804,1863,Midwest,117488.78,Year,Y,Denied
EZYV21064,Asia,Master's,Y,N,5839,2006,Northeast,142618.18,Year,Y,Denied
EZYV5302,Asia,Bachelor's,Y,N,100790,1818,South,186343.57,Year,Y,Certified
EZYV5763,Asia,Bachelor's,Y,N,3814,1916,Northeast,140493.16,Year,Y,Certified
EZYV16886,Asia,Master's,Y,N,1729,2003,Northeast,91214.37,Year,Y,Certified
EZYV14011,Europe,Doctorate,Y,Y,2670,1991,West,138974.94,Year,Y,Certified
EZYV18678,Asia,Bachelor's,N,N,398,1998,South,87555.69,Year,Y,Denied
EZYV9368,Asia,High School,N,N,368,2004,South,433.3591,Hour,Y,Denied
EZYV19688,Asia,Bachelor's,Y,N,2073,2010,South,54386.28,Year,Y,Certified
EZYV17344,Europe,Doctorate,N,N,5005,1991,West,1264.1,Year,Y,Certified
EZYV13835,Asia,Master's,N,N,3004,1998,Midwest,127890.8,Year,Y,Certified
EZYV20915,Asia,Bachelor's,N,N,451,1998,Northeast,139741.99,Year,Y,Denied
EZYV10521,Asia,Master's,N,Y,748,1989,Northeast,39582.55,Year,Y,Certified
EZYV1835,Asia,Bachelor's,Y,N,451,1968,West,816.7541,Hour,Y,Certified
EZYV10551,Europe,Bachelor's,N,N,840,1952,Northeast,178.5808,Hour,Y,Certified
EZYV10924,Europe,Doctorate,Y,Y,5297,1998,West,38086.35,Year,Y,Certified
EZYV21308,Europe,Bachelor's,Y,Y,338,1947,South,99831.62,Year,Y,Certified
EZYV19806,Asia,Bachelor's,N,N,1235,1949,West,12965.95,Year,N,Denied
EZYV9206,Asia,Master's,N,N,649,2009,South,77776.04,Year,Y,Certified
EZYV23658,Asia,Doctorate,N,Y,86,1993,South,132195.55,Year,Y,Denied
EZYV13307,Asia,Bachelor's,N,N,2928,2002,West,10267.71,Year,Y,Certified
EZYV16103,Asia,Bachelor's,Y,Y,3146,2003,West,32973.26,Year,Y,Denied
EZYV14975,Asia,Bachelor's,N,Y,3118,1998,South,53131.63,Year,Y,Certified
EZYV3398,Europe,Master's,Y,Y,2190,1994,Island,60605.79,Year,Y,Certified
EZYV13331,South America,Master's,N,N,1134,2009,Midwest,73243.44,Year,Y,Certified
EZYV21689,Asia,Master's,N,N,3989,1998,Midwest,44454.62,Year,N,Certified
EZYV5832,Asia,Bachelor's,N,Y,1050,1966,South,137365.58,Year,Y,Denied
EZYV13819,Asia,Bachelor's,N,N,1772,1998,Island,193740.88,Week,Y,Denied
EZYV16123,North America,Master's,N,N,1465,1987,Northeast,80723.95,Year,N,Certified
EZYV16817,Asia,Bachelor's,N,Y,39,1985,West,120189.42,Year,Y,Certified
EZYV6763,Asia,High School,N,N,10337,1999,Midwest,259277.18,Year,Y,Denied
EZYV10555,Asia,Bachelor's,Y,N,50,1993,West,104502.66,Year,Y,Denied
EZYV24912,Asia,Bachelor's,Y,N,2913,2011,Northeast,101317.47,Year,Y,Certified
EZYV3599,Asia,Master's,N,N,694,1962,Northeast,106.8412,Hour,Y,Denied
EZYV11572,Asia,High School,Y,N,918,1987,South,626.7561,Hour,Y,Denied
EZYV6216,Asia,Master's,Y,N,3971,2007,Northeast,62707.52,Year,Y,Certified
EZYV306,North America,Master's,Y,N,48369,2007,West,53304.04,Year,Y,Certified
EZYV76,North America,Bachelor's,N,N,85,1999,Northeast,330.3743,Hour,Y,Denied
EZYV1213,Asia,High School,N,N,31859,1964,South,932.9804,Hour,Y,Certified
EZYV877,South America,Bachelor's,Y,N,731,2004,Northeast,82.0029,Hour,Y,Denied
EZYV17160,Asia,Master's,Y,N,1619,2004,Midwest,49111.05,Year,Y,Certified
EZYV1964,Asia,Bachelor's,N,N,2240,1992,Northeast,36934.32,Year,Y,Denied
EZYV13857,Asia,Master's,N,N,587,1977,South,97534.67,Year,Y,Certified
EZYV13358,Asia,Master's,Y,N,601,1998,Midwest,87628.76,Week,Y,Certified
EZYV5707,Asia,High School,Y,N,1336,1902,Midwest,69003.24,Year,Y,Denied
EZYV21044,Asia,High School,N,Y,2345,1945,Northeast,41363.32,Year,Y,Denied
EZYV21779,Asia,Bachelor's,Y,N,901,1998,Midwest,67695.54,Year,Y,Certified
EZYV12910,Asia,High School,Y,N,1281,2000,West,163184.52,Year,N,Denied
EZYV1622,Asia,Master's,Y,N,1426,2007,West,107487.46,Year,N,Certified
EZYV19588,Asia,Master's,Y,N,2803,1998,Northeast,62891.93,Year,Y,Denied
EZYV7610,North America,Bachelor's,Y,N,3368,1947,West,111.64,Hour,Y,Certified
EZYV4513,Europe,Bachelor's,Y,N,2866,1885,South,10376.12,Year,Y,Certified
EZYV10226,Europe,Bachelor's,N,Y,583,1959,South,11573.92,Year,Y,Certified
EZYV3994,Asia,Master's,Y,N,1300,1960,Midwest,165240.73,Year,N,Certified
EZYV18508,Europe,Master's,Y,N,29,1983,Midwest,88465.75,Year,Y,Certified
EZYV8492,North America,Bachelor's,Y,N,1763,2004,South,25713.98,Year,Y,Certified
EZYV15329,Asia,Bachelor's,Y,N,24655,1997,South,58160.97,Year,Y,Certified
EZYV8407,South America,Bachelor's,N,N,3956,2004,Northeast,58380.43,Year,Y,Denied
EZYV22703,Europe,Master's,Y,N,2632,1997,Northeast,91721.82,Year,Y,Certified
EZYV11024,Asia,Bachelor's,N,N,1203,2007,Midwest,115527.9,Year,Y,Certified
EZYV15279,Asia,Master's,N,N,2445,2005,Midwest,111414.5,Year,Y,Certified
EZYV22645,Asia,Bachelor's,Y,N,2086,1997,South,88611.11,Year,Y,Certified
EZYV11812,Asia,Bachelor's,Y,N,1358,1986,Northeast,146403.6,Year,Y,Denied
EZYV441,Asia,Master's,N,N,614,1999,West,83824.94,Year,Y,Denied
EZYV19634,Asia,Bachelor's,Y,N,2615,1999,South,48369.84,Year,Y,Denied
EZYV5647,Asia,Bachelor's,Y,N,203,1986,West,119102.81,Year,Y,Certified
EZYV3362,North America,Master's,Y,N,1354,1998,South,112522.92,Year,Y,Certified
EZYV9867,Asia,Bachelor's,Y,N,1738,2005,Midwest,54687.3,Year,Y,Certified
EZYV25176,Asia,Master's,N,N,4800,1986,West,13576.66,Year,Y,Denied
EZYV24605,South America,Bachelor's,N,Y,2183,1960,West,14193.01,Year,Y,Certified
EZYV14757,Asia,High School,N,N,743,1854,Northeast,139185.13,Year,Y,Denied
EZYV11202,Europe,Doctorate,N,N,1306,1864,Northeast,55.7084,Hour,Y,Certified
EZYV21178,Asia,Bachelor's,Y,N,7828,1857,West,28538.06,Year,Y,Certified
EZYV210,Asia,Master's,N,N,3233,2012,South,62640.94,Year,N,Certified
EZYV22613,North America,Master's,N,N,3141,1997,West,55177.78,Year,Y,Denied
EZYV1267,Europe,Master's,Y,N,4644,1969,Northeast,42350.98,Year,Y,Certified
EZYV19276,North America,Bachelor's,Y,N,3976,2004,Northeast,108004.67,Year,Y,Denied
EZYV4651,Europe,Bachelor's,Y,Y,954,2008,Northeast,70300.43,Year,Y,Denied
EZYV23288,Asia,Bachelor's,Y,N,3680,1897,South,76583.72,Year,Y,Certified
EZYV2814,Asia,High School,N,N,1463,1999,South,58960.18,Year,N,Denied
EZYV14208,Europe,Doctorate,Y,Y,3303,1988,West,31582.0,Year,Y,Certified
EZYV6955,Asia,Master's,Y,N,3015,1873,Midwest,79679.26,Year,Y,Certified
EZYV11240,Asia,Bachelor's,Y,N,4984,2010,Northeast,165751.92,Year,Y,Denied
EZYV19130,Asia,Bachelor's,Y,Y,720,2001,South,67529.66,Year,Y,Denied
EZYV22920,Asia,Master's,Y,N,835,2007,Northeast,50485.91,Year,Y,Certified
EZYV16268,North America,Doctorate,Y,N,1983,1998,South,79534.84,Year,Y,Certified
EZYV10783,Asia,Master's,Y,N,5275,2005,Midwest,28085.45,Year,Y,Certified
EZYV1279,Asia,Bachelor's,N,N,884,1990,Midwest,116630.43,Year,Y,Certified
EZYV16676,Asia,Bachelor's,Y,N,436,1934,Northeast,89648.45,Year,Y,Certified
EZYV8979,Europe,Master's,N,N,3118,1992,West,2979.71,Year,Y,Certified
EZYV20093,Asia,Doctorate,N,Y,2237,1961,Midwest,60980.52,Year,Y,Certified
EZYV23074,Asia,Bachelor's,Y,Y,3386,1995,South,47855.94,Year,Y,Denied
EZYV24725,Asia,Bachelor's,Y,N,4406,1997,Northeast,69711.77,Year,Y,Certified
EZYV12075,Asia,High School,N,N,4082,1903,West,734.1893,Hour,Y,Denied
EZYV11555,North America,Bachelor's,N,N,704,1972,Island,107714.3,Year,Y,Certified
EZYV16930,Asia,Master's,Y,N,920,1951,West,28309.92,Year,Y,Certified
EZYV20243,Asia,Master's,N,Y,892,1986,West,56635.31,Year,Y,Denied
EZYV25120,Europe,Doctorate,N,Y,182,1954,West,71236.73,Year,N,Denied
EZYV10815,Asia,Master's,N,N,400,1838,Midwest,39184.99,Year,N,Certified
EZYV14373,North America,Master's,Y,N,455,1999,Island,124729.03,Year,Y,Certified
EZYV18770,North America,High School,N,N,1551,1839,West,1200.61,Year,Y,Certified
EZYV16767,Asia,Master's,Y,N,1112,1993,Northeast,158377.02,Year,N,Certified
EZYV21152,Asia,Master's,Y,N,4133,1994,South,48863.44,Year,Y,Certified
EZYV13963,North America,High School,Y,N,2611,2012,Island,78954.88,Year,Y,Denied
EZYV23842,Asia,Master's,N,N,909,1971,West,43432.67,Year,Y,Denied
EZYV24813,Europe,Bachelor's,N,N,1985,2003,South,76313.45,Year,Y,Denied
EZYV7231,Asia,High School,N,N,795,1949,Northeast,118802.08,Year,Y,Denied
EZYV13006,Asia,Bachelor's,N,N,1160,2014,Northeast,71034.56,Year,N,Denied
EZYV22695,Asia,Master's,Y,Y,1909,2010,West,73124.29,Year,Y,Denied
EZYV23104,Asia,High School,Y,N,4554,1976,Northeast,10120.12,Year,Y,Denied
EZYV7804,Asia,High School,Y,N,3435,2003,Northeast,18651.15,Year,Y,Denied
EZYV5889,Asia,Bachelor's,Y,N,1241,1988,Northeast,115712.11,Year,N,Certified
EZYV23512,Asia,High School,Y,N,1579,2001,South,84336.99,Year,Y,Certified
EZYV25308,Asia,Master's,Y,N,2673,2006,Midwest,40562.75,Year,Y,Certified
EZYV1271,Asia,Bachelor's,Y,N,946,2008,Northeast,24127.86,Year,Y,Certified
EZYV23988,Asia,Master's,Y,N,5683,2005,Midwest,104478.71,Year,N,Denied
EZYV5206,North America,Master's,N,N,3536,2006,South,24024.58,Year,Y,Certified
EZYV1802,Asia,Bachelor's,Y,N,2887,1990,West,74358.98,Year,Y,Certified
EZYV23544,Asia,Bachelor's,N,N,390,2009,West,118362.11,Year,Y,Denied
EZYV10478,North America,Bachelor's,N,N,1554,2010,South,97090.74,Year,Y,Denied
EZYV25267,Europe,Bachelor's,N,Y,1892,1986,South,3445.4,Year,Y,Certified
EZYV14041,Europe,Bachelor's,Y,N,227,2008,Northeast,37049.23,Year,Y,Certified
EZYV17547,South America,High School,Y,N,3245,2009,Northeast,63593.05,Year,Y,Certified
EZYV25253,South America,Bachelor's,Y,N,3694,1968,Northeast,38316.05,Year,Y,Denied
EZYV23278,Asia,Master's,Y,N,1803,1988,West,129811.82,Year,N,Certified
EZYV20955,Europe,Master's,N,N,5197,1981,Northeast,43845.17,Year,Y,Denied
EZYV24422,North America,Bachelor's,Y,N,2970,2012,West,161328.47,Year,Y,Certified
EZYV24744,Asia,Master's,Y,N,1492,2000,Midwest,247626.74,Year,Y,Certified
EZYV6507,Asia,Doctorate,N,N,2300,1997,Midwest,36226.59,Year,Y,Certified
EZYV2237,Asia,Bachelor's,Y,N,2782,1968,West,70219.01,Year,Y,Certified
EZYV11083,Asia,Bachelor's,Y,N,1883,2006,Northeast,82683.14,Year,Y,Certified
EZYV14662,Africa,High School,Y,N,1429,2008,Midwest,130441.34,Year,Y,Denied
EZYV15272,Asia,Bachelor's,N,N,1045,2006,West,72808.08,Year,N,Denied
EZYV3404,Europe,Bachelor's,Y,N,2131,2005,Northeast,34830.69,Year,Y,Denied
EZYV19963,North America,Doctorate,N,N,919,1994,Northeast,842.9139,Hour,Y,Certified
EZYV18365,Asia,Bachelor's,N,N,4156,1988,Northeast,48673.1,Year,Y,Certified
EZYV20051,Europe,Master's,Y,N,3716,2005,West,42514.7,Year,Y,Certified
EZYV23360,North America,Master's,N,N,726,1976,South,23.6074,Hour,Y,Denied
EZYV1713,Asia,Master's,Y,N,4123,2007,South,67377.09,Year,Y,Certified
EZYV7003,North America,Master's,N,N,4207,2000,West,81046.07,Year,Y,Denied
EZYV17808,Asia,Bachelor's,N,N,1746,1997,Midwest,140257.4,Year,Y,Certified
EZYV6371,Asia,Bachelor's,N,N,2322,2011,West,37858.43,Year,Y,Certified
EZYV16203,Asia,Bachelor's,N,N,3517,2000,West,116.37,Hour,Y,Denied
EZYV3547,Asia,Master's,Y,N,13791,2003,Northeast,27419.66,Year,N,Certified
EZYV4197,Asia,Bachelor's,N,N,12004,1986,West,28289.99,Year,Y,Denied
EZYV12149,Asia,Bachelor's,Y,N,5201,1992,Northeast,86953.71,Year,Y,Certified
EZYV18598,Asia,Master's,Y,N,448,1993,South,97862.47,Year,Y,Certified
EZYV24559,Asia,Master's,Y,Y,2770,1999,West,101089.03,Year,Y,Certified
EZYV14292,Oceania,Bachelor's,Y,N,2650,2005,Northeast,136637.29,Year,Y,Certified
EZYV12184,Asia,Doctorate,Y,N,4986,1993,Midwest,51812.87,Year,N,Certified
EZYV5205,Asia,High School,N,N,3363,1997,Northeast,846.7583,Hour,Y,Denied
EZYV18726,Asia,Master's,Y,N,900,1958,Midwest,87725.51,Year,Y,Certified
EZYV1014,Asia,High School,N,N,3290,2000,Midwest,66828.9,Year,Y,Certified
EZYV2749,Asia,Bachelor's,N,N,3338,1911,Northeast,115774.96,Year,Y,Denied
EZYV14913,Asia,Bachelor's,N,N,1249,1991,West,73468.26,Year,Y,Certified
EZYV24964,Asia,High School,Y,N,2622,2001,Northeast,27969.64,Year,Y,Denied
EZYV16020,Asia,Bachelor's,Y,N,3730,1931,West,131724.11,Year,N,Certified
EZYV24544,Asia,Master's,Y,N,4705,1969,Northeast,27036.48,Year,Y,Certified
EZYV4681,Asia,Bachelor's,N,N,5128,1992,Midwest,69478.33,Year,Y,Denied
EZYV8261,Asia,Bachelor's,Y,N,1719,1898,Midwest,63374.02,Year,Y,Certified
EZYV20824,Asia,Bachelor's,N,N,532,1919,Midwest,66930.01,Year,Y,Certified
EZYV5608,Asia,Master's,Y,N,4296,2008,South,127922.38,Year,Y,Certified
EZYV7264,Asia,High School,Y,N,5902,2001,South,139413.46,Year,Y,Denied
EZYV03,Asia,Bachelor's,N,Y,44444,2008,West,122996.86,Year,Y,Denied
EZYV21498,North America,Doctorate,N,N,1031,1989,South,308.3561,Hour,Y,Certified
EZYV15725,Asia,Bachelor's,N,Y,231,1856,South,97846.26,Year,Y,Certified
EZYV17459,Asia,Master's,N,N,2961,1999,South,37983.27,Year,Y,Certified
EZYV19099,Europe,Bachelor's,Y,N,1493,1974,West,75097.17,Year,Y,Certified
EZYV4676,North America,Master's,N,N,3627,1962,South,43225.62,Year,N,Denied
EZYV18064,Asia,High School,N,N,3028,2013,Northeast,171.0931,Hour,Y,Certified
EZYV24830,Asia,Master's,N,N,2231,1997,West,66016.84,Year,Y,Certified
EZYV3201,Asia,Master's,N,N,3896,1939,Midwest,133619.95,Year,Y,Denied
EZYV7419,Asia,High School,Y,N,1060,1987,Island,35171.48,Year,Y,Denied
EZYV21675,North America,Bachelor's,Y,N,2036,1972,West,166233.77,Year,Y,Certified
EZYV21860,Asia,Bachelor's,N,N,1272,2011,Northeast,140159.53,Year,Y,Denied
EZYV17063,Europe,Master's,Y,N,2019,1977,Midwest,37529.0,Year,Y,Certified
EZYV23583,Asia,Bachelor's,N,N,2550,2006,West,30706.79,Year,Y,Certified
EZYV16159,North America,Master's,Y,N,1282,2011,West,132265.58,Year,Y,Certified
EZYV22533,Asia,Master's,Y,N,6320,1938,Northeast,58677.39,Year,Y,Certified
EZYV10906,Asia,Bachelor's,N,N,1801,1911,Midwest,121447.53,Year,Y,Denied
EZYV14577,North America,Master's,Y,Y,4128,2003,South,125070.15,Year,Y,Certified
EZYV16269,Asia,Bachelor's,N,N,1570,2013,Northeast,70333.09,Year,Y,Certified
EZYV403,Asia,Master's,N,N,1983,2002,South,33049.76,Year,Y,Certified
EZYV21959,Asia,Bachelor's,Y,N,2164,1971,West,112491.57,Year,Y,Denied
EZYV12287,Asia,Master's,Y,N,367,1874,Midwest,115026.6,Year,Y,Certified
EZYV1673,Asia,Bachelor's,N,N,770,2012,West,92085.69,Year,Y,Denied
EZYV4032,Africa,Bachelor's,N,N,4765,1996,Northeast,54235.58,Year,Y,Denied
EZYV15151,Europe,High School,Y,N,2224,2003,Northeast,91794.48,Year,Y,Denied
EZYV6696,Asia,High School,Y,N,4996,1978,South,45160.48,Year,Y,Denied
EZYV21289,North America,Master's,Y,N,85,1933,South,54259.68,Year,Y,Certified
EZYV17526,South America,Master's,Y,Y,985,2009,South,75048.11,Year,Y,Certified
EZYV8696,Asia,High School,N,N,2035,1983,South,153462.39,Year,Y,Denied
EZYV22717,Asia,Master's,Y,N,3271,1999,South,27218.69,Year,N,Denied
EZYV20514,North America,Doctorate,Y,N,2177,1993,West,10327.68,Year,Y,Certified
EZYV24845,Asia,Bachelor's,Y,N,321,2002,Northeast,73881.31,Year,Y,Denied
EZYV5992,North America,Doctorate,N,N,14910,1963,West,664.6442,Hour,Y,Certified
EZYV18685,Asia,Bachelor's,N,N,5328,1998,Northeast,83737.37,Year,Y,Denied
EZYV7480,North America,Master's,N,N,137,1968,Northeast,106782.97,Year,Y,Certified
EZYV3187,Europe,Bachelor's,Y,N,525,1968,West,41442.51,Year,Y,Denied
EZYV20762,North America,Bachelor's,N,N,2127,1966,Northeast,41764.88,Year,Y,Certified
EZYV3497,North America,Master's,Y,N,5788,1904,South,126916.75,Year,N,Certified
EZYV10148,Europe,Bachelor's,Y,N,2080,1901,South,138324.2,Year,Y,Certified
EZYV25211,Asia,Master's,Y,N,1514,1974,West,16840.44,Year,Y,Denied
EZYV14893,Asia,Master's,N,N,1860,2000,West,518.3827,Hour,Y,Denied
EZYV19742,Asia,Master's,Y,N,1406,2000,South,19713.59,Year,Y,Certified
EZYV9577,Asia,Bachelor's,Y,N,5658,2005,Midwest,77492.0,Year,Y,Certified
EZYV42,Asia,Master's,Y,N,1209,1989,Northeast,156326.33,Year,N,Certified
EZYV16675,North America,Master's,N,N,210665,2006,Northeast,71820.25,Year,N,Certified
EZYV12860,Asia,High School,N,N,934,1947,Midwest,27168.42,Year,Y,Denied
EZYV23285,Asia,High School,N,N,267,1884,West,151.1779,Hour,Y,Denied
EZYV15419,Europe,Doctorate,Y,Y,280,1979,South,49609.0,Year,Y,Denied
EZYV13134,Asia,Bachelor's,Y,N,4540,2010,West,87767.77,Year,Y,Certified
EZYV6768,Asia,Master's,Y,N,2778,2002,Northeast,2033.8,Year,Y,Certified
EZYV15071,Asia,High School,Y,N,2037,1971,Northeast,184961.5,Year,Y,Denied
EZYV17959,Asia,Master's,Y,N,229,2009,South,4077.71,Year,Y,Certified
EZYV738,Asia,Master's,Y,N,3484,1821,West,61829.31,Year,Y,Certified
EZYV12682,Asia,Master's,Y,N,416,2000,Midwest,192130.8,Year,Y,Certified
EZYV7905,Asia,Master's,N,N,2154,2001,Northeast,124015.94,Year,N,Certified
EZYV3150,Asia,Bachelor's,N,N,1270,1998,Midwest,92623.62,Year,Y,Denied
EZYV11880,Asia,Master's,N,N,1278,1990,Northeast,131745.49,Year,N,Certified
EZYV17790,North America,Bachelor's,Y,N,1167,2009,Northeast,87751.88,Week,Y,Certified
EZYV2210,Asia,Master's,Y,N,2447,1980,West,3228.8,Year,Y,Certified
EZYV11295,North America,Bachelor's,N,N,3048,2006,West,114991.22,Year,Y,Denied
EZYV23386,Asia,Master's,Y,N,2405,1854,Northeast,129800.15,Year,N,Certified
EZYV9917,Asia,High School,Y,N,176,2003,Midwest,75626.62,Year,Y,Denied
EZYV12904,Asia,High School,Y,N,1416,1870,South,106771.39,Year,Y,Denied
EZYV1373,Asia,Master's,N,N,347,1965,West,34468.68,Year,Y,Denied
EZYV18157,Europe,Doctorate,Y,N,1214,1998,Northeast,110435.4,Year,Y,Certified
EZYV10609,Asia,High School,Y,N,1230,2001,Midwest,42658.22,Year,Y,Denied
EZYV266,South America,High School,Y,N,69469,1974,South,42469.25,Year,Y,Certified
EZYV21683,North America,High School,Y,N,3186,1991,West,55123.02,Year,Y,Certified
EZYV3469,Asia,Bachelor's,Y,N,1562,1899,South,54112.42,Year,Y,Certified
EZYV10525,South America,Bachelor's,Y,N,3494,1961,West,95768.72,Year,Y,Certified
EZYV4789,Europe,Bachelor's,Y,N,574,1959,Midwest,62275.35,Year,Y,Certified
EZYV3971,Asia,Bachelor's,Y,N,3691,1854,Northeast,155524.27,Year,Y,Certified
EZYV9202,Asia,High School,Y,N,1882,1968,South,987.2659,Hour,Y,Denied
EZYV23800,Asia,High School,N,Y,199,1895,South,40882.79,Year,Y,Certified
EZYV9304,Europe,Bachelor's,Y,N,2213,2012,South,25279.65,Year,Y,Certified
EZYV10079,North America,Master's,Y,Y,19143,1898,Northeast,117784.5,Year,Y,Denied
EZYV12852,Asia,Bachelor's,N,Y,2082,2007,West,166060.75,Year,Y,Certified
EZYV24215,Asia,Bachelor's,Y,N,80749,2011,Island,102084.12,Year,N,Denied
EZYV7164,Asia,Bachelor's,N,N,1909,2004,South,78239.03,Year,Y,Denied
EZYV15430,North America,Bachelor's,Y,N,400,2014,South,120941.44,Year,Y,Denied
EZYV5731,Asia,High School,N,N,399,2006,Midwest,151692.73,Year,Y,Denied
EZYV4775,Asia,High School,N,N,1842,1962,Northeast,3603.57,Year,Y,Denied
EZYV16343,Asia,Master's,N,N,352,1998,Midwest,135765.62,Year,Y,Certified
EZYV11865,Asia,High School,N,N,2657,1873,South,134525.35,Month,Y,Denied
EZYV14933,Asia,High School,Y,N,10036,2000,Midwest,97029.72,Year,Y,Denied
EZYV25404,Asia,Bachelor's,Y,N,5050,2001,West,9284.17,Year,Y,Denied
EZYV13110,Europe,Master's,N,Y,261,2004,West,3373.94,Year,Y,Certified
EZYV23808,Asia,Master's,Y,N,2505,2006,Northeast,484.4867,Hour,Y,Certified
EZYV25288,Asia,High School,N,N,3084,1869,South,115337.75,Year,Y,Denied
EZYV13911,Europe,Master's,Y,N,182,1993,West,32473.02,Year,Y,Certified
EZYV19849,Asia,Bachelor's,Y,N,878,2002,South,72473.47,Year,Y,Denied
EZYV20817,Asia,High School,Y,N,854,1994,South,86855.46,Year,Y,Denied
EZYV15874,Europe,High School,N,Y,2127,2001,South,81712.64,Year,Y,Certified
EZYV3753,Asia,Master's,Y,N,2374,1998,West,129632.27,Year,N,Certified
EZYV23856,Asia,Bachelor's,Y,N,1223,1957,West,131329.49,Year,Y,Denied
EZYV23461,Asia,Master's,N,N,1822,1886,Midwest,44645.17,Year,Y,Certified
EZYV13490,Asia,Doctorate,Y,Y,691,2009,West,94406.88,Year,Y,Certified
EZYV6111,Asia,Bachelor's,Y,N,2222,2006,South,66088.63,Year,Y,Certified
EZYV12823,Asia,Master's,Y,N,1207,1855,Midwest,95287.74,Year,Y,Certified
EZYV21972,Asia,Bachelor's,N,N,1171,1946,West,23916.45,Year,Y,Certified
EZYV8626,Asia,Master's,N,N,2635,2005,South,887.2921,Hour,Y,Certified
EZYV16165,Asia,Master's,Y,N,4986,2007,Northeast,8800.99,Year,Y,Certified
EZYV17824,Asia,Bachelor's,Y,N,2084,1995,South,28486.1,Year,Y,Certified
EZYV8933,North America,Master's,Y,N,1539,1977,South,128710.47,Year,N,Certified
EZYV23066,Asia,High School,N,N,1822,1853,Midwest,101343.25,Year,Y,Denied
EZYV19666,North America,Bachelor's,N,N,1992,1885,South,174281.36,Year,Y,Denied
EZYV10283,Asia,Master's,N,N,3591,1946,Island,65745.12,Year,Y,Certified
EZYV24847,North America,Master's,N,N,50,1979,South,283.2243,Hour,Y,Denied
EZYV9436,North America,Master's,Y,N,4546,2005,West,27175.26,Year,Y,Certified
EZYV1428,Europe,Doctorate,Y,Y,4090,1997,West,10332.47,Year,Y,Certified
EZYV25300,Asia,Master's,Y,N,1543,2000,West,90636.54,Year,Y,Certified
EZYV10647,North America,Master's,Y,N,14047,2003,Midwest,183734.26,Year,Y,Certified
EZYV12986,Europe,Doctorate,N,N,438,2005,Midwest,707.13,Year,Y,Certified
EZYV8376,Asia,High School,Y,N,425,1984,Northeast,15853.54,Year,Y,Denied
EZYV23879,Europe,Doctorate,N,N,470,2004,South,29690.01,Year,Y,Certified
EZYV6339,Asia,Doctorate,N,N,2448,2009,Northeast,63992.87,Year,Y,Certified
EZYV12758,Asia,Bachelor's,Y,N,61504,2001,West,85071.94,Year,Y,Certified
EZYV16850,Asia,Bachelor's,Y,N,3849,2004,Midwest,27778.12,Year,Y,Certified
EZYV3290,Asia,Doctorate,Y,N,2215,2014,South,4048.25,Year,Y,Certified
EZYV13569,Europe,High School,Y,N,543,2001,South,28108.94,Year,Y,Denied
EZYV4372,Asia,Master's,Y,N,1726,1984,Midwest,145363.03,Year,Y,Certified
EZYV12292,Asia,Bachelor's,Y,N,1469,2012,Midwest,91124.23,Year,Y,Denied
EZYV5079,Asia,Bachelor's,Y,N,1260,2007,West,265.7185,Hour,Y,Certified
EZYV2773,North America,Master's,Y,N,75457,1963,West,739.7268,Hour,Y,Certified
EZYV12139,South America,Master's,Y,N,3039,2000,West,96504.09,Year,Y,Denied
EZYV16348,Europe,Doctorate,Y,N,3222,2007,South,96078.78,Year,Y,Certified
EZYV25163,South America,Master's,N,N,2065,2011,West,47585.11,Year,Y,Denied
EZYV19361,Asia,Doctorate,Y,Y,4106,1985,Northeast,67699.94,Year,Y,Denied
EZYV22433,Asia,Master's,N,N,117226,2008,Northeast,17257.46,Year,Y,Denied
EZYV17270,Europe,Master's,Y,N,1001,1953,South,50436.32,Year,Y,Certified
EZYV22760,Asia,Master's,Y,N,5980,2008,South,128286.39,Year,Y,Certified
EZYV23345,Europe,Doctorate,N,N,882,2013,Northeast,6574.39,Year,Y,Certified
EZYV982,Asia,Master's,Y,N,3107,1997,Northeast,89256.68,Year,Y,Certified
EZYV14829,Asia,Bachelor's,Y,N,2893,2001,Island,73518.61,Year,Y,Certified
EZYV14919,Asia,Master's,Y,N,1281,2008,Midwest,42851.38,Year,Y,Certified
EZYV15900,North America,Master's,Y,N,98046,2011,Northeast,213660.93,Year,Y,Certified
EZYV18249,Asia,Master's,Y,N,4637,2005,West,176630.61,Year,Y,Certified
EZYV13658,Europe,High School,Y,N,4089,1978,West,46415.35,Year,Y,Denied
EZYV13771,Asia,High School,Y,N,3429,1986,Midwest,138.0747,Hour,Y,Denied
EZYV3293,North America,Bachelor's,Y,N,1600,1817,Northeast,66644.55,Year,Y,Certified
EZYV3939,Asia,Bachelor's,N,N,2103,2007,South,38.9863,Hour,Y,Denied
EZYV19521,Asia,High School,Y,N,339,1872,South,74280.78,Year,Y,Denied
EZYV16419,Asia,Master's,Y,N,311,1962,Northeast,91917.15,Year,Y,Certified
EZYV2307,Asia,Bachelor's,N,N,1390,1869,Midwest,57223.18,Year,Y,Certified
EZYV5456,North America,Doctorate,Y,Y,2038,2007,Northeast,3.4889,Hour,Y,Certified
EZYV22154,North America,Master's,Y,N,18587,1919,South,60626.58,Year,N,Certified
EZYV7681,Africa,High School,N,N,2691,2005,South,99416.31,Year,Y,Denied
EZYV23622,Oceania,Master's,Y,N,1820,1904,West,92178.26,Year,Y,Certified
EZYV24585,Europe,Bachelor's,Y,Y,2127,1953,Midwest,2025.43,Year,Y,Certified
EZYV11537,North America,Bachelor's,Y,N,3349,2008,West,154827.25,Year,Y,Certified
EZYV21793,Europe,Doctorate,N,N,3772,1998,West,45894.14,Year,Y,Certified
EZYV11893,Asia,Bachelor's,N,Y,2141,1999,West,87868.22,Year,Y,Denied
EZYV5828,Asia,High School,Y,N,1452,1936,South,28602.29,Year,Y,Denied
EZYV14134,Asia,Bachelor's,N,N,9304,2006,South,969.8438,Hour,Y,Denied
EZYV5295,North America,Bachelor's,Y,N,2461,1996,South,85840.33,Year,Y,Certified
EZYV16694,Asia,Master's,N,N,107,2012,Northeast,409.975,Hour,Y,Denied
EZYV11184,Europe,Master's,N,N,1255,2005,West,105691.4,Year,Y,Denied
EZYV11313,Asia,Master's,Y,N,1834,1995,South,832.6108,Hour,Y,Certified
EZYV17032,Asia,Master's,N,N,42,1985,West,500.4,Hour,Y,Denied
EZYV11299,Europe,Master's,N,N,1016,1992,South,68818.62,Year,Y,Certified
EZYV3300,Asia,Master's,Y,N,21531,2007,West,61970.98,Year,Y,Certified
EZYV13103,North America,High School,N,Y,1682,1994,West,124.49,Hour,Y,Denied
EZYV23897,Asia,Master's,Y,N,1447,2014,West,104346.53,Year,Y,Certified
EZYV18931,Asia,Bachelor's,Y,N,5232,1975,Midwest,3303.09,Year,Y,Certified
EZYV4700,Asia,Bachelor's,Y,N,4331,1954,South,26279.6,Year,Y,Certified
EZYV2233,Asia,Bachelor's,Y,N,964,1996,Midwest,97618.82,Year,Y,Certified
EZYV19336,Asia,High School,Y,N,6738,2011,South,15445.23,Year,Y,Denied
EZYV6301,Asia,Bachelor's,Y,N,884,1987,Midwest,284.0018,Hour,Y,Denied
EZYV5811,Asia,Bachelor's,N,N,5956,1984,South,93950.39,Year,Y,Denied
EZYV593,Asia,Master's,N,N,621,1997,West,12210.01,Year,Y,Denied
EZYV8450,Asia,Master's,Y,N,1497,1912,Northeast,93942.64,Year,Y,Certified
EZYV23231,Asia,Master's,Y,N,4179,1988,South,112722.67,Year,Y,Certified
EZYV1608,Asia,Master's,Y,N,1507,1937,Island,288318.91,Year,Y,Certified
EZYV8873,Asia,Bachelor's,N,Y,94,1982,Northeast,84868.05,Year,Y,Certified
EZYV17966,Asia,Bachelor's,Y,N,280,2000,Northeast,147720.14,Year,Y,Certified
EZYV1868,Asia,Bachelor's,N,Y,430,1934,Midwest,87317.12,Year,N,Certified
EZYV8580,Asia,High School,Y,Y,3717,1994,South,74403.33,Year,Y,Denied
EZYV16024,Africa,Master's,N,N,2701,1946,Northeast,131918.49,Year,Y,Certified
EZYV5754,Africa,High School,N,N,1909,2000,West,5495.99,Year,Y,Denied
EZYV19621,Asia,Bachelor's,Y,N,1257,2009,South,36388.58,Year,Y,Certified
EZYV23698,Europe,Master's,Y,N,237,1998,Midwest,39978.57,Year,Y,Certified
EZYV2085,North America,Bachelor's,N,N,4044,1970,Northeast,66344.07,Year,Y,Denied
EZYV16035,Asia,Master's,Y,N,1953,1998,West,901.1,Year,Y,Certified
EZYV16868,Asia,Master's,Y,N,150,1994,West,19189.98,Year,Y,Certified
EZYV21876,Asia,Bachelor's,N,Y,2267,2000,South,133568.69,Year,Y,Certified
EZYV1791,Asia,High School,N,N,4058,2009,West,101347.24,Year,N,Denied
EZYV17504,Asia,Bachelor's,N,N,141,1858,West,117476.5,Year,Y,Certified
EZYV4445,Asia,Master's,N,N,2736,1979,South,127408.62,Year,Y,Denied
EZYV11440,Asia,Master's,Y,N,2893,2007,Northeast,79006.3,Year,Y,Certified
EZYV8160,Asia,Bachelor's,Y,Y,1463,2001,South,381.7361,Hour,Y,Denied
EZYV3511,Asia,Bachelor's,N,N,4624,1997,Northeast,13068.44,Year,Y,Denied
EZYV9433,Asia,Bachelor's,Y,N,791,2004,Midwest,54111.21,Year,Y,Denied
EZYV243,Africa,Bachelor's,N,Y,2509,2003,West,51886.04,Year,Y,Denied
EZYV18563,North America,Bachelor's,N,N,2163,2006,West,245890.1,Year,Y,Certified
EZYV12850,Asia,High School,N,N,1350,2008,Northeast,128.23,Hour,Y,Denied
EZYV1914,Asia,Bachelor's,Y,N,655,1989,South,62828.34,Year,Y,Certified
EZYV18974,Asia,Bachelor's,N,N,1084,1996,Northeast,425.1077,Hour,Y,Denied
EZYV12767,Asia,Bachelor's,Y,N,718,2003,Northeast,40252.94,Year,Y,Certified
EZYV22542,Asia,Bachelor's,N,N,3954,1998,Northeast,129.47,Hour,Y,Certified
EZYV11247,Asia,Master's,Y,N,673,2006,Midwest,99938.21,Year,Y,Certified
EZYV19541,Asia,Master's,Y,N,3528,2003,Midwest,49108.36,Year,Y,Certified
EZYV6457,Asia,Bachelor's,N,N,3368,1994,Northeast,63481.31,Year,Y,Certified
EZYV23962,Europe,Master's,N,N,2176,1965,West,111777.23,Year,Y,Certified
EZYV17107,Asia,Master's,Y,N,106917,1987,Island,61713.83,Year,Y,Certified
EZYV19925,North America,Bachelor's,N,N,1568,1976,Northeast,27512.19,Year,Y,Denied
EZYV21708,Asia,Bachelor's,N,N,4379,2008,Midwest,79676.38,Year,Y,Denied
EZYV1781,Asia,Bachelor's,N,N,2640,1994,Northeast,93989.87,Year,N,Denied
EZYV7446,Europe,High School,Y,N,578,2008,West,6579.33,Year,Y,Denied
EZYV17035,Asia,Bachelor's,N,N,1082,2014,West,57985.08,Year,Y,Denied
EZYV17673,South America,Bachelor's,Y,N,855,1960,Northeast,235.23,Hour,Y,Denied
EZYV19087,Europe,Master's,Y,N,1732,2000,Midwest,30586.24,Year,Y,Certified
EZYV23775,Asia,Bachelor's,Y,N,1672,1992,West,2851.62,Year,Y,Certified
EZYV21162,Asia,Bachelor's,N,N,2058,2015,South,115412.76,Year,Y,Certified
EZYV12299,Asia,Master's,Y,N,137,1989,South,59770.45,Year,Y,Certified
EZYV24954,Asia,Master's,Y,N,16236,1989,Northeast,56214.08,Year,Y,Denied
EZYV361,Asia,Bachelor's,N,N,2553,2004,Midwest,68751.19,Year,Y,Certified
EZYV23167,Asia,Master's,N,N,1683,1869,West,551.1899,Hour,Y,Denied
EZYV14502,Asia,Master's,Y,N,3263,1986,South,43920.86,Year,Y,Certified
EZYV13943,Asia,Bachelor's,Y,N,1495,2001,Midwest,26192.56,Year,Y,Certified
EZYV2593,Asia,High School,Y,N,969,1855,West,738.1177,Hour,Y,Denied
EZYV12920,Asia,Bachelor's,N,N,3889,2001,West,91014.8,Year,Y,Denied
EZYV1751,Europe,Doctorate,N,N,1036,1986,Northeast,37593.03,Year,Y,Certified
EZYV14951,Europe,Master's,Y,N,3285,1992,South,210223.27,Year,Y,Certified
EZYV14238,North America,Master's,Y,N,2710,1998,Northeast,97055.82,Year,Y,Certified
EZYV2823,North America,Bachelor's,Y,N,484,1804,Midwest,116894.1,Year,N,Certified
EZYV16904,Asia,Master's,Y,N,1159,2013,Northeast,103896.2,Year,Y,Certified
EZYV1710,Asia,Bachelor's,Y,N,2481,1987,West,215516.04,Year,Y,Certified
EZYV4296,North America,Bachelor's,N,Y,2072,1981,West,171016.37,Year,Y,Denied
EZYV7453,Asia,High School,Y,N,3917,1998,Midwest,76269.27,Year,Y,Denied
EZYV12052,Asia,Bachelor's,N,N,581,2009,South,39616.51,Year,N,Certified
EZYV15605,Europe,Doctorate,Y,N,884,1922,South,30834.97,Year,Y,Certified
EZYV8250,Asia,Master's,Y,N,264,1996,Northeast,69875.05,Year,Y,Certified
EZYV23059,Asia,Master's,N,N,550,2004,Midwest,91584.9,Year,Y,Certified
EZYV8763,Africa,Master's,Y,N,2005,1993,Midwest,150446.76,Year,Y,Certified
EZYV8005,Asia,Bachelor's,N,N,1934,2001,South,27207.67,Year,Y,Denied
EZYV15119,Europe,Doctorate,N,N,497,1998,Northeast,24531.05,Year,Y,Certified
EZYV17271,Asia,Master's,Y,N,360,1997,Midwest,70602.44,Year,Y,Certified
EZYV21971,Asia,Bachelor's,N,Y,374,1839,West,49208.64,Year,Y,Certified
EZYV5229,Asia,Bachelor's,N,N,1370,1981,West,26323.36,Year,Y,Denied
EZYV8301,Asia,Master's,Y,N,4471,1996,Midwest,69495.55,Year,Y,Certified
EZYV7863,Asia,Master's,Y,N,2600,1991,Northeast,162848.61,Year,N,Certified
EZYV17473,Europe,Master's,Y,N,796,1906,West,125481.66,Year,Y,Certified
EZYV11910,Europe,Doctorate,N,N,3112,1917,West,9980.17,Year,Y,Certified
EZYV16991,Asia,Bachelor's,N,N,43938,1919,Midwest,117815.59,Year,Y,Certified
EZYV3892,Asia,Master's,Y,N,2731,1838,South,77121.51,Year,Y,Certified
EZYV485,Asia,Master's,Y,N,3176,2003,West,132453.43,Year,Y,Certified
EZYV4984,Asia,Bachelor's,Y,N,9535,1994,Midwest,128182.07,Year,Y,Certified
EZYV20819,Oceania,Bachelor's,Y,N,3767,1969,South,126399.34,Year,Y,Certified
EZYV22095,Asia,High School,N,N,1879,2007,West,155936.91,Year,N,Denied
EZYV11192,Asia,Master's,Y,N,3840,2007,South,98275.01,Year,N,Certified
EZYV6188,Asia,Bachelor's,N,N,4433,1989,West,142917.12,Year,N,Denied
EZYV16415,Asia,Bachelor's,Y,N,4009,2011,West,825.47,Year,Y,Certified
EZYV1473,Europe,Doctorate,Y,N,1561,1800,South,43420.11,Year,Y,Certified
EZYV3948,Asia,Master's,N,N,84160,1988,West,111449.17,Year,Y,Denied
EZYV7033,Asia,Master's,Y,N,166,2007,Midwest,82929.56,Year,Y,Certified
EZYV12480,Asia,Master's,N,N,1916,2002,South,125.5821,Hour,Y,Denied
EZYV417,Asia,Master's,Y,Y,690,2013,Northeast,79380.0,Year,Y,Certified
EZYV19543,Asia,Bachelor's,N,N,1913,1999,West,91028.46,Year,Y,Certified
EZYV3949,Asia,Bachelor's,N,N,1656,1902,Northeast,93379.96,Year,Y,Denied
EZYV16564,Europe,Master's,N,N,1073,1998,Midwest,71816.68,Year,N,Certified
EZYV5481,Asia,High School,N,N,1751,1946,Northeast,83884.25,Year,N,Denied
EZYV15808,Asia,High School,Y,N,1721,2007,South,37829.97,Year,Y,Denied
EZYV9977,North America,Master's,N,N,3509,2006,Northeast,80561.61,Year,N,Denied
EZYV11745,Asia,Master's,N,N,1124,1998,Northeast,77263.18,Year,Y,Certified
EZYV10320,Asia,Bachelor's,Y,N,4947,2005,West,21024.15,Year,Y,Certified
EZYV8999,Europe,High School,N,Y,3436,1997,West,93610.55,Year,Y,Denied
EZYV23802,North America,Master's,N,N,1517,1988,South,111648.96,Year,Y,Denied
EZYV23822,Europe,Master's,Y,N,3475,1986,Northeast,35269.39,Year,Y,Certified
EZYV24048,Asia,Master's,N,N,2546,1996,West,39599.64,Year,Y,Denied
EZYV4460,North America,Bachelor's,Y,N,2557,1989,Northeast,112103.46,Year,Y,Certified
EZYV13166,North America,Bachelor's,N,N,2401,2013,South,120852.02,Year,Y,Denied
EZYV12618,Asia,Bachelor's,Y,N,1011,1911,Midwest,83182.81,Year,Y,Denied
EZYV13626,Asia,Bachelor's,N,N,1679,1968,Midwest,125403.68,Year,Y,Certified
EZYV7155,Asia,Master's,Y,N,2541,2008,Northeast,57638.36,Year,Y,Certified
EZYV14686,Asia,Master's,Y,N,2074,2005,West,141125.34,Year,N,Certified
EZYV9970,Oceania,Bachelor's,N,N,4173,1986,South,43246.35,Year,N,Certified
EZYV7495,North America,Bachelor's,Y,N,1342,1991,South,130318.3,Year,N,Certified
EZYV19225,North America,High School,N,N,3922,1983,South,55758.1,Year,N,Certified
EZYV20571,Asia,Bachelor's,Y,N,963,1962,West,141166.84,Year,Y,Certified
EZYV18430,South America,High School,Y,N,2265,2006,Northeast,134299.31,Year,Y,Certified
EZYV16243,Asia,High School,N,N,2313,1999,West,92219.53,Year,Y,Denied
EZYV14160,Asia,High School,Y,N,4058,1998,Northeast,57760.35,Year,Y,Denied
EZYV8192,Asia,Master's,Y,N,3015,2005,South,99505.17,Year,Y,Certified
EZYV19167,Asia,Bachelor's,Y,N,3907,1930,Northeast,25810.97,Year,Y,Denied
EZYV15475,Asia,Master's,N,N,876,1817,Northeast,1730.2,Year,Y,Denied
EZYV16014,Oceania,Master's,N,N,16922,2003,West,43471.33,Year,Y,Certified
EZYV12908,Europe,Bachelor's,Y,N,4640,1985,West,32882.25,Year,Y,Certified
EZYV13277,Europe,Master's,Y,N,1440,2006,South,25210.07,Year,Y,Certified
EZYV2708,Asia,High School,N,N,1124,2004,Northeast,15705.08,Year,Y,Denied
EZYV10527,Asia,Bachelor's,Y,N,2940,1984,Northeast,69591.28,Year,Y,Certified
EZYV23869,Europe,Master's,N,Y,2558,1969,South,136611.75,Year,Y,Certified
EZYV22995,Europe,Bachelor's,Y,N,465,1997,South,79124.71,Year,Y,Certified
EZYV8228,Europe,Master's,Y,N,1755,1979,West,71578.37,Year,Y,Certified
EZYV3940,Asia,Doctorate,Y,N,772,2006,Midwest,83106.47,Year,Y,Certified
EZYV24916,North America,High School,N,N,20525,2004,South,100271.46,Year,Y,Certified
EZYV24593,Asia,Bachelor's,Y,N,599,1991,Midwest,77986.16,Year,Y,Certified
EZYV21568,Asia,Bachelor's,Y,N,73,2013,South,73838.21,Year,Y,Certified
EZYV25331,Asia,Bachelor's,Y,N,1578,1998,Northeast,61442.96,Year,Y,Denied
EZYV284,North America,Bachelor's,N,Y,433,1912,West,123018.45,Year,Y,Denied
EZYV1495,Europe,Doctorate,N,Y,911,2010,South,78245.18,Year,Y,Certified
EZYV610,Asia,Bachelor's,Y,Y,643,1986,South,76138.64,Year,Y,Certified
EZYV12982,Asia,High School,Y,N,1953,1964,West,10566.76,Year,Y,Denied
EZYV908,Asia,Master's,N,N,4698,1966,Northeast,75757.9,Year,N,Denied
EZYV11647,Europe,Bachelor's,Y,N,1580,1998,West,248668.8,Year,Y,Certified
EZYV4140,Asia,Bachelor's,Y,N,4673,1930,Island,57485.97,Year,Y,Certified
EZYV6156,Europe,Bachelor's,Y,N,2444,1971,West,54488.31,Year,Y,Certified
EZYV2411,Asia,High School,N,Y,4164,1986,West,67165.09,Year,Y,Denied
EZYV20231,Asia,Bachelor's,N,N,613,1999,West,146.5569,Hour,Y,Denied
EZYV22474,Asia,Bachelor's,Y,N,2407,1987,Northeast,70039.82,Year,Y,Denied
EZYV13889,Europe,Master's,N,N,631,2011,South,78161.7,Year,N,Certified
EZYV18318,Asia,Master's,N,N,795,1979,West,64105.97,Year,N,Certified
EZYV11747,Asia,Master's,N,N,2017,1996,Midwest,143464.98,Year,Y,Certified
EZYV18676,Asia,Master's,N,N,2609,1998,Midwest,141415.24,Year,Y,Certified
EZYV20344,Asia,Bachelor's,Y,N,3096,2012,Northeast,89858.31,Year,Y,Denied
EZYV16606,North America,Master's,Y,N,4697,2010,Northeast,67251.53,Year,Y,Denied
EZYV23374,Asia,Bachelor's,Y,N,21152,1997,West,60371.56,Year,Y,Certified
EZYV15141,Asia,Master's,N,Y,3214,2005,Northeast,80353.71,Year,Y,Certified
EZYV3424,Asia,Bachelor's,Y,N,3266,2011,West,27316.82,Year,Y,Certified
EZYV23779,North America,Master's,N,N,157712,2005,South,107772.89,Year,N,Certified
EZYV1079,Asia,Bachelor's,N,Y,2237,1948,West,114442.35,Year,Y,Denied
EZYV10396,Asia,Doctorate,Y,N,3709,1858,Northeast,18888.66,Year,Y,Certified
EZYV4919,Asia,Master's,Y,N,2215,1897,Midwest,150033.64,Year,Y,Certified
EZYV1650,Asia,Bachelor's,Y,N,3212,1940,South,50474.1,Year,Y,Certified
EZYV8496,Asia,Bachelor's,N,N,408,1999,South,88593.58,Year,Y,Denied
EZYV11428,Europe,Master's,N,N,4106,1902,South,126.28,Year,Y,Certified
EZYV10861,North America,Bachelor's,Y,N,2980,2012,Northeast,19170.63,Year,Y,Denied
EZYV24455,Asia,Master's,Y,N,2804,1963,West,54618.43,Year,N,Denied
EZYV7947,Asia,Doctorate,Y,N,500,1985,Northeast,56686.88,Year,Y,Certified
EZYV15584,Asia,Bachelor's,N,N,985,1997,South,28006.13,Year,N,Certified
EZYV10917,Asia,Master's,N,N,1043,1968,South,138907.75,Year,Y,Certified
EZYV22594,Asia,High School,Y,N,3939,2004,Northeast,139.7277,Hour,Y,Denied
EZYV14763,Europe,Master's,Y,N,2906,2001,West,10762.94,Year,Y,Certified
EZYV15173,Asia,Bachelor's,N,N,4322,1979,Northeast,55320.21,Year,Y,Certified
EZYV3503,Asia,Bachelor's,N,N,3442,1901,South,62556.65,Year,Y,Denied
EZYV13108,Africa,Doctorate,N,N,438,1973,West,6519.6,Year,Y,Denied
EZYV11868,North America,Bachelor's,Y,N,26537,1993,South,92942.37,Year,Y,Denied
EZYV20477,Asia,Bachelor's,N,N,405,1965,South,109743.64,Year,Y,Denied
EZYV10618,North America,Bachelor's,Y,N,983,2009,Northeast,177034.63,Year,Y,Certified
EZYV16393,Europe,Bachelor's,Y,N,2375,2004,West,87871.33,Year,Y,Certified
EZYV1340,Asia,Master's,Y,N,5553,1976,Northeast,144881.62,Year,Y,Certified
EZYV21347,Asia,High School,N,N,496,2006,Midwest,120169.95,Year,Y,Certified
EZYV15866,Asia,Master's,Y,N,585,1999,Northeast,27965.6,Year,Y,Certified
EZYV3076,Asia,Master's,Y,N,911,1977,Midwest,175037.36,Year,Y,Certified
EZYV5788,Asia,Bachelor's,N,N,3456,2008,South,103121.88,Year,Y,Certified
EZYV10601,North America,Bachelor's,N,N,3311,1948,South,136840.33,Year,Y,Certified
EZYV17337,Asia,Master's,N,N,2218,2004,Northeast,44063.86,Year,Y,Certified
EZYV17690,North America,Master's,Y,N,817,2013,Midwest,80653.36,Year,Y,Certified
EZYV13864,Asia,Master's,Y,N,2443,2007,West,20701.79,Year,Y,Certified
EZYV23585,Asia,Bachelor's,Y,N,495,1947,Northeast,114827.94,Year,Y,Certified
EZYV8538,Asia,Master's,Y,N,205,1966,Northeast,118.43,Hour,Y,Certified
EZYV5785,Asia,Bachelor's,N,N,2990,1925,Northeast,249.1278,Hour,Y,Denied
EZYV24145,Asia,Bachelor's,Y,N,4437,2010,South,33719.85,Year,Y,Certified
EZYV15284,Asia,High School,N,N,118,1994,Northeast,140567.55,Year,Y,Denied
EZYV8096,Asia,High School,Y,N,17068,2014,Northeast,78564.34,Year,Y,Denied
EZYV2756,Asia,Bachelor's,Y,N,662,1917,Midwest,95193.26,Year,Y,Certified
EZYV14228,Europe,Master's,Y,N,21127,1982,Northeast,43481.63,Year,N,Certified
EZYV4658,Europe,High School,Y,Y,1285,2012,West,109820.53,Year,Y,Denied
EZYV21591,Asia,Bachelor's,Y,N,612,1998,South,34017.38,Year,Y,Certified
EZYV10702,Europe,Master's,Y,N,2881,1929,Northeast,91737.77,Year,N,Certified
EZYV13988,Asia,Master's,Y,N,4359,1999,West,53199.97,Year,Y,Certified
EZYV21935,Asia,Master's,Y,N,1292,1887,Northeast,105692.81,Year,Y,Certified
EZYV7751,North America,Master's,N,N,1693,1993,Midwest,123711.01,Year,N,Certified
EZYV4628,South America,High School,Y,N,1548,2006,South,54803.17,Year,Y,Certified
EZYV5335,North America,High School,Y,N,869,2010,Northeast,10748.3,Year,Y,Certified
EZYV7192,Europe,Master's,Y,N,1439,1979,South,115517.72,Year,N,Certified
EZYV2221,Europe,Master's,N,Y,5611,2006,Midwest,178684.36,Year,Y,Certified
EZYV1461,Asia,High School,Y,N,3388,1998,South,97701.01,Year,Y,Certified
EZYV12360,South America,Master's,N,N,1032,1992,Northeast,103910.7,Year,N,Denied
EZYV993,Asia,Master's,Y,Y,2595,2005,Northeast,142300.54,Year,Y,Certified
EZYV1861,Asia,Master's,Y,N,1594,1982,Northeast,16196.86,Year,N,Certified
EZYV10836,North America,Bachelor's,Y,N,3022,1869,Northeast,405.678,Hour,Y,Certified
EZYV1666,Asia,Master's,N,N,3392,1983,Northeast,530.5959,Hour,Y,Denied
EZYV9611,Asia,Doctorate,N,Y,3075,1995,South,60741.72,Year,Y,Certified
EZYV24833,Asia,Doctorate,Y,N,1989,2007,Northeast,104344.88,Year,Y,Certified
EZYV24639,North America,Bachelor's,Y,N,1368,2002,South,344.2666,Hour,Y,Certified
EZYV3799,North America,Bachelor's,N,Y,864,1915,South,157842.33,Year,Y,Denied
EZYV17923,Asia,Bachelor's,N,N,1867,1996,South,60490.62,Year,Y,Certified
EZYV1542,Asia,Master's,Y,N,466,1993,Northeast,74215.55,Year,Y,Certified
EZYV515,Asia,Bachelor's,Y,Y,2288,1975,South,256261.78,Year,Y,Certified
EZYV2973,Asia,Master's,N,N,1939,2008,South,116905.09,Year,Y,Denied
EZYV3930,Europe,High School,Y,Y,2441,2003,South,192499.4,Year,Y,Denied
EZYV17947,Asia,Bachelor's,Y,N,1753,1996,Northeast,344.9153,Hour,Y,Certified
EZYV2107,North America,Bachelor's,Y,N,724,2003,Northeast,45106.05,Year,N,Certified
EZYV764,Asia,Bachelor's,Y,N,3537,2007,West,60937.35,Year,Y,Certified
EZYV2988,Asia,Bachelor's,Y,N,2690,2011,South,531.7683,Hour,Y,Certified
EZYV24948,Asia,Master's,Y,N,4962,2011,West,67150.82,Year,N,Certified
EZYV10761,Asia,Bachelor's,N,N,2514,1955,Midwest,95160.81,Year,N,Certified
EZYV17716,Africa,Master's,Y,N,5533,1999,Northeast,133828.65,Year,Y,Certified
EZYV9876,Asia,Bachelor's,Y,N,1881,2003,South,158132.14,Year,Y,Certified
EZYV12290,Asia,Master's,Y,N,1496,1986,South,197705.25,Year,Y,Certified
EZYV11410,North America,Bachelor's,N,N,171,2004,South,158041.96,Year,Y,Denied
EZYV19088,Europe,Bachelor's,Y,N,552,2007,Northeast,1819.86,Year,Y,Certified
EZYV6824,Asia,Master's,Y,N,2273,1987,South,33529.41,Year,Y,Certified
EZYV17965,South America,Bachelor's,N,N,2130,2014,Northeast,117.59,Hour,Y,Denied
EZYV8677,Asia,Bachelor's,Y,N,1113,1998,Northeast,37364.35,Year,Y,Certified
EZYV19895,Asia,Bachelor's,Y,N,821,2013,South,114364.02,Year,Y,Denied
EZYV7527,North America,Bachelor's,Y,Y,2098,1969,South,124947.51,Year,Y,Denied
EZYV21669,Asia,Master's,N,N,1506,1960,South,99333.16,Year,N,Certified
EZYV8325,Oceania,High School,Y,N,2028,1947,West,68917.53,Year,Y,Certified
EZYV533,Asia,Master's,Y,N,2889,1934,Northeast,108888.49,Year,Y,Certified
EZYV96,Asia,Master's,N,N,1392,2001,South,99737.18,Year,N,Certified
EZYV5179,Africa,High School,N,N,645,1987,West,205.6246,Hour,Y,Denied
EZYV9057,Asia,Master's,Y,N,196,2008,Midwest,141986.04,Year,Y,Certified
EZYV10106,South America,Master's,N,N,5958,1984,Northeast,57946.03,Year,Y,Denied
EZYV2362,Asia,Master's,N,N,1503,2009,Midwest,33877.34,Year,Y,Certified
EZYV9360,Asia,Master's,Y,N,4131,2005,Midwest,133005.86,Year,Y,Certified
EZYV11395,Asia,Bachelor's,Y,Y,666,2010,West,40358.96,Year,Y,Certified
EZYV17185,Asia,Master's,Y,N,5377,1986,South,112117.1,Year,Y,Certified
EZYV17200,North America,Doctorate,N,N,3706,2004,Northeast,94510.83,Year,Y,Denied
EZYV20411,Asia,Master's,N,N,84,1928,Northeast,95086.76,Year,Y,Certified
EZYV20586,Asia,Bachelor's,Y,N,1897,1996,South,82059.12,Year,Y,Denied
EZYV9229,Asia,Bachelor's,Y,N,919,1988,South,68272.57,Year,Y,Denied
EZYV17453,Europe,Bachelor's,Y,N,1257,1998,Northeast,50041.52,Year,Y,Certified
EZYV13770,South America,Bachelor's,Y,N,3517,1997,West,43486.29,Year,Y,Certified
EZYV21541,Asia,Bachelor's,Y,N,878,2005,Midwest,100782.47,Year,Y,Certified
EZYV22996,Europe,Doctorate,N,Y,920,1984,West,36011.06,Year,Y,Denied
EZYV11037,Asia,Master's,Y,N,5617,1980,Northeast,117949.61,Year,Y,Certified
EZYV17822,Asia,Bachelor's,N,N,2413,1986,South,28279.36,Year,Y,Certified
EZYV22376,Asia,Master's,Y,N,2770,2007,West,93523.43,Year,Y,Denied
EZYV4622,Asia,Master's,N,Y,1714,1988,South,82622.73,Year,N,Denied
EZYV22578,Africa,Master's,N,N,5918,2012,Northeast,85939.76,Year,Y,Certified
EZYV13709,Asia,Master's,Y,N,5235,2011,South,83072.69,Year,Y,Certified
EZYV9204,North America,Master's,Y,N,2475,2003,South,26530.15,Year,Y,Certified
EZYV17590,Europe,Bachelor's,Y,N,3132,2013,Northeast,41828.03,Year,Y,Certified
EZYV2980,Asia,Bachelor's,N,N,2835,1983,West,39479.94,Year,Y,Denied
EZYV20615,Europe,Doctorate,Y,N,11013,2001,Northeast,2864.21,Year,Y,Denied
EZYV711,Europe,Bachelor's,Y,N,1955,2004,West,31932.69,Year,Y,Certified
EZYV15537,Europe,Master's,Y,N,434,1966,South,41679.63,Year,Y,Certified
EZYV22604,Africa,Master's,Y,N,2232,1934,Northeast,18417.85,Year,Y,Certified
EZYV4079,Asia,Doctorate,Y,N,519,2007,Northeast,46491.94,Year,Y,Certified
EZYV18388,Asia,Bachelor's,Y,N,2662,1977,West,112661.84,Year,Y,Denied
EZYV17982,Asia,Master's,N,N,2283,2008,Midwest,135276.15,Year,Y,Certified
EZYV967,Europe,Master's,N,N,2619,1981,West,62376.12,Year,Y,Certified
EZYV24317,Asia,Bachelor's,N,N,1282,1981,Northeast,9581.59,Year,Y,Denied
EZYV13169,Asia,High School,N,N,615,1985,Midwest,73292.59,Year,N,Denied
EZYV2860,Asia,Bachelor's,N,N,2345,2004,South,103491.14,Year,Y,Denied
EZYV5879,Asia,High School,Y,N,1143,1988,Northeast,724.9628,Hour,Y,Denied
EZYV6611,Asia,Bachelor's,Y,Y,1498,1843,Northeast,237715.74,Year,Y,Certified
EZYV13667,Asia,Bachelor's,N,N,538,1907,Midwest,51983.99,Year,Y,Certified
EZYV22455,Asia,Bachelor's,N,N,991,1931,Northeast,38334.29,Year,Y,Certified
EZYV6648,Asia,Bachelor's,N,Y,3590,1904,West,57356.06,Year,Y,Denied
EZYV1445,Asia,Master's,N,Y,950,1986,South,196098.39,Year,Y,Certified
EZYV8681,Europe,Bachelor's,Y,Y,3362,1982,South,44005.06,Year,Y,Certified
EZYV22909,Asia,Bachelor's,Y,N,688,1934,Northeast,49049.16,Year,N,Certified
EZYV16432,Asia,High School,N,N,4294,2007,Midwest,196430.88,Year,Y,Denied
EZYV19038,Asia,Bachelor's,Y,Y,1712,1838,Northeast,991.8935,Hour,Y,Denied
EZYV5914,Asia,Doctorate,Y,N,3891,1997,Northeast,59788.42,Year,Y,Certified
EZYV12934,Asia,High School,Y,N,860,1991,Midwest,105183.97,Year,Y,Denied
EZYV4849,North America,Doctorate,Y,N,5483,1999,West,64955.57,Year,Y,Certified
EZYV23994,Europe,High School,Y,Y,2868,1969,South,35590.16,Year,Y,Certified
EZYV2508,Asia,Doctorate,N,N,5180,2006,South,109447.2,Year,Y,Certified
EZYV10502,Asia,Doctorate,N,Y,226,1985,West,81103.19,Year,Y,Certified
EZYV20652,Africa,High School,N,N,307,2000,Midwest,131300.98,Month,Y,Certified
EZYV13033,Asia,Master's,N,N,2469,2005,South,102853.93,Year,Y,Denied
EZYV19132,Asia,Master's,N,N,319,1977,Midwest,99532.54,Year,Y,Certified
EZYV1196,Asia,Master's,Y,N,2142,2007,Northeast,147492.23,Year,N,Certified
EZYV7920,North America,Doctorate,Y,N,1647,2013,Northeast,89862.14,Year,Y,Certified
EZYV1186,Asia,Bachelor's,N,N,2944,1997,South,230984.28,Year,Y,Certified
EZYV17000,Asia,Bachelor's,Y,N,2696,1980,West,130491.58,Year,Y,Certified
EZYV7340,Asia,Bachelor's,N,N,700,2006,Northeast,47102.64,Year,Y,Certified
EZYV14334,Asia,Master's,Y,N,2169,2006,South,82194.5,Year,Y,Certified
EZYV10691,Asia,Bachelor's,N,N,2252,1996,South,28239.95,Year,Y,Certified
EZYV20592,Europe,High School,Y,N,3253,2002,West,27039.06,Year,Y,Certified
EZYV11570,North America,Master's,Y,N,3641,1998,Northeast,11641.2,Year,Y,Denied
EZYV13659,Asia,Master's,N,N,3456,1996,South,135780.32,Month,Y,Denied
EZYV18467,Asia,Master's,Y,N,1588,1975,West,128870.48,Year,Y,Certified
EZYV2587,Asia,Bachelor's,N,N,1808,2007,South,117602.02,Year,Y,Certified
EZYV7637,Asia,Bachelor's,N,N,2037,2003,Northeast,78615.46,Year,Y,Certified
EZYV16795,Asia,Master's,Y,N,4958,1988,South,27437.79,Year,Y,Certified
EZYV16097,Europe,Bachelor's,Y,N,3275,2012,Midwest,8592.03,Year,Y,Certified
EZYV3919,North America,High School,N,N,477,1979,West,268.7924,Hour,Y,Denied
EZYV19489,North America,Master's,Y,N,1838,2010,Northeast,153213.92,Year,Y,Certified
EZYV1677,North America,Bachelor's,N,N,1452,2003,Northeast,510.5607,Hour,Y,Denied
EZYV756,Asia,High School,Y,N,1911,2001,Northeast,18251.1,Year,Y,Denied
EZYV23352,Asia,High School,Y,N,4856,1975,West,64569.96,Year,Y,Certified
EZYV18316,Asia,Bachelor's,Y,N,2384,1985,South,728.9416,Hour,Y,Certified
EZYV14330,Asia,Bachelor's,Y,N,2445,1969,Midwest,51473.44,Year,Y,Certified
EZYV7606,Asia,Master's,Y,N,1484,2003,West,97517.88,Year,N,Certified
EZYV2121,Europe,Bachelor's,Y,N,1082,1998,South,71293.42,Year,Y,Certified
EZYV15164,Asia,High School,Y,N,341,2009,Midwest,120946.47,Year,Y,Denied
EZYV20506,North America,Bachelor's,N,N,98,2010,Northeast,119.34,Hour,Y,Denied
EZYV17112,Europe,Bachelor's,N,Y,43367,1864,South,8342.39,Year,Y,Denied
EZYV11810,Europe,Bachelor's,Y,N,4091,2003,West,56161.23,Year,Y,Certified
EZYV1629,Asia,Master's,N,N,3058,1994,Midwest,130860.17,Year,Y,Certified
EZYV19859,Asia,Bachelor's,N,N,926,1984,Midwest,53288.21,Year,Y,Certified
EZYV381,Asia,Bachelor's,Y,N,149,1948,South,45850.33,Year,Y,Certified
EZYV19359,Asia,Master's,Y,N,3551,1998,Midwest,92343.33,Year,Y,Certified
EZYV5729,Asia,Master's,Y,N,97,2012,South,151417.55,Year,N,Certified
EZYV8167,Asia,Bachelor's,N,Y,3232,1987,Northeast,108336.72,Year,Y,Certified
EZYV22486,Asia,High School,N,Y,1459,1999,West,191628.84,Year,Y,Certified
EZYV4703,Europe,High School,Y,N,2144,1998,South,2880.94,Year,Y,Denied
EZYV8055,Europe,High School,Y,N,665,2005,Midwest,36539.36,Year,N,Denied
EZYV15206,South America,Bachelor's,N,N,2645,1995,South,59065.19,Year,Y,Certified
EZYV22445,Asia,Master's,N,N,4415,1981,Midwest,146355.67,Year,Y,Certified
EZYV21911,North America,Bachelor's,Y,N,3024,1973,Midwest,10516.55,Year,Y,Denied
EZYV23531,Asia,Bachelor's,Y,N,242,1979,Northeast,123297.27,Year,Y,Certified
EZYV7868,Asia,Bachelor's,N,N,414,2004,Midwest,149629.63,Year,Y,Certified
EZYV5890,Asia,Master's,N,N,1097,1997,Northeast,82650.58,Year,N,Certified
EZYV17077,South America,High School,N,Y,2382,1850,Midwest,26416.25,Year,Y,Certified
EZYV21094,North America,Master's,Y,N,1834,1971,Northeast,2862.98,Year,Y,Certified
EZYV451,Asia,Bachelor's,N,Y,1543,1999,West,78402.72,Year,Y,Denied
EZYV720,Asia,Master's,Y,N,298,2011,Midwest,140381.51,Year,N,Certified
EZYV9281,Asia,Bachelor's,N,N,1878,1936,West,99664.89,Year,Y,Denied
EZYV17618,Asia,Master's,N,N,328,2007,Midwest,18268.44,Year,Y,Certified
EZYV20709,North America,Master's,N,N,2293,1974,West,657.3374,Hour,Y,Denied
EZYV11968,Asia,Bachelor's,Y,N,2374,1981,West,24810.84,Year,Y,Certified
EZYV14297,Asia,High School,Y,N,1503,1994,South,152.7003,Hour,Y,Denied
EZYV20319,Europe,High School,N,N,1956,1970,Northeast,24347.32,Year,Y,Certified
EZYV1618,Asia,High School,N,N,1696,1999,Northeast,122663.94,Year,Y,Denied
EZYV315,Asia,High School,N,N,652,1913,Northeast,24968.7,Year,N,Denied
EZYV8506,Europe,Doctorate,Y,N,2364,1970,South,38544.47,Year,Y,Certified
EZYV3695,Asia,Bachelor's,N,Y,1647,1995,Northeast,94806.05,Year,Y,Denied
EZYV23077,North America,Bachelor's,N,N,21878,1997,West,279.252,Hour,Y,Certified
EZYV15730,Asia,Doctorate,N,Y,1752,2000,West,32198.5,Year,Y,Certified
EZYV10446,Asia,Bachelor's,Y,N,1139,2000,West,69306.73,Year,Y,Certified
EZYV5265,Asia,Bachelor's,Y,N,1987,2000,West,59319.95,Year,Y,Certified
EZYV13337,Europe,High School,Y,N,3116,1947,West,45264.9,Year,Y,Denied
EZYV7629,Asia,High School,Y,N,150,2001,Midwest,277357.78,Year,Y,Denied
EZYV8835,South America,High School,Y,N,4536,1956,South,24099.25,Year,Y,Certified
EZYV11853,Europe,Bachelor's,N,N,105,2001,Northeast,109246.91,Year,Y,Denied
EZYV2904,Asia,Master's,N,N,1698,1998,Midwest,135428.82,Year,Y,Denied
EZYV19635,Africa,Bachelor's,N,N,1004,2001,South,15497.93,Year,Y,Certified
EZYV22200,Asia,Bachelor's,N,Y,1586,1946,West,114042.71,Year,Y,Denied
EZYV20754,Europe,Bachelor's,Y,Y,5441,2007,West,50282.38,Year,Y,Certified
EZYV25008,North America,Doctorate,Y,N,2178,1997,West,189713.95,Year,Y,Certified
EZYV9708,Asia,Master's,N,N,4559,2010,Northeast,130289.74,Year,Y,Certified
EZYV3427,Asia,High School,Y,Y,4257,1942,Midwest,119244.63,Year,Y,Denied
EZYV23067,Asia,Master's,Y,N,1219,1998,South,32010.17,Year,Y,Certified
EZYV7784,Asia,Master's,Y,N,2941,2008,West,147001.81,Year,Y,Certified
EZYV11393,Asia,Master's,Y,N,6394,1979,Northeast,43370.89,Year,Y,Certified
EZYV19582,North America,Bachelor's,N,N,1301,2004,Northeast,197.9846,Hour,Y,Denied
EZYV2677,North America,Master's,N,N,1979,1985,West,85786.34,Year,Y,Denied
EZYV11802,Asia,Bachelor's,N,N,2214,2008,Midwest,153578.16,Year,Y,Certified
EZYV13618,North America,Bachelor's,Y,N,3523,2013,Northeast,116380.74,Year,Y,Certified
EZYV13184,Asia,Bachelor's,Y,N,639,1996,Northeast,31345.01,Year,Y,Certified
EZYV1194,Asia,Bachelor's,Y,N,999,1998,Northeast,153304.15,Year,Y,Certified
EZYV13226,North America,Master's,Y,N,490,1878,Midwest,157947.64,Year,N,Certified
EZYV23737,Asia,Master's,N,Y,2024,1854,West,72970.45,Year,Y,Certified
EZYV3822,Asia,Master's,N,N,2760,2007,South,115973.92,Year,N,Denied
EZYV20208,Europe,Bachelor's,N,N,3073,2005,Midwest,3287.0,Year,Y,Certified
EZYV14880,Asia,Bachelor's,Y,N,1809,1989,Northeast,59815.88,Year,Y,Certified
EZYV7280,Europe,Bachelor's,Y,N,215,2013,West,5561.41,Year,N,Denied
EZYV4578,Asia,Bachelor's,Y,Y,1538,2008,Midwest,94497.65,Year,Y,Denied
EZYV14482,Asia,High School,N,N,1629,1998,West,52278.16,Year,Y,Denied
EZYV2535,Asia,Bachelor's,N,N,2975,2012,Northeast,113609.51,Month,Y,Denied
EZYV701,Asia,Bachelor's,Y,N,4709,1976,Northeast,41180.84,Year,Y,Certified
EZYV11070,Asia,Master's,Y,N,216,2011,Midwest,51933.79,Year,Y,Certified
EZYV19245,Europe,Master's,N,Y,3266,1994,Midwest,63735.83,Year,Y,Certified
EZYV24529,Asia,Master's,Y,N,4466,2010,Northeast,27062.71,Year,Y,Certified
EZYV3823,Africa,Master's,Y,N,4150,2009,Northeast,121684.08,Year,N,Certified
EZYV1536,Asia,Master's,N,N,3654,1975,South,72809.78,Year,Y,Certified
EZYV14026,North America,Bachelor's,N,N,999,1906,South,269.8248,Hour,Y,Certified
EZYV11298,North America,Bachelor's,N,N,3581,2009,West,8431.26,Year,Y,Certified
EZYV11922,Asia,Bachelor's,Y,N,4912,2011,Midwest,51801.22,Year,Y,Certified
EZYV13879,Asia,Bachelor's,Y,N,2802,1975,West,92578.66,Year,Y,Certified
EZYV12056,Asia,Master's,Y,N,374,1946,West,33387.24,Year,Y,Certified
EZYV21558,Asia,Master's,Y,N,3624,2007,Midwest,69739.5,Year,Y,Certified
EZYV24108,Asia,Master's,Y,N,1157,2011,Midwest,58732.31,Year,Y,Certified
EZYV15915,Asia,Bachelor's,N,N,3208,2006,West,22682.72,Year,Y,Certified
EZYV6472,Asia,Bachelor's,N,N,3453,1971,Midwest,93375.5,Year,Y,Denied
EZYV145,Asia,Bachelor's,N,Y,1634,1999,South,51282.75,Year,Y,Certified
EZYV21867,Asia,Bachelor's,N,N,1623,1981,Northeast,92394.05,Year,Y,Certified
EZYV16056,Europe,Bachelor's,N,N,1046,2009,South,880.3736,Hour,Y,Denied
EZYV3765,Asia,Bachelor's,Y,N,644,2001,Midwest,108186.26,Year,Y,Certified
EZYV11498,Asia,Master's,Y,N,1062,1997,Northeast,79862.85,Year,Y,Certified
EZYV6980,Africa,Master's,Y,N,51254,1966,Northeast,100.01,Hour,Y,Certified
EZYV16095,Asia,Master's,Y,N,3374,1999,West,130443.9,Year,Y,Certified
EZYV6882,Europe,Bachelor's,N,N,465,1985,West,29739.52,Year,Y,Certified
EZYV10089,North America,Master's,Y,N,1892,2010,Northeast,30651.31,Year,Y,Denied
EZYV17730,Asia,Bachelor's,N,N,150,1998,Northeast,25540.46,Year,Y,Denied
EZYV23042,Asia,Master's,N,N,2268,1850,South,24636.25,Year,Y,Certified
EZYV14386,Asia,Master's,Y,N,2844,2011,South,140501.71,Month,Y,Certified
EZYV20525,Europe,Doctorate,Y,N,1227,1989,Northeast,93891.67,Year,Y,Certified
EZYV1436,Europe,Bachelor's,Y,Y,2566,2008,West,31579.14,Year,Y,Certified
EZYV12193,Asia,Master's,Y,N,4355,2011,South,865.45,Hour,Y,Certified
EZYV18452,Asia,Bachelor's,N,N,2916,1990,Northeast,62795.85,Year,Y,Certified
EZYV17233,North America,Master's,N,N,2233,1998,Midwest,10393.16,Year,N,Certified
EZYV24035,Asia,Bachelor's,Y,N,4318,2011,West,11760.21,Year,Y,Denied
EZYV18997,North America,Master's,Y,N,2795,2006,Northeast,11751.03,Year,Y,Certified
EZYV24233,Asia,Master's,Y,N,3863,1994,South,75988.29,Year,Y,Certified
EZYV2249,Asia,Master's,N,N,2238,2009,Midwest,67940.35,Year,N,Certified
EZYV16333,North America,Master's,N,N,3104,2011,South,60374.73,Year,Y,Denied
EZYV17303,Asia,High School,Y,N,2123,1896,South,259.2239,Hour,Y,Denied
EZYV10507,Europe,Master's,N,N,8100,1994,Northeast,33676.37,Year,Y,Denied
EZYV8731,Europe,High School,Y,N,4379,1987,South,136324.32,Year,Y,Denied
EZYV15157,Europe,Bachelor's,Y,N,1505,1999,West,127490.32,Year,Y,Certified
EZYV10286,Asia,Master's,Y,N,28,1932,West,51614.87,Year,Y,Certified
EZYV4231,Asia,Bachelor's,Y,N,416,1976,Northeast,543.7175,Hour,Y,Denied
EZYV10683,North America,Bachelor's,Y,N,1081,1969,Northeast,661.4007,Hour,Y,Denied
EZYV23866,Asia,High School,N,N,2568,2007,Northeast,101314.07,Year,Y,Denied
EZYV19733,Asia,Master's,Y,N,2789,2013,West,98661.62,Year,Y,Certified
EZYV3226,North America,High School,Y,N,3103,2006,Northeast,79697.43,Year,Y,Certified
EZYV924,Asia,Bachelor's,Y,N,3385,1997,Northeast,14671.65,Year,Y,Certified
EZYV16224,Asia,Bachelor's,N,N,3219,1989,West,314156.06,Year,Y,Certified
EZYV23204,Asia,Bachelor's,Y,Y,2565,2010,West,6353.52,Year,Y,Certified
EZYV10303,Asia,Master's,N,N,1956,1985,Midwest,115089.02,Year,N,Certified
EZYV5773,Asia,Bachelor's,N,N,4213,1996,South,41554.82,Year,Y,Certified
EZYV20095,Asia,Master's,Y,N,2838,1974,South,126022.16,Year,Y,Certified
EZYV10916,Asia,Master's,N,N,2043,1972,Midwest,205144.51,Year,Y,Certified
EZYV19220,Asia,Doctorate,N,Y,3043,2013,West,109524.08,Year,Y,Certified
EZYV16411,Asia,High School,N,N,514,2005,South,23811.76,Year,Y,Denied
EZYV14807,Europe,Doctorate,Y,N,589,2009,Midwest,87917.4,Year,Y,Certified
EZYV20982,Asia,Bachelor's,Y,N,103,1920,Midwest,72477.57,Year,Y,Certified
EZYV1908,North America,Bachelor's,N,N,4320,1986,Northeast,39164.11,Year,Y,Denied
EZYV18837,Asia,Bachelor's,N,N,2158,2008,South,930.6453,Hour,Y,Denied
EZYV17346,Asia,Master's,Y,N,3108,1804,West,5530.29,Year,Y,Certified
EZYV25232,Asia,Master's,N,N,878,1972,Northeast,76720.27,Year,Y,Certified
EZYV20120,Asia,Master's,N,N,2004,2007,South,130542.7,Year,N,Certified
EZYV17111,Asia,Master's,Y,N,2635,1999,Northeast,34462.7,Year,Y,Denied
EZYV19799,Asia,Master's,N,N,3502,1926,Northeast,564.159,Hour,Y,Denied
EZYV8089,Asia,Master's,N,N,1319,1889,Midwest,132778.02,Year,Y,Certified
EZYV7698,Asia,High School,N,Y,3808,2013,Northeast,202386.17,Year,Y,Denied
EZYV6945,Asia,Bachelor's,Y,N,2407,1971,Midwest,182593.15,Year,N,Certified
EZYV542,Africa,Bachelor's,N,N,2437,2007,South,130636.68,Year,Y,Certified
EZYV19554,Europe,High School,N,N,1732,1997,West,1589.19,Year,Y,Certified
EZYV15379,Europe,Doctorate,N,N,41,2016,Northeast,9442.23,Year,Y,Certified
EZYV10725,Asia,Master's,N,N,6118,1973,South,104999.14,Year,Y,Certified
EZYV21100,Asia,Master's,Y,N,390,2005,South,112869.05,Year,Y,Certified
EZYV1879,Europe,Bachelor's,N,N,3201,1995,West,350.0159,Hour,Y,Denied
EZYV7030,Asia,Bachelor's,Y,N,3084,1981,West,100173.93,Year,Y,Certified
EZYV5942,Asia,Bachelor's,N,N,785,1989,Northeast,58057.0,Year,Y,Certified
EZYV24130,Oceania,Master's,Y,N,3182,2002,South,140541.17,Year,N,Certified
EZYV16147,Asia,Bachelor's,Y,N,4143,1998,Midwest,137015.28,Year,Y,Certified
EZYV15841,Europe,Bachelor's,Y,N,379,1903,South,88498.28,Year,Y,Denied
EZYV23382,Asia,Doctorate,Y,N,1475,1850,South,81318.67,Year,Y,Certified
EZYV1966,Asia,Bachelor's,Y,N,2293,1998,South,25409.03,Year,Y,Certified
EZYV43,Europe,Doctorate,Y,N,19770,2005,West,43630.58,Year,Y,Certified
EZYV20844,Asia,High School,N,N,2099,2004,Midwest,74775.68,Year,Y,Certified
EZYV6386,Asia,Bachelor's,N,Y,636,2011,South,134138.72,Year,Y,Certified
EZYV23183,Europe,Bachelor's,N,N,3254,1998,South,129355.58,Year,Y,Denied
EZYV23989,North America,Master's,N,N,2250,1969,South,321.4051,Hour,Y,Certified
EZYV12532,Asia,Master's,Y,N,3224,2003,Northeast,131557.74,Year,Y,Certified
EZYV11436,Asia,Master's,N,Y,2456,2006,South,60876.93,Year,Y,Certified
EZYV426,North America,Master's,N,N,1847,2002,South,299.6081,Hour,Y,Certified
EZYV1031,Asia,Bachelor's,Y,N,1900,1993,South,231.1253,Hour,Y,Certified
EZYV19246,Asia,High School,N,N,3769,2001,West,106.55,Hour,Y,Denied
EZYV18854,Asia,Bachelor's,N,N,1408,1990,South,136.7014,Hour,Y,Denied
EZYV23305,Asia,Bachelor's,N,Y,540,1863,South,215800.83,Year,Y,Certified
EZYV19914,Asia,Bachelor's,Y,N,562,1912,West,130442.88,Year,Y,Denied
EZYV11389,Asia,Master's,N,Y,1680,1991,West,102710.73,Year,Y,Certified
EZYV15789,Europe,High School,N,Y,3162,1944,South,35532.7,Year,Y,Denied
EZYV24014,Asia,Master's,Y,N,3366,1996,South,36325.55,Year,N,Certified
EZYV11851,Asia,High School,Y,N,4079,1976,South,59861.93,Year,Y,Denied
EZYV10908,Asia,Master's,Y,N,2504,2003,Northeast,72007.78,Year,Y,Certified
EZYV4934,Asia,Bachelor's,Y,N,14832,2001,Northeast,50167.55,Year,Y,Denied
EZYV16060,Asia,Master's,N,N,405,1995,Northeast,3651.87,Year,Y,Denied
EZYV20911,Asia,High School,Y,N,441,1889,Midwest,8169.76,Year,Y,Certified
EZYV2755,North America,Bachelor's,N,N,4703,2011,West,155518.36,Year,Y,Denied
EZYV6372,Asia,High School,Y,N,6466,1876,South,123258.12,Year,Y,Denied
EZYV20755,North America,Bachelor's,N,N,116,1925,Northeast,246.19,Hour,Y,Denied
EZYV6679,South America,Bachelor's,Y,N,921,2003,Midwest,29133.31,Year,Y,Denied
EZYV19049,Asia,Master's,N,N,957,2007,South,72154.66,Year,Y,Certified
EZYV6367,North America,Bachelor's,N,N,2649,1963,Northeast,28541.29,Year,Y,Certified
EZYV19101,Asia,Master's,Y,N,2421,2001,Midwest,98602.35,Year,Y,Certified
EZYV19947,Asia,Bachelor's,N,N,1757,1987,South,132749.77,Year,Y,Denied
EZYV12686,Asia,Bachelor's,N,N,119318,1999,West,502.853,Hour,Y,Certified
EZYV246,Europe,Master's,N,N,-25,1980,Northeast,39452.99,Year,Y,Certified
EZYV17058,Asia,Bachelor's,Y,N,2670,2006,South,109589.98,Year,Y,Denied
EZYV10337,Europe,Doctorate,N,N,402,1998,Northeast,22219.17,Year,Y,Certified
EZYV4580,Asia,Bachelor's,Y,N,3950,1979,Midwest,50305.68,Year,Y,Certified
EZYV18349,Asia,High School,N,N,5177,1968,West,76831.62,Year,Y,Denied
EZYV894,Asia,Master's,Y,N,4063,1998,Northeast,40223.97,Year,Y,Certified
EZYV4753,Asia,Master's,Y,Y,1128,1936,West,118998.91,Year,Y,Certified
EZYV21125,Asia,Bachelor's,Y,N,1574,2004,Northeast,188453.92,Year,Y,Certified
EZYV1406,Asia,Master's,N,N,43838,1920,South,200150.04,Year,Y,Certified
EZYV24004,Asia,Doctorate,Y,N,4359,2006,South,185.7137,Hour,Y,Denied
EZYV14594,Asia,Bachelor's,Y,N,477,1998,South,74933.25,Year,Y,Denied
EZYV3035,Asia,Master's,Y,N,5463,2004,West,32393.39,Year,Y,Certified
EZYV12945,Asia,Doctorate,Y,Y,3710,2010,West,4446.27,Year,Y,Certified
EZYV12006,Oceania,Bachelor's,Y,N,292,2004,West,120535.9,Year,Y,Certified
EZYV8156,Asia,Master's,N,Y,271,1963,South,93007.74,Year,Y,Certified
EZYV5375,North America,Bachelor's,N,N,2108,1984,Northeast,89099.17,Year,Y,Denied
EZYV9331,North America,Master's,Y,N,955,1978,Midwest,121838.73,Month,Y,Denied
EZYV13656,Asia,Master's,Y,N,2107,1890,South,19578.03,Year,Y,Certified
EZYV6772,Asia,Bachelor's,N,N,557,1889,West,97563.84,Year,Y,Certified
EZYV22904,North America,High School,Y,N,2264,2000,Northeast,789.7326,Hour,Y,Denied
EZYV20245,Europe,Master's,Y,N,2410,2008,South,96175.03,Year,N,Certified
EZYV2606,Asia,Bachelor's,Y,N,1999,2000,South,692.4637,Hour,Y,Certified
EZYV6369,Asia,Master's,N,N,1303,2004,Midwest,242018.37,Year,Y,Certified
EZYV24931,Europe,Doctorate,N,N,2679,1993,South,13205.47,Year,Y,Certified
EZYV22084,Asia,Master's,N,Y,3225,1984,South,22045.53,Year,Y,Certified
EZYV1242,North America,Bachelor's,N,Y,2388,1997,West,33311.22,Year,Y,Denied
EZYV1566,Asia,Master's,Y,N,2532,2009,South,25191.2,Year,Y,Certified
EZYV10837,Asia,Bachelor's,Y,N,495,1951,Island,42275.12,Year,Y,Certified
EZYV19181,Asia,Bachelor's,N,N,2744,2011,West,71315.45,Year,Y,Certified
EZYV11050,North America,Master's,Y,N,3881,2007,Midwest,6647.19,Year,Y,Certified
EZYV17446,Asia,Bachelor's,Y,N,1020,2006,Midwest,67631.94,Year,Y,Certified
EZYV19535,Asia,Bachelor's,Y,N,1340,2008,West,95378.3,Year,Y,Certified
EZYV9671,Europe,Doctorate,N,N,1723,1994,West,47437.29,Year,Y,Certified
EZYV10711,Asia,Bachelor's,Y,N,1246,1984,West,140840.21,Year,N,Certified
EZYV17447,Asia,Master's,N,N,2357,2004,Northeast,89364.58,Year,Y,Certified
EZYV11908,Asia,Bachelor's,N,Y,2530,1986,Northeast,39656.48,Year,Y,Certified
EZYV2397,Asia,Master's,N,Y,126,2013,West,163591.27,Year,Y,Denied
EZYV4982,Asia,Bachelor's,Y,N,3450,1996,Northeast,89124.17,Year,Y,Denied
EZYV3999,Asia,Bachelor's,Y,N,1988,2005,Midwest,2460.33,Year,Y,Certified
EZYV20770,Asia,Master's,Y,N,1231,2013,Midwest,59730.91,Year,Y,Certified
EZYV9030,Asia,Master's,Y,N,3054,1984,South,18321.22,Year,Y,Certified
EZYV620,Asia,Master's,N,Y,604,1966,South,132029.1,Year,Y,Certified
EZYV4551,Europe,Bachelor's,N,N,24092,1972,West,103942.73,Year,Y,Certified
EZYV25077,Asia,High School,Y,N,395,2006,South,69175.06,Year,Y,Denied
EZYV23871,Asia,High School,Y,N,212,1993,Midwest,57403.52,Year,Y,Certified
EZYV3781,Asia,Master's,Y,N,2999,2001,Midwest,48320.09,Year,Y,Certified
EZYV21713,Asia,Master's,N,N,2016,2007,West,146849.82,Year,Y,Denied
EZYV24599,Asia,Bachelor's,N,N,604,1981,South,54314.94,Year,Y,Certified
EZYV5177,Asia,Bachelor's,N,N,486,1987,Northeast,78104.83,Year,Y,Certified
EZYV15243,Europe,Master's,Y,N,690,2000,Northeast,47935.35,Year,Y,Certified
EZYV2438,Asia,High School,N,N,2284,1998,West,97524.85,Year,Y,Denied
EZYV1792,Asia,Master's,Y,N,503,2010,Midwest,187140.67,Year,Y,Certified
EZYV12732,South America,Bachelor's,Y,N,4283,2003,West,15735.97,Year,Y,Denied
EZYV21635,Asia,Master's,N,N,1401,1993,Northeast,123118.78,Year,N,Denied
EZYV16078,North America,Master's,Y,N,1359,1892,Northeast,37856.41,Year,Y,Certified
EZYV24501,Asia,Master's,Y,N,1635,1995,Northeast,108079.45,Year,Y,Certified
EZYV8928,Asia,Doctorate,N,Y,3791,1996,Northeast,142493.33,Year,Y,Certified
EZYV10465,Europe,Master's,N,N,1359,1991,West,82306.11,Year,Y,Certified
EZYV2252,North America,Bachelor's,N,N,2988,2001,West,773.3891,Hour,Y,Denied
EZYV24533,Asia,Bachelor's,N,N,11974,1996,West,146175.43,Year,Y,Certified
EZYV3288,Asia,Bachelor's,Y,N,3212,2006,South,79349.43,Year,Y,Certified
EZYV9820,Asia,Bachelor's,N,N,596,2005,South,638.02,Year,Y,Denied
EZYV19122,Europe,High School,Y,N,501,1995,Northeast,47159.89,Year,Y,Certified
EZYV19500,North America,Master's,N,N,910,1935,Northeast,102.77,Hour,Y,Certified
EZYV5308,Europe,Master's,Y,Y,11391,2000,West,130455.91,Year,Y,Certified
EZYV4662,Asia,Master's,N,N,2424,1972,Northeast,51215.28,Year,N,Denied
EZYV12086,Asia,Master's,Y,N,279,2003,South,102802.06,Year,Y,Certified
EZYV8076,Africa,Doctorate,N,N,27001,2004,West,46377.1,Year,Y,Certified
EZYV22292,Asia,High School,N,Y,2337,2000,South,68153.11,Year,Y,Denied
EZYV12126,Asia,Master's,N,N,3553,2000,West,76216.62,Year,Y,Denied
EZYV9685,Asia,Master's,Y,N,1778,1977,South,214287.37,Year,Y,Certified
EZYV9632,Asia,Doctorate,Y,N,4120,2009,Northeast,368.85,Hour,Y,Certified
EZYV9714,Asia,Bachelor's,N,N,5196,2015,Northeast,133634.78,Year,N,Denied
EZYV1246,Asia,Bachelor's,Y,N,773,1996,South,80949.53,Year,Y,Certified
EZYV21422,Asia,Master's,N,N,1177,1998,West,122629.45,Year,Y,Denied
EZYV15120,Europe,Master's,Y,N,4706,1998,South,66903.54,Year,Y,Certified
EZYV5422,Asia,Bachelor's,Y,N,4269,1910,Northeast,78620.2,Year,Y,Certified
EZYV20706,Asia,Master's,Y,N,3553,2010,South,88063.24,Year,Y,Certified
EZYV8556,Asia,Bachelor's,Y,N,4805,2009,Northeast,81428.85,Year,Y,Certified
EZYV1945,North America,Bachelor's,N,N,4393,1839,Northeast,43255.89,Year,Y,Denied
EZYV2739,Asia,Master's,N,N,4399,1993,Midwest,121244.9,Year,N,Denied
EZYV23753,Asia,Master's,Y,N,480,2006,South,103491.97,Year,N,Denied
EZYV22916,Europe,Doctorate,Y,N,1194,1913,West,44192.7,Year,Y,Certified
EZYV7586,North America,Master's,Y,N,1283,1987,Northeast,72687.87,Year,N,Certified
EZYV6506,Europe,Master's,Y,N,4013,1952,Northeast,26277.06,Year,Y,Certified
EZYV5242,North America,Bachelor's,Y,N,1904,1998,South,76436.4,Year,Y,Denied
EZYV8585,Asia,Master's,Y,N,2611,1991,West,154627.31,Year,Y,Certified
EZYV694,Asia,Master's,Y,N,2486,1994,Northeast,73401.21,Year,Y,Certified
EZYV3918,Asia,Master's,N,N,1282,2007,Midwest,37432.4,Year,Y,Denied
EZYV7169,Asia,Master's,N,N,1350,1914,South,76214.48,Year,Y,Certified
EZYV15701,North America,Doctorate,Y,N,1599,2009,Midwest,48949.82,Year,Y,Certified
EZYV24325,Asia,Master's,Y,N,3322,1853,West,56777.41,Year,Y,Denied
EZYV12925,Asia,Master's,Y,N,2020,1861,Northeast,75874.11,Year,Y,Certified
EZYV6144,North America,Bachelor's,Y,N,654,1947,Midwest,25696.84,Year,Y,Certified
EZYV2294,Asia,Bachelor's,Y,N,1442,2007,South,84899.2,Year,Y,Certified
EZYV14423,North America,Master's,Y,N,578,1990,Northeast,123845.84,Month,Y,Denied
EZYV1902,Asia,Master's,Y,N,1319,1993,Northeast,103868.89,Year,Y,Certified
EZYV13647,Europe,Master's,Y,N,240,1994,Northeast,52647.59,Year,Y,Certified
EZYV2984,Europe,Master's,N,N,4430,1985,West,73556.14,Year,Y,Certified
EZYV1955,Asia,Master's,Y,N,1769,2006,Island,121089.25,Year,N,Certified
EZYV16733,Europe,Bachelor's,Y,N,2832,1978,South,108.8813,Hour,Y,Denied
EZYV11784,Europe,Master's,Y,N,5039,2013,West,95950.15,Year,Y,Certified
EZYV14176,North America,Bachelor's,Y,N,3454,1856,Northeast,52956.91,Year,Y,Certified
EZYV8218,Asia,Bachelor's,Y,N,1644,1988,Northeast,70664.47,Year,Y,Certified
EZYV15952,North America,Bachelor's,N,Y,677,1983,South,116463.99,Year,Y,Certified
EZYV23508,Asia,High School,N,Y,267,1986,South,37.1919,Hour,Y,Denied
EZYV16466,Asia,Bachelor's,N,N,2801,1870,Northeast,47174.55,Year,Y,Denied
EZYV17608,North America,Doctorate,Y,N,2842,1992,West,18833.31,Year,Y,Certified
EZYV22289,Asia,Bachelor's,Y,N,287,1999,South,87419.69,Year,Y,Certified
EZYV25278,Asia,Bachelor's,Y,N,5069,1911,Northeast,91012.7,Year,N,Certified
EZYV16551,Europe,Bachelor's,Y,N,3130,2009,West,85022.21,Year,Y,Certified
EZYV3457,Europe,Bachelor's,Y,N,6059,2006,Northeast,10804.03,Year,Y,Certified
EZYV4130,North America,Master's,N,Y,2183,1994,South,140866.43,Year,Y,Denied
EZYV24796,Asia,Doctorate,Y,N,71055,2010,Northeast,42987.3,Year,Y,Denied
EZYV23073,Asia,Master's,Y,N,3583,2002,West,137117.4,Year,Y,Denied
EZYV13808,North America,Doctorate,Y,N,599,1841,Northeast,83582.73,Year,Y,Denied
EZYV5682,Asia,Bachelor's,Y,N,783,1996,Midwest,118549.8,Year,Y,Certified
EZYV22569,Asia,Bachelor's,Y,N,2753,1995,South,51559.67,Year,Y,Denied
EZYV15992,Asia,Doctorate,Y,N,2866,1927,Northeast,96829.24,Year,N,Certified
EZYV4829,North America,Master's,Y,N,22,2006,Northeast,61505.71,Year,N,Denied
EZYV3414,Asia,Bachelor's,N,N,2643,2001,South,101.8983,Hour,Y,Denied
EZYV18046,Asia,Bachelor's,Y,N,1704,1997,West,79847.2,Year,Y,Certified
EZYV8715,Asia,Bachelor's,Y,N,2414,1993,South,85594.85,Year,Y,Certified
EZYV20083,Oceania,High School,N,N,116,2007,South,70474.78,Year,Y,Denied
EZYV6122,North America,Master's,N,N,953,2007,Northeast,373.7218,Hour,Y,Denied
EZYV5808,Asia,Bachelor's,N,N,2300,2005,West,34180.42,Year,Y,Certified
EZYV6970,Asia,Bachelor's,Y,N,358,1958,South,60190.73,Year,Y,Certified
EZYV9818,Asia,Master's,Y,N,1450,2012,Midwest,62810.38,Year,Y,Certified
EZYV5293,Asia,High School,Y,N,5774,1968,Northeast,28888.68,Year,Y,Denied
EZYV9527,Asia,Master's,Y,N,1212,1909,West,69370.58,Year,Y,Certified
EZYV6245,Asia,Doctorate,Y,N,1008,1963,West,69750.74,Year,Y,Certified
EZYV14054,North America,Bachelor's,Y,N,2969,1993,South,119719.88,Year,Y,Certified
EZYV17832,Europe,Bachelor's,N,N,29765,2005,Northeast,18685.73,Year,Y,Certified
EZYV5955,Asia,Doctorate,Y,N,5394,1971,Northeast,59562.69,Year,Y,Certified
EZYV13527,Asia,Bachelor's,N,N,18,2011,South,349.9129,Hour,Y,Denied
EZYV19810,Asia,Bachelor's,N,N,2253,1978,South,69455.05,Year,Y,Certified
EZYV5399,Asia,Bachelor's,N,Y,103,1855,West,117982.36,Year,Y,Certified
EZYV15581,Europe,Doctorate,Y,N,309,1999,West,36307.78,Year,Y,Certified
EZYV12244,Asia,Bachelor's,Y,N,1961,2004,South,61050.29,Year,Y,Denied
EZYV1081,North America,Master's,N,N,12650,1983,Northeast,15103.38,Year,N,Denied
EZYV22308,Asia,Bachelor's,N,N,1862,1996,West,58330.9,Year,Y,Certified
EZYV3550,Asia,Bachelor's,N,N,4342,1997,Northeast,18935.59,Year,Y,Denied
EZYV3385,South America,High School,Y,N,242,1998,West,101505.9,Year,Y,Certified
EZYV6516,Asia,Master's,Y,N,2666,2007,South,96115.91,Year,N,Certified
EZYV16194,Asia,Master's,Y,N,1569,2005,South,107862.99,Year,Y,Certified
EZYV15919,South America,Bachelor's,Y,Y,2396,2007,Midwest,100850.77,Year,Y,Certified
EZYV11512,North America,Bachelor's,N,N,341,1998,West,73116.14,Year,Y,Certified
EZYV22159,North America,Master's,Y,N,2774,1989,South,143100.63,Year,N,Denied
EZYV10212,Asia,Master's,N,N,5853,1999,West,78639.77,Year,Y,Certified
EZYV1864,Asia,Bachelor's,Y,N,4325,1965,South,144922.16,Year,N,Certified
EZYV10280,Asia,Bachelor's,Y,Y,3434,1945,West,128766.79,Year,Y,Denied
EZYV13666,Asia,High School,Y,N,1936,1950,West,10927.9,Year,Y,Denied
EZYV1145,Asia,Master's,N,N,3542,2001,Northeast,48.0065,Hour,Y,Denied
EZYV2827,North America,Master's,Y,N,186,2007,South,36549.77,Year,Y,Certified
EZYV25224,Europe,Doctorate,N,N,2494,2006,West,27826.26,Year,Y,Certified
EZYV11603,Asia,Bachelor's,Y,N,2961,1933,South,45.9405,Hour,Y,Denied
EZYV18295,Asia,Master's,Y,N,5002,2000,South,25285.27,Year,N,Certified
EZYV13014,Europe,Bachelor's,N,N,1031,2013,Northeast,85546.83,Year,Y,Certified
EZYV18520,Asia,Master's,N,N,987,2008,South,973.8405,Hour,Y,Certified
EZYV3991,Asia,Bachelor's,Y,N,4910,2012,West,68197.79,Year,Y,Denied
EZYV16132,North America,Doctorate,Y,N,184,2011,Midwest,135086.62,Year,Y,Certified
EZYV6417,Asia,High School,N,N,14010,1994,Midwest,148147.48,Year,Y,Denied
EZYV10627,Europe,High School,N,Y,5247,2001,Midwest,109205.89,Year,N,Denied
EZYV14168,Asia,High School,Y,N,2909,1838,Midwest,122528.95,Year,Y,Denied
EZYV14534,Asia,Bachelor's,Y,N,2031,1967,South,94367.19,Year,Y,Denied
EZYV4254,Asia,High School,Y,N,658,2005,Midwest,89232.45,Year,Y,Denied
EZYV13142,Africa,Master's,N,N,1092,1930,West,306.9744,Hour,Y,Certified
EZYV9356,Asia,Master's,Y,N,69,1963,Midwest,51032.22,Year,Y,Certified
EZYV11453,Europe,Doctorate,Y,N,1503,1887,Northeast,99964.36,Year,Y,Certified
EZYV19469,Europe,Master's,N,N,749,2001,Northeast,91064.21,Year,Y,Certified
EZYV18280,Asia,Bachelor's,Y,N,1979,2001,South,136391.0,Year,Y,Certified
EZYV10175,Asia,Master's,Y,N,3450,1987,South,95341.89,Year,N,Certified
EZYV22713,Asia,High School,Y,Y,3193,1951,West,68630.14,Year,Y,Certified
EZYV24557,Asia,Bachelor's,Y,N,1029,2013,Northeast,364.7849,Hour,Y,Certified
EZYV12744,Asia,Bachelor's,Y,N,3822,1998,Midwest,12309.29,Year,Y,Certified
EZYV746,Asia,Master's,Y,N,620,1998,West,43425.93,Year,Y,Certified
EZYV9929,Asia,Master's,N,N,14968,1924,South,46199.68,Year,Y,Certified
EZYV6509,Asia,Master's,Y,Y,1364,2002,West,36791.49,Year,Y,Certified
EZYV19269,Asia,Bachelor's,Y,N,2201,1915,South,120566.46,Year,Y,Denied
EZYV15208,Asia,High School,Y,N,4025,1850,Midwest,79377.75,Year,Y,Denied
EZYV1712,Europe,Bachelor's,Y,N,524,1996,West,111650.87,Year,Y,Denied
EZYV18300,Asia,Master's,N,N,1142,2003,South,14067.01,Year,Y,Denied
EZYV7741,Asia,Bachelor's,Y,Y,5289,1920,Midwest,103540.51,Year,Y,Denied
EZYV2694,Asia,Master's,Y,N,1856,2000,Northeast,73853.33,Year,Y,Certified
EZYV22568,Europe,Doctorate,Y,N,4596,1951,South,58706.21,Year,Y,Certified
EZYV3502,Asia,High School,Y,N,1666,2015,South,107548.52,Year,Y,Denied
EZYV9051,Asia,Master's,N,N,212,1934,Midwest,84213.56,Year,Y,Certified
EZYV6189,Asia,Bachelor's,N,N,3164,1994,Northeast,101.22,Hour,Y,Denied
EZYV12832,Asia,Bachelor's,Y,N,2124,1994,South,61344.0,Year,Y,Certified
EZYV7175,Asia,Master's,Y,N,3662,2007,Midwest,152011.55,Year,Y,Certified
EZYV11261,Asia,Master's,Y,N,3785,1838,South,155577.64,Year,N,Certified
EZYV12753,Oceania,Bachelor's,N,N,1539,1976,South,83381.33,Year,N,Certified
EZYV15955,Asia,Master's,N,N,918,1869,South,13959.81,Year,Y,Certified
EZYV198,Europe,Master's,N,Y,2752,2006,South,21511.58,Year,Y,Certified
EZYV23034,Asia,Master's,N,N,726,1853,South,111084.42,Year,Y,Denied
EZYV1467,South America,Master's,Y,N,6019,2000,Northeast,29272.61,Year,Y,Certified
EZYV2440,Asia,Master's,Y,N,153,2011,Midwest,149406.36,Year,N,Certified
EZYV3429,North America,Bachelor's,Y,N,1157,2002,Northeast,35365.01,Year,Y,Certified
EZYV2263,Asia,Bachelor's,N,N,2259,1996,West,70807.51,Year,Y,Denied
EZYV22769,Europe,Bachelor's,Y,N,2066,1932,West,62723.55,Year,Y,Certified
EZYV17395,North America,Bachelor's,Y,N,3367,1966,Midwest,27615.79,Year,Y,Certified
EZYV23861,Europe,Bachelor's,N,N,2682,2008,West,95481.66,Year,Y,Certified
EZYV9628,Europe,Bachelor's,Y,N,2735,1952,West,56119.78,Year,Y,Denied
EZYV5093,Europe,High School,Y,N,3702,1997,South,83870.21,Year,Y,Denied
EZYV1682,Europe,Master's,Y,N,4234,2008,West,11894.22,Year,Y,Certified
EZYV24174,Asia,High School,Y,N,2278,1928,West,62757.76,Year,Y,Denied
EZYV19797,Oceania,Bachelor's,Y,N,4981,1994,West,1382.29,Year,Y,Denied
EZYV12637,Asia,Bachelor's,N,N,202,2004,South,108313.41,Year,Y,Certified
EZYV20623,Asia,Bachelor's,N,N,1592,1999,Midwest,103153.92,Year,Y,Denied
EZYV23598,Asia,Bachelor's,Y,N,4417,1934,Northeast,119732.37,Year,N,Denied
EZYV2110,Europe,High School,N,N,3533,1993,West,12647.14,Year,Y,Denied
EZYV4875,North America,Master's,N,N,2660,2005,Midwest,131032.71,Year,Y,Certified
EZYV19374,Africa,Bachelor's,Y,N,1172,1982,Midwest,114680.48,Week,Y,Denied
EZYV3372,Asia,Master's,N,Y,1689,1964,South,7001.82,Year,Y,Denied
EZYV14690,Asia,High School,Y,N,3304,1992,South,60157.79,Year,Y,Denied
EZYV25100,Asia,Bachelor's,Y,Y,83,1946,South,35701.37,Year,Y,Certified
EZYV3410,Europe,Bachelor's,Y,N,1660,1978,South,74312.28,Year,Y,Certified
EZYV10190,Asia,Bachelor's,Y,N,4796,2010,West,97243.78,Year,Y,Certified
EZYV9928,Asia,Bachelor's,N,Y,2650,1998,West,180110.15,Year,Y,Denied
EZYV5903,South America,High School,N,N,343,1852,West,95912.09,Year,Y,Certified
EZYV24774,North America,Bachelor's,N,N,3853,2006,South,117175.98,Year,Y,Denied
EZYV10626,Asia,Master's,Y,N,1736,2006,West,89848.23,Year,Y,Certified
EZYV2125,North America,High School,Y,N,25994,1994,West,204663.03,Year,N,Certified
EZYV9941,Asia,Doctorate,Y,N,506,1981,Midwest,119511.45,Year,Y,Certified
EZYV15884,Asia,Bachelor's,Y,N,3058,2001,West,117021.93,Year,Y,Certified
EZYV12919,Europe,Bachelor's,Y,N,3112,1980,Northeast,18071.68,Year,Y,Certified
EZYV7688,Asia,High School,Y,N,2038,1921,Midwest,158076.3,Year,Y,Denied
EZYV13290,North America,Bachelor's,Y,N,2419,1884,West,11764.68,Year,Y,Certified
EZYV10804,Asia,Bachelor's,Y,N,22558,1946,South,286.2916,Hour,Y,Denied
EZYV16187,Asia,Master's,Y,N,88751,1968,Northeast,73001.22,Year,Y,Certified
EZYV19525,Asia,Bachelor's,Y,N,1840,2006,South,110543.43,Year,N,Denied
EZYV16633,Asia,Master's,Y,N,1387,2004,South,86669.35,Year,Y,Certified
EZYV18119,Asia,Master's,N,N,30710,1993,Midwest,85459.81,Year,N,Certified
EZYV12369,Africa,Master's,N,N,1852,2010,Northeast,134172.96,Year,Y,Certified
EZYV17055,Asia,Master's,Y,N,1810,1968,West,89995.28,Year,N,Certified
EZYV1573,Asia,Master's,Y,N,105,1951,Northeast,146800.42,Year,Y,Certified
EZYV1884,Asia,Bachelor's,Y,N,1438,2003,West,111464.71,Year,Y,Certified
EZYV22773,North America,High School,N,N,1198,1986,West,67953.82,Year,Y,Certified
EZYV7997,Asia,Bachelor's,Y,N,4432,1925,South,690.3663,Hour,Y,Denied
EZYV5963,Asia,Master's,N,N,1595,1961,Midwest,101905.74,Year,Y,Certified
EZYV854,Asia,Master's,Y,N,1086,1971,South,97504.07,Year,N,Certified
EZYV22337,Asia,High School,Y,N,3883,2012,South,135250.65,Year,Y,Certified
EZYV10126,Europe,Master's,N,Y,121,1998,South,63624.42,Year,Y,Certified
EZYV9579,Asia,Bachelor's,Y,N,1408,2007,Midwest,128016.42,Year,Y,Certified
EZYV250,Asia,High School,Y,N,4449,1963,Northeast,21846.43,Year,Y,Denied
EZYV6971,Asia,Master's,Y,N,3573,1995,Northeast,122293.19,Year,Y,Certified
EZYV19060,Africa,Doctorate,Y,Y,14146,1804,West,11187.53,Year,Y,Denied
EZYV8916,Asia,Master's,N,Y,2023,1864,South,121460.67,Year,Y,Certified
EZYV24761,Asia,Bachelor's,Y,N,3396,1995,West,579.6373,Hour,Y,Denied
EZYV19392,Asia,Master's,Y,N,4817,1910,Northeast,71568.87,Year,Y,Denied
EZYV18195,Africa,High School,N,N,948,2003,Northeast,71651.56,Year,Y,Certified
EZYV14705,Oceania,Doctorate,N,N,1847,2000,West,4936.86,Year,Y,Certified
EZYV7076,Asia,Master's,Y,N,36928,1998,West,81888.81,Year,N,Certified
EZYV14341,Asia,Bachelor's,N,N,1278,2005,South,104360.68,Year,Y,Denied
EZYV15792,North America,Bachelor's,N,N,302,1936,South,80243.94,Year,Y,Denied
EZYV10057,North America,Master's,Y,N,792,1969,Northeast,84948.88,Year,Y,Certified
EZYV24547,Asia,Bachelor's,N,N,2086,2007,West,139.6479,Hour,Y,Denied
EZYV11220,Europe,Bachelor's,Y,N,4711,2007,West,47353.13,Year,Y,Denied
EZYV9843,Asia,Master's,N,N,867,2007,Midwest,142122.62,Year,Y,Certified
EZYV17248,Asia,Bachelor's,Y,N,2478,1973,South,87059.16,Year,Y,Denied
EZYV7730,Asia,Bachelor's,Y,N,108115,2000,South,51468.55,Year,Y,Certified
EZYV19817,Asia,Bachelor's,Y,Y,520,1986,West,800.4714,Hour,Y,Denied
EZYV10442,Oceania,High School,Y,N,3834,2012,South,101733.69,Year,Y,Denied
EZYV12264,Asia,Master's,N,N,1368,2012,Midwest,40510.79,Year,Y,Certified
EZYV12399,Asia,Bachelor's,N,N,10046,1975,Midwest,150050.68,Year,Y,Certified
EZYV21290,Asia,High School,N,N,4902,2010,Midwest,43553.11,Year,Y,Certified
EZYV20167,Europe,Bachelor's,N,N,3299,1998,South,85625.97,Year,Y,Certified
EZYV14800,Asia,Master's,N,Y,768,1989,Northeast,87557.45,Year,Y,Certified
EZYV6133,North America,Master's,Y,N,4931,1949,Northeast,64488.07,Year,Y,Denied
EZYV3967,Asia,Master's,Y,N,914,1847,Northeast,126783.3,Year,Y,Certified
EZYV20092,Oceania,High School,N,N,1002,2001,Northeast,42383.44,Year,Y,Denied
EZYV6482,Asia,Doctorate,Y,N,3715,1956,South,15082.76,Year,Y,Certified
EZYV1164,Asia,Bachelor's,Y,N,178,2007,West,21890.62,Year,Y,Certified
EZYV705,North America,Master's,Y,N,1817,1988,Northeast,27510.78,Year,Y,Certified
EZYV3196,North America,Bachelor's,N,N,4004,1978,South,713.7807,Hour,Y,Denied
EZYV6985,Asia,Bachelor's,Y,N,457,2006,Northeast,61055.76,Year,Y,Certified
EZYV16994,Africa,Master's,N,N,3815,1840,Midwest,102744.22,Year,Y,Certified
EZYV1316,Asia,High School,Y,N,1359,2001,Northeast,87474.28,Year,Y,Denied
EZYV22170,Asia,Doctorate,N,Y,600,1999,South,43881.19,Year,Y,Certified
EZYV23211,Asia,High School,N,N,4060,1935,West,652.5174,Hour,Y,Certified
EZYV4754,Asia,Master's,Y,N,5966,2001,Northeast,213882.72,Year,Y,Certified
EZYV343,North America,Bachelor's,Y,N,25805,2002,South,25512.46,Year,Y,Certified
EZYV19708,Europe,Bachelor's,Y,N,2381,2012,West,31569.96,Year,Y,Certified
EZYV6138,Asia,Master's,N,N,3406,2010,South,161136.84,Year,N,Certified
EZYV23264,Europe,Doctorate,N,Y,979,1993,West,55151.14,Year,Y,Denied
EZYV16015,Europe,High School,Y,N,934,2010,South,82512.05,Year,Y,Certified
EZYV19422,Asia,High School,Y,N,950,1998,Midwest,151521.77,Year,Y,Certified
EZYV23031,Europe,Master's,N,N,498,1971,Midwest,148993.72,Year,Y,Certified
EZYV750,Asia,Master's,N,N,1781,1971,South,630.2337,Hour,Y,Certified
EZYV634,Asia,Master's,Y,N,2158,2006,Northeast,30393.57,Year,N,Certified
EZYV580,North America,Master's,Y,N,1097,2005,Northeast,44040.11,Year,Y,Certified
EZYV5193,Asia,Bachelor's,Y,N,1774,1976,Midwest,159577.43,Year,Y,Denied
EZYV12211,Asia,Bachelor's,Y,N,6698,1997,South,123092.38,Year,Y,Certified
EZYV22180,Asia,High School,Y,N,1545,1936,Midwest,99645.3,Year,Y,Certified
EZYV11167,Asia,Bachelor's,Y,N,5670,2003,West,101125.76,Year,Y,Denied
EZYV17541,Europe,Bachelor's,Y,N,2915,1968,West,67610.02,Year,Y,Certified
EZYV15540,Asia,Bachelor's,Y,N,3352,1994,Northeast,63638.29,Year,Y,Denied
EZYV14613,Asia,High School,Y,N,2071,2000,South,93458.12,Year,N,Denied
EZYV9405,Asia,Bachelor's,Y,N,708,2005,West,110222.49,Year,Y,Certified
EZYV10830,Asia,Bachelor's,N,N,1844,1998,South,111089.61,Year,Y,Certified
EZYV4165,Asia,Master's,Y,N,527,2007,Midwest,124870.32,Year,Y,Certified
EZYV13436,Asia,High School,Y,N,688,1880,Northeast,63895.16,Year,Y,Denied
EZYV15043,Asia,Bachelor's,Y,N,3143,2000,Midwest,147481.01,Year,Y,Certified
EZYV15074,Asia,High School,N,N,859,2005,Northeast,50125.03,Year,Y,Denied
EZYV17062,Asia,Bachelor's,Y,N,2075,1939,South,176.6921,Hour,Y,Certified
EZYV23765,Asia,Bachelor's,N,N,905,2010,Midwest,47097.96,Year,Y,Certified
EZYV18356,Asia,Doctorate,Y,N,704,1981,West,64717.6,Year,Y,Certified
EZYV12059,South America,Bachelor's,Y,N,1154,1847,West,36560.15,Year,Y,Certified
EZYV3315,Asia,Bachelor's,N,N,495,2006,Northeast,80525.73,Year,N,Denied
EZYV5221,North America,Master's,Y,N,2651,1999,Midwest,145224.36,Year,Y,Certified
EZYV18428,Asia,Bachelor's,Y,N,145,1986,South,220.9686,Hour,Y,Denied
EZYV4851,Asia,Bachelor's,N,N,5713,2004,Northeast,114165.05,Year,N,Denied
EZYV10490,Asia,High School,N,N,998,1890,Midwest,31217.75,Year,Y,Denied
EZYV3644,Asia,Bachelor's,Y,N,1422,2001,South,106248.3,Year,Y,Certified
EZYV11150,Asia,Bachelor's,Y,Y,149,2000,South,109057.27,Year,Y,Denied
EZYV16829,North America,High School,N,N,2856,2004,Midwest,109121.62,Year,Y,Denied
EZYV25364,North America,Bachelor's,N,N,829,2001,Northeast,408.1252,Hour,Y,Denied
EZYV14545,South America,Bachelor's,Y,N,2497,1980,South,99642.14,Year,Y,Certified
EZYV15432,Africa,High School,N,N,1670,2005,Northeast,93261.24,Year,Y,Denied
EZYV7160,Asia,High School,N,N,2839,1998,West,139666.15,Year,Y,Denied
EZYV2612,Asia,Bachelor's,N,N,3174,2005,Northeast,263877.21,Year,Y,Denied
EZYV12837,Asia,Master's,Y,N,10227,2001,Midwest,12235.53,Year,Y,Certified
EZYV18478,Asia,Bachelor's,Y,N,1819,1916,South,94242.91,Year,Y,Certified
EZYV21507,Asia,Master's,N,Y,1828,2007,West,116162.85,Year,Y,Certified
EZYV3561,Europe,Doctorate,Y,N,19600,1979,Northeast,14714.66,Year,Y,Certified
EZYV12610,Asia,Master's,Y,N,965,2005,West,71431.04,Year,Y,Certified
EZYV4766,Europe,Bachelor's,Y,Y,2651,1864,South,46109.36,Year,Y,Certified
EZYV25370,Europe,Doctorate,Y,N,3299,1980,Northeast,54643.24,Year,Y,Certified
EZYV10964,Asia,Master's,Y,Y,3387,2005,West,57710.67,Year,Y,Certified
EZYV14441,Asia,Master's,Y,N,3551,2000,South,14840.54,Year,Y,Certified
EZYV13183,Asia,Bachelor's,Y,N,9349,2004,South,341.7415,Hour,Y,Denied
EZYV4496,Asia,Bachelor's,Y,Y,1946,1984,South,67931.37,Year,Y,Certified
EZYV17272,Asia,Bachelor's,Y,Y,237266,2013,South,72427.42,Year,Y,Denied
EZYV22688,Asia,Master's,N,N,780,1997,Northeast,104.59,Hour,Y,Certified
EZYV3273,Europe,Bachelor's,Y,N,2597,1947,Northeast,45509.25,Year,Y,Certified
EZYV22017,Asia,High School,Y,N,3110,1985,Midwest,54268.32,Year,Y,Certified
EZYV17021,Asia,Bachelor's,Y,Y,53634,2004,West,97407.11,Year,Y,Certified
EZYV15336,Asia,Bachelor's,N,N,2867,1975,Northeast,42958.3,Year,Y,Denied
EZYV8366,South America,High School,N,N,2017,2000,West,906.9008,Hour,Y,Certified
EZYV8520,North America,Bachelor's,N,N,1943,1995,West,49373.11,Year,Y,Denied
EZYV12336,Oceania,Bachelor's,N,Y,814,1947,South,53610.6,Year,Y,Certified
EZYV3066,Asia,Master's,N,Y,177,1942,South,135662.31,Year,Y,Denied
EZYV21770,North America,Master's,N,N,1629,1882,Northeast,132251.08,Year,N,Certified
EZYV17108,Asia,Bachelor's,N,Y,2162,2012,Northeast,76189.23,Year,Y,Certified
EZYV5893,Asia,Bachelor's,Y,N,3180,1885,South,20675.25,Year,Y,Denied
EZYV17875,Asia,Master's,N,N,99027,1979,Northeast,116336.39,Year,Y,Certified
EZYV12427,Asia,Bachelor's,Y,N,1736,1996,Northeast,93246.64,Year,Y,Denied
EZYV6277,Asia,Doctorate,N,Y,1086,2009,Northeast,130175.47,Year,Y,Certified
EZYV18409,Europe,High School,N,N,1533,2014,Midwest,51037.6,Year,Y,Certified
EZYV19819,Asia,Master's,Y,N,4310,1997,Midwest,96199.34,Year,Y,Certified
EZYV15177,Europe,Master's,Y,N,2999,1869,West,14654.53,Year,Y,Certified
EZYV5604,Asia,Bachelor's,Y,N,675,1985,West,155525.56,Week,Y,Denied
EZYV7061,Asia,Bachelor's,Y,N,2921,1981,South,81971.34,Year,Y,Certified
EZYV15269,Asia,Bachelor's,Y,Y,499720,1948,West,47992.0,Year,Y,Certified
EZYV8276,Asia,Master's,Y,N,320,1963,West,120670.38,Year,Y,Certified
EZYV3848,Asia,Bachelor's,N,N,5888,2005,Midwest,15418.27,Year,Y,Denied
EZYV24679,North America,Bachelor's,N,N,653,2007,Northeast,864.9518,Hour,Y,Certified
EZYV15366,Asia,High School,N,N,22,2009,Midwest,158211.14,Year,Y,Denied
EZYV23150,Asia,Master's,N,N,3683,2007,Northeast,518.6032,Hour,Y,Denied
EZYV17849,Europe,Bachelor's,N,Y,4338,1998,West,25566.32,Year,Y,Denied
EZYV1735,Asia,High School,N,N,1250,1919,South,74515.66,Year,N,Certified
EZYV4458,Asia,Bachelor's,N,N,1935,2007,Northeast,38579.29,Year,Y,Denied
EZYV16013,Asia,Master's,Y,N,438,1955,Midwest,51542.37,Year,Y,Certified
EZYV22040,Asia,High School,Y,N,377,2000,West,13718.79,Year,Y,Certified
EZYV20939,Asia,Master's,Y,N,1687,1969,Northeast,37830.7,Year,Y,Denied
EZYV22856,North America,High School,Y,N,564,1991,South,2.9561,Hour,Y,Denied
EZYV9958,Asia,Master's,N,Y,2819,1998,South,82403.05,Year,Y,Certified
EZYV7257,North America,High School,Y,N,664,2012,Northeast,23565.43,Year,Y,Certified
EZYV15388,Asia,Master's,Y,N,2887,2005,West,49648.51,Year,Y,Certified
EZYV11461,Europe,Bachelor's,N,N,1000,1998,West,49434.03,Year,Y,Certified
EZYV5244,Asia,Master's,Y,N,3346,2007,Northeast,14803.96,Year,Y,Certified
EZYV5765,North America,Master's,Y,N,1400,1996,South,61052.31,Year,N,Certified
EZYV25419,North America,Bachelor's,Y,N,1733,1838,South,137279.82,Year,Y,Certified
EZYV5486,Asia,Master's,N,N,1450,1838,South,876.9421,Hour,Y,Certified
EZYV24240,South America,High School,N,N,2053,2003,Northeast,611.1996,Hour,Y,Denied
EZYV15211,Europe,Bachelor's,Y,Y,43630,1986,Northeast,47374.11,Year,Y,Certified
EZYV18389,Asia,Master's,Y,N,3537,1998,West,36123.48,Year,Y,Certified
EZYV19548,Asia,Bachelor's,Y,N,2738,2005,Northeast,214358.18,Year,Y,Certified
EZYV704,Asia,Bachelor's,N,Y,1082,2009,Northeast,90711.57,Year,Y,Denied
EZYV22680,Asia,Master's,Y,N,18699,1999,West,10404.92,Year,N,Denied
EZYV13791,North America,Bachelor's,N,N,2371,1897,Midwest,118734.19,Year,N,Certified
EZYV20330,Asia,Bachelor's,Y,N,2961,1946,Northeast,86613.17,Year,Y,Certified
EZYV21227,Asia,High School,Y,N,3279,1976,West,129765.37,Year,N,Denied
EZYV18343,Europe,High School,N,N,3643,1914,Northeast,4321.77,Year,Y,Certified
EZYV25313,North America,Master's,N,N,3298,1948,Midwest,98554.98,Year,N,Certified
EZYV7133,Asia,Bachelor's,N,N,324,1998,South,84376.2,Year,Y,Certified
EZYV9823,Asia,Master's,Y,N,678,1975,West,125201.1,Year,Y,Certified
EZYV11175,Europe,High School,Y,N,838,1901,South,110435.59,Year,Y,Denied
EZYV5054,Asia,Bachelor's,Y,N,1448,2014,South,32831.32,Year,Y,Certified
EZYV17307,Asia,Bachelor's,Y,N,2570,2001,Northeast,75170.44,Year,Y,Certified
EZYV13524,Asia,Master's,N,N,5555,1986,West,101981.7,Year,Y,Denied
EZYV328,Europe,Doctorate,Y,N,5075,1981,Northeast,36028.54,Year,Y,Certified
EZYV25182,Europe,Doctorate,Y,N,5596,2000,West,3286.51,Year,Y,Certified
EZYV18176,Asia,High School,Y,N,2609,1912,Midwest,177047.66,Year,Y,Certified
EZYV10273,Asia,Master's,Y,N,623,1993,Northeast,83980.34,Year,Y,Certified
EZYV9901,North America,Bachelor's,N,N,655,1999,South,4724.81,Year,Y,Certified
EZYV4817,Asia,Bachelor's,Y,N,1458,1988,West,121695.89,Year,Y,Denied
EZYV18670,Asia,Master's,N,N,3302,1983,West,102887.78,Year,N,Certified
EZYV10074,South America,Bachelor's,Y,Y,15827,1988,Northeast,72476.6,Year,Y,Certified
EZYV9594,Asia,Master's,N,N,2215,2001,Midwest,95806.57,Year,Y,Certified
EZYV3059,Asia,Bachelor's,N,N,1691,2001,Midwest,18766.68,Year,Y,Denied
EZYV15451,Europe,Doctorate,Y,N,156,1968,Northeast,4263.23,Year,Y,Certified
EZYV5353,Europe,Doctorate,N,N,4063,2007,West,27334.14,Year,Y,Certified
EZYV20240,Asia,Bachelor's,Y,N,4486,2006,Northeast,94788.53,Year,Y,Certified
EZYV19164,Europe,High School,Y,N,178,1898,South,64079.33,Year,Y,Certified
EZYV13026,Asia,Master's,N,N,656,1979,West,40494.27,Year,N,Certified
EZYV8502,North America,Bachelor's,N,N,1368,1989,South,47406.95,Year,Y,Certified
EZYV8499,Europe,Master's,Y,N,3354,1983,West,46471.14,Year,Y,Certified
EZYV25423,Asia,Bachelor's,N,Y,2551,1977,South,61287.29,Year,Y,Certified
EZYV9721,Asia,Master's,Y,N,2919,1972,West,21591.37,Year,Y,Certified
EZYV8375,Asia,Master's,N,N,4161,2008,Midwest,138121.43,Year,Y,Certified
EZYV7725,Europe,Bachelor's,Y,N,500,1974,South,31641.24,Year,Y,Certified
EZYV14823,Asia,Bachelor's,N,N,2890,1865,Midwest,60563.34,Year,Y,Certified
EZYV18453,Asia,High School,Y,N,2347,2008,Midwest,67466.3,Year,Y,Certified
EZYV20981,Europe,High School,N,N,152,1997,Northeast,48545.5,Year,Y,Certified
EZYV2151,Asia,Bachelor's,Y,N,1377,2006,Northeast,85858.74,Year,Y,Certified
EZYV3060,North America,High School,N,N,2437,1998,Midwest,109949.91,Year,N,Denied
EZYV112,Asia,Master's,Y,N,1327,1864,West,71415.43,Year,Y,Certified
EZYV8433,North America,Bachelor's,N,N,33,1943,South,123130.98,Year,N,Denied
EZYV8583,North America,Bachelor's,Y,N,2032,1997,Northeast,75288.35,Month,Y,Denied
EZYV18913,Asia,Master's,Y,N,722,1994,Midwest,217013.21,Year,Y,Certified
EZYV12156,North America,Master's,N,N,3556,1979,Midwest,33516.1,Year,Y,Certified
EZYV5257,Asia,Bachelor's,Y,N,1782,2004,Northeast,122360.7,Year,Y,Certified
EZYV11113,Asia,Bachelor's,Y,N,1498,2005,South,28118.85,Year,Y,Denied
EZYV8680,Europe,Master's,N,N,1450,2005,West,76034.47,Year,Y,Certified
EZYV22427,Asia,Master's,N,N,2896,1962,West,80708.9,Year,Y,Denied
EZYV4678,Europe,High School,N,N,203,1983,West,27708.49,Year,Y,Denied
EZYV16182,Asia,Master's,N,N,117877,1997,Northeast,120306.98,Year,Y,Certified
EZYV12330,Asia,Doctorate,N,N,2386,2007,Midwest,102941.65,Year,Y,Certified
EZYV14412,South America,Bachelor's,N,N,2353,2000,West,599.6041,Hour,Y,Denied
EZYV7908,North America,Master's,N,N,1630,1979,South,240846.68,Year,N,Denied
EZYV17157,Asia,High School,N,N,4892,2010,Northeast,54969.76,Year,Y,Denied
EZYV378,Asia,Master's,Y,N,2240,2006,West,19525.49,Year,Y,Certified
EZYV22226,Asia,Bachelor's,Y,N,3181,2005,Midwest,103785.68,Year,Y,Certified
EZYV10823,Asia,Master's,Y,N,4653,1989,South,153894.33,Year,N,Certified
EZYV18996,Asia,High School,N,N,1437,1913,West,59555.48,Year,Y,Denied
EZYV11702,Asia,Bachelor's,N,N,3910,1984,South,249626.02,Year,N,Certified
EZYV17622,Africa,Master's,Y,N,348,2009,Midwest,31106.89,Year,Y,Certified
EZYV24445,Asia,Master's,Y,N,2245,1956,West,106994.99,Year,N,Denied
EZYV6374,North America,Master's,N,N,3095,1994,Northeast,120026.84,Year,Y,Denied
EZYV558,Asia,Bachelor's,N,Y,3696,1998,West,21853.74,Year,Y,Denied
EZYV19188,Asia,Bachelor's,Y,N,4134,1920,Northeast,631.3547,Hour,Y,Denied
EZYV5529,North America,Doctorate,Y,N,4345,1992,Northeast,16174.59,Year,Y,Certified
EZYV10615,Asia,Bachelor's,Y,N,32,2004,Northeast,20500.74,Year,Y,Certified
EZYV41,Asia,Bachelor's,Y,N,3723,2011,West,39633.32,Year,Y,Certified
EZYV1912,Asia,Master's,Y,N,473,1989,Northeast,88459.77,Year,Y,Certified
EZYV10629,Asia,Bachelor's,Y,N,837,2001,South,143108.79,Year,Y,Certified
EZYV19995,Asia,Bachelor's,N,Y,3291,2000,Northeast,141162.58,Month,Y,Certified
EZYV21631,Asia,Bachelor's,N,Y,36722,2000,Northeast,149.7,Hour,Y,Certified
EZYV17408,Europe,Master's,Y,Y,5342,1919,South,109399.4,Year,Y,Certified
EZYV17466,Asia,Bachelor's,Y,N,2652,2007,Northeast,124370.09,Year,N,Certified
EZYV17710,Europe,Master's,N,Y,4378,1983,West,50.0723,Hour,Y,Denied
EZYV23718,South America,Bachelor's,Y,N,269,1914,Midwest,243190.47,Year,Y,Certified
EZYV7677,Asia,Master's,Y,N,945,2008,West,118953.48,Year,Y,Certified
EZYV13303,Asia,Master's,Y,N,4024,1991,Northeast,57685.01,Year,Y,Certified
EZYV19373,Asia,Doctorate,N,Y,2141,1980,West,126668.89,Year,Y,Certified
EZYV24955,Asia,Master's,Y,N,2439,1885,Northeast,38618.06,Year,Y,Certified
EZYV20613,Asia,High School,Y,N,1846,1997,Northeast,88903.23,Year,Y,Certified
EZYV16568,Asia,Master's,N,N,3143,1977,Midwest,272286.3,Year,Y,Certified
EZYV13106,North America,High School,Y,N,22516,1946,West,18842.63,Year,Y,Denied
EZYV7852,Asia,Master's,N,N,2703,1983,South,125612.2,Year,Y,Certified
EZYV6038,Asia,Master's,N,N,2260,2001,South,106035.03,Year,N,Certified
EZYV24961,Europe,Master's,Y,N,1068,2010,West,26374.62,Year,Y,Denied
EZYV18763,Asia,Master's,N,N,2095,1996,Midwest,113841.43,Year,Y,Certified
EZYV23398,Asia,Master's,Y,N,1167,2003,South,42241.49,Year,Y,Certified
EZYV15282,Europe,Doctorate,Y,N,117975,1884,West,95242.63,Year,Y,Certified
EZYV14451,Asia,Master's,N,N,727,1975,Northeast,104837.99,Year,Y,Certified
EZYV3886,North America,Doctorate,N,Y,1591,1998,West,93038.87,Year,Y,Denied
EZYV20840,Asia,Master's,Y,N,2499,2011,West,16157.7,Year,Y,Denied
EZYV17127,North America,Bachelor's,Y,N,2190,2004,Northeast,8312.75,Year,Y,Certified
EZYV388,Africa,Master's,Y,N,4857,2001,Northeast,101949.05,Year,Y,Certified
EZYV18359,Asia,Master's,Y,N,4438,2001,South,32933.56,Year,Y,Certified
EZYV23938,Asia,Doctorate,Y,Y,35,2002,South,51623.25,Year,Y,Certified
EZYV18319,Asia,Bachelor's,Y,Y,12669,1977,West,154599.79,Year,Y,Certified
EZYV2627,Asia,High School,N,N,2340,2006,Northeast,106818.89,Year,N,Denied
EZYV3157,Africa,Doctorate,Y,N,1898,2010,Northeast,24254.96,Year,Y,Certified
EZYV15218,Asia,Master's,N,N,2028,2004,Northeast,698.7177,Hour,Y,Denied
EZYV15996,Asia,High School,Y,N,3968,1900,South,139393.26,Year,N,Certified
EZYV552,Asia,Doctorate,N,N,2956,2003,South,262189.0,Year,N,Certified
EZYV23615,North America,Master's,Y,N,2737,2000,West,51751.63,Year,Y,Certified
EZYV21817,Asia,Master's,N,N,2193,1993,West,9387.0,Year,Y,Denied
EZYV15650,Asia,Master's,N,N,1969,2013,South,103954.37,Year,Y,Denied
EZYV15514,North America,High School,Y,N,1037,1994,Island,56348.85,Year,Y,Denied
EZYV2272,Asia,Master's,Y,N,598,1999,Northeast,114010.87,Year,Y,Certified
EZYV6158,Europe,Bachelor's,Y,N,1326,1987,West,27711.53,Year,Y,Denied
EZYV25030,Europe,Doctorate,Y,N,2160,1976,West,109286.09,Year,Y,Denied
EZYV20922,Asia,Master's,Y,N,3619,1974,West,137075.06,Year,N,Certified
EZYV24776,Asia,Master's,N,Y,3255,1976,Northeast,31612.51,Year,Y,Denied
EZYV21718,South America,Bachelor's,Y,N,3206,2010,West,349.994,Hour,Y,Denied
EZYV6672,North America,Master's,Y,N,11088,1993,Northeast,92669.02,Year,N,Denied
EZYV23510,Asia,Bachelor's,Y,N,3144,1985,Midwest,110241.47,Year,Y,Certified
EZYV14031,Asia,Master's,Y,N,1156,2011,West,67000.39,Year,Y,Certified
EZYV23607,Asia,Master's,Y,N,2227,2013,South,88233.69,Year,Y,Certified
EZYV16691,Asia,Master's,N,N,3857,1939,Midwest,37703.12,Year,Y,Certified
EZYV14497,Asia,Bachelor's,N,N,1621,2010,South,85271.22,Year,Y,Certified
EZYV16476,Africa,Bachelor's,Y,N,4207,1834,South,52857.75,Year,Y,Certified
EZYV3450,Asia,High School,Y,N,3470,2001,South,52057.9,Year,Y,Denied
EZYV19203,Europe,Bachelor's,N,N,501,2014,South,106701.9,Year,Y,Certified
EZYV17323,Europe,Doctorate,Y,N,1588,1993,West,41830.78,Year,Y,Certified
EZYV8819,Asia,Bachelor's,N,N,1460,2000,South,61037.51,Year,Y,Certified
EZYV15688,Asia,Master's,N,N,101,1900,South,61067.13,Year,Y,Denied
EZYV5631,North America,Master's,Y,N,2707,2006,South,6278.09,Year,Y,Certified
EZYV12815,Asia,Bachelor's,N,N,4696,1872,Northeast,81957.87,Year,Y,Denied
EZYV10528,Africa,Bachelor's,Y,N,743,1866,West,43189.93,Year,Y,Certified
EZYV11667,Asia,Bachelor's,Y,N,2215,2009,South,60777.6,Year,Y,Denied
EZYV18417,Oceania,Doctorate,N,N,799,1987,Northeast,29134.01,Year,Y,Certified
EZYV428,Asia,Doctorate,Y,N,1121,2008,West,230750.48,Year,N,Certified
EZYV10291,Europe,Master's,Y,N,2330,1992,West,9828.98,Year,Y,Certified
EZYV1105,Asia,Bachelor's,N,N,992,1998,South,141643.1,Year,N,Certified
EZYV21638,Asia,Bachelor's,Y,N,4890,2005,West,75663.34,Year,Y,Certified
EZYV4767,Asia,Bachelor's,N,N,838,2000,Northeast,94134.87,Year,Y,Denied
EZYV21880,Asia,Bachelor's,Y,N,18629,2005,West,67630.12,Year,N,Certified
EZYV612,Asia,Bachelor's,Y,N,2715,1948,South,117587.26,Year,Y,Certified
EZYV15912,Asia,Bachelor's,Y,N,4815,1982,Midwest,115901.11,Year,Y,Denied
EZYV17451,Asia,Bachelor's,Y,Y,4834,2006,West,77495.5,Year,Y,Certified
EZYV17481,Asia,High School,N,N,1836,1989,Northeast,139702.02,Year,Y,Certified
EZYV819,Asia,Master's,Y,N,644,1977,Northeast,96786.88,Year,Y,Certified
EZYV9203,Europe,Master's,N,Y,2517,1872,South,64461.76,Year,Y,Denied
EZYV19750,Asia,Bachelor's,Y,N,885,1998,West,91431.5,Year,Y,Certified
EZYV9672,Asia,Bachelor's,Y,N,1249,2011,Northeast,34112.37,Year,Y,Denied
EZYV13671,Asia,Doctorate,Y,N,996,1990,West,35751.12,Year,Y,Certified
EZYV23950,Asia,Master's,N,N,2476,2006,Midwest,122711.51,Year,Y,Certified
EZYV10796,Asia,Bachelor's,Y,N,553,2005,South,65663.94,Year,Y,Certified
EZYV15113,Asia,Bachelor's,Y,N,3267,2002,Northeast,46598.13,Year,Y,Certified
EZYV6321,Asia,Doctorate,N,N,4370,2009,Midwest,93561.21,Year,Y,Certified
EZYV6306,Africa,High School,N,Y,571,1946,Northeast,133774.72,Year,Y,Denied
EZYV16065,Asia,Doctorate,Y,Y,463,1981,Northeast,135666.51,Year,Y,Certified
EZYV22813,Asia,Bachelor's,Y,N,261,2002,Northeast,56509.49,Year,Y,Certified
EZYV8783,Asia,Bachelor's,Y,N,628,1997,South,106795.83,Year,N,Certified
EZYV3340,Asia,Bachelor's,N,N,3581,1996,South,179303.8,Year,N,Denied
EZYV13268,Asia,Master's,Y,N,3679,2001,South,44725.29,Year,N,Certified
EZYV17311,Asia,Bachelor's,N,N,5056,1969,South,176.13,Hour,Y,Denied
EZYV4468,North America,Bachelor's,N,N,1339,2009,West,60165.78,Year,Y,Denied
EZYV14980,Asia,Bachelor's,N,N,292,2013,West,19622.21,Year,Y,Certified
EZYV4562,Asia,Doctorate,N,Y,3689,1982,Northeast,35672.91,Year,Y,Denied
EZYV9976,Asia,Master's,N,N,45188,2013,South,20679.31,Year,Y,Certified
EZYV7095,Europe,Bachelor's,N,Y,10399,1991,West,18433.25,Year,Y,Certified
EZYV12796,Asia,Master's,Y,N,3642,1960,West,37986.01,Year,Y,Certified
EZYV4684,Asia,Master's,N,N,2349,1998,Northeast,68247.39,Year,Y,Denied
EZYV2182,Asia,Bachelor's,Y,N,1006,1851,West,96432.59,Year,Y,Certified
EZYV21398,Asia,High School,Y,N,4040,2005,South,36975.28,Year,N,Certified
EZYV18260,Asia,Master's,N,N,1760,1984,South,129115.51,Year,N,Denied
EZYV20300,Asia,High School,N,N,2505,1962,Midwest,158427.09,Year,Y,Certified
EZYV20851,Asia,High School,Y,N,26549,1980,West,5551.43,Year,Y,Certified
EZYV18102,North America,High School,Y,N,89925,1998,Northeast,40457.91,Year,Y,Denied
EZYV16871,Asia,High School,N,N,1164,2002,South,138634.53,Year,Y,Certified
EZYV23166,Asia,Master's,Y,N,1957,1998,South,88225.58,Year,Y,Certified
EZYV20117,Asia,High School,N,N,382,1992,South,46454.31,Year,Y,Certified
EZYV20444,Europe,Bachelor's,Y,N,2005,2010,West,80040.61,Year,Y,Certified
EZYV6424,Asia,High School,Y,Y,1777,2000,South,127500.61,Year,Y,Denied
EZYV18112,Asia,Bachelor's,Y,N,1381,2006,South,68330.77,Year,Y,Denied
EZYV14284,Asia,Bachelor's,Y,N,5431,2004,South,72364.8,Year,Y,Certified
EZYV14021,Africa,High School,Y,N,2653,1941,Midwest,94768.17,Year,Y,Denied
EZYV12458,Asia,Bachelor's,N,N,4739,1998,West,47101.82,Year,Y,Certified
EZYV17507,Asia,Master's,N,N,3811,2008,Midwest,49521.94,Year,Y,Denied
EZYV11781,Asia,Bachelor's,Y,N,2302,2006,South,76852.99,Year,Y,Denied
EZYV15800,Asia,Bachelor's,N,N,3582,1993,Northeast,72948.78,Year,Y,Certified
EZYV11645,South America,Bachelor's,N,N,1904,2003,West,105575.01,Year,Y,Certified
EZYV18507,North America,Bachelor's,N,Y,4825,1997,West,91287.87,Year,Y,Certified
EZYV8284,Europe,Master's,Y,N,2829,2000,Midwest,88722.28,Year,Y,Certified
EZYV2848,Europe,Bachelor's,Y,N,3032,2010,West,13830.8,Year,Y,Certified
EZYV15672,Asia,High School,Y,N,86,2012,Northeast,48850.8,Year,Y,Denied
EZYV173,Asia,Master's,Y,N,3050,1993,Northeast,10341.89,Year,Y,Certified
EZYV7303,North America,Bachelor's,N,N,6138,2010,Northeast,47862.76,Year,Y,Certified
EZYV24216,Asia,High School,Y,N,1814,1968,West,561.9526,Hour,Y,Certified
EZYV17666,Asia,High School,Y,N,25091,2000,West,52565.45,Year,Y,Certified
EZYV11280,North America,Master's,Y,N,2996,1994,West,105024.69,Year,Y,Denied
EZYV18149,Asia,High School,N,Y,597,2005,Northeast,94229.0,Year,Y,Certified
EZYV13847,Asia,Doctorate,Y,N,2637,1911,Island,83263.14,Year,Y,Certified
EZYV10244,Asia,Doctorate,Y,N,1168,2012,South,12844.97,Year,Y,Certified
EZYV25405,Oceania,Doctorate,Y,N,429,2006,West,27819.35,Year,Y,Certified
EZYV11939,Asia,Bachelor's,N,N,887,1977,Northeast,104746.65,Year,Y,Certified
EZYV7911,Asia,Bachelor's,Y,N,501,1998,Northeast,132232.88,Year,Y,Denied
EZYV19951,Europe,Bachelor's,N,N,1697,2004,West,34929.37,Year,Y,Certified
EZYV4777,Asia,Master's,Y,N,105,1988,West,45678.47,Year,Y,Certified
EZYV1687,Asia,Bachelor's,Y,N,3265,1972,Northeast,80032.34,Year,Y,Certified
EZYV24978,North America,Master's,N,N,2146,2007,South,164835.0,Year,N,Certified
EZYV10224,Asia,Master's,N,N,3310,2007,South,152374.4,Year,N,Certified
EZYV9462,Asia,Bachelor's,N,Y,7453,2010,West,67132.3,Year,N,Denied
EZYV203,Asia,Bachelor's,Y,N,3128,1999,West,31890.66,Year,Y,Certified
EZYV8929,Asia,Master's,N,N,2726,1838,Northeast,8717.72,Year,Y,Certified
EZYV23008,Asia,Master's,N,N,2513,2005,Midwest,4629.64,Year,Y,Certified
EZYV5381,South America,Master's,N,N,2202,2001,Midwest,10767.77,Year,Y,Certified
EZYV1721,Asia,Bachelor's,Y,N,105,2005,Northeast,109866.71,Year,Y,Certified
EZYV17321,Europe,Master's,Y,N,890,2010,Northeast,36782.13,Year,Y,Certified
EZYV10533,Europe,Doctorate,Y,N,28027,1998,South,44248.08,Year,Y,Certified
EZYV17405,Europe,Doctorate,N,N,780,2015,West,27734.43,Year,Y,Certified
EZYV7260,North America,Master's,N,N,112,1839,Northeast,233.7907,Hour,Y,Denied
EZYV23121,Asia,Master's,Y,N,4411,1995,West,119900.6,Year,Y,Denied
EZYV10570,Asia,Bachelor's,Y,N,1948,2005,Midwest,247525.17,Year,Y,Certified
EZYV17842,Asia,Bachelor's,N,Y,504,1898,West,118174.8,Year,Y,Certified
EZYV6655,North America,Bachelor's,Y,N,5400,2000,Northeast,61983.76,Year,Y,Denied
EZYV24201,North America,Master's,N,Y,234,1981,Midwest,41241.37,Year,Y,Denied
EZYV9307,Asia,Master's,N,N,442,1985,Midwest,121496.2,Year,N,Certified
EZYV19981,Asia,Master's,Y,N,1221,1999,South,25141.66,Year,Y,Certified
EZYV20547,Asia,Master's,N,Y,2775,1995,South,85637.23,Year,Y,Certified
EZYV22927,Asia,Bachelor's,N,N,1027,1971,Northeast,765.5967,Hour,Y,Denied
EZYV14771,South America,High School,Y,N,1674,1911,West,125189.0,Year,Y,Denied
EZYV17259,Asia,Bachelor's,Y,N,491,2011,Midwest,246099.93,Month,Y,Denied
EZYV548,Asia,Bachelor's,Y,N,8374,1864,Northeast,206970.67,Year,N,Certified
EZYV1464,Africa,Master's,N,N,3883,1987,West,56133.23,Year,Y,Denied
EZYV11732,Asia,Bachelor's,Y,N,989,1907,Northeast,30017.12,Week,Y,Denied
EZYV12539,Asia,Bachelor's,Y,N,1445,2009,Northeast,24309.92,Year,Y,Certified
EZYV16229,Asia,High School,N,Y,270,2010,South,90027.98,Year,Y,Certified
EZYV15651,Asia,Bachelor's,N,N,74,1965,Northeast,48993.9,Year,Y,Denied
EZYV18329,Asia,Master's,Y,N,3271,2004,West,57462.43,Year,Y,Certified
EZYV14866,Asia,Master's,Y,N,5071,1993,West,82083.56,Year,Y,Certified
EZYV390,North America,Master's,Y,N,2579,2007,West,68683.19,Year,Y,Certified
EZYV10782,Europe,High School,Y,N,2928,1809,Northeast,56994.42,Year,Y,Denied
EZYV20071,Asia,Bachelor's,Y,N,3380,2011,West,118024.81,Year,Y,Certified
EZYV11483,Asia,Bachelor's,N,N,1687,1952,Midwest,43940.9,Year,Y,Certified
EZYV8596,North America,Master's,N,N,1250,1998,South,98247.63,Year,N,Denied
EZYV1813,Asia,Bachelor's,Y,N,239,2001,West,45139.63,Year,Y,Certified
EZYV25427,Europe,Doctorate,N,N,171,1977,South,7058.51,Year,Y,Certified
EZYV8732,Asia,Master's,Y,N,4466,1984,South,97420.05,Year,Y,Certified
EZYV3898,Asia,Bachelor's,Y,N,470,1824,Northeast,70729.85,Week,Y,Denied
EZYV13311,Asia,Master's,N,N,260,2005,Northeast,110683.42,Year,Y,Certified
EZYV7462,Asia,Bachelor's,Y,N,2723,1999,Northeast,69222.45,Year,Y,Certified
EZYV7184,Oceania,Master's,N,Y,6159,1988,Midwest,87111.61,Year,Y,Certified
EZYV12946,Asia,Doctorate,Y,Y,2231,2004,Midwest,49671.02,Year,Y,Certified
EZYV11223,North America,Doctorate,N,Y,4507,1954,Northeast,106203.55,Year,Y,Certified
EZYV1216,Asia,Bachelor's,N,N,1814,2002,Northeast,10.5551,Hour,Y,Denied
EZYV6835,Asia,Bachelor's,Y,Y,2639,1987,West,25666.2,Year,Y,Certified
EZYV13949,Asia,Bachelor's,Y,Y,1056,1998,West,20704.23,Year,Y,Certified
EZYV10197,Asia,Master's,N,N,3569,2001,Midwest,90263.31,Year,Y,Certified
EZYV547,Asia,Master's,N,N,1980,2006,Northeast,79576.59,Year,Y,Denied
EZYV7021,Asia,Master's,Y,N,3935,1847,Northeast,33650.12,Year,Y,Certified
EZYV8760,Africa,Master's,Y,N,2385,2013,West,93065.51,Year,Y,Certified
EZYV24515,Asia,Bachelor's,Y,Y,14438,1927,South,97744.6,Year,Y,Certified
EZYV887,North America,Bachelor's,N,N,85646,2013,South,103341.32,Year,N,Certified
EZYV23644,Europe,Doctorate,N,N,306,2005,Northeast,56708.63,Year,Y,Denied
EZYV18448,Asia,Bachelor's,N,N,14011,2003,Northeast,33169.75,Year,Y,Certified
EZYV9525,Europe,Doctorate,N,N,2003,1959,South,12709.21,Year,Y,Certified
EZYV5530,Asia,Master's,N,N,2638,1932,Northeast,86085.56,Year,Y,Certified
EZYV4126,Asia,High School,Y,N,1669,1968,West,155365.31,Year,N,Denied
EZYV23366,Asia,High School,Y,N,1484,1999,West,67875.23,Year,Y,Certified
EZYV18738,North America,Master's,Y,N,1053,1999,South,88642.0,Year,Y,Certified
EZYV22644,Europe,Master's,N,N,1288,2005,South,106195.76,Year,N,Certified
EZYV16985,Asia,Bachelor's,Y,N,707,2015,South,75355.85,Year,Y,Certified
EZYV10513,Europe,Bachelor's,Y,Y,2961,1996,South,51979.59,Year,Y,Denied
EZYV11785,North America,Bachelor's,Y,N,1775,1991,Island,87915.99,Year,Y,Certified
EZYV4386,Europe,Bachelor's,Y,N,3452,2004,Northeast,98621.04,Year,Y,Certified
EZYV11733,Africa,Doctorate,Y,N,748,2012,West,48230.05,Year,Y,Certified
EZYV18832,Asia,Master's,Y,N,1482,1997,Midwest,27069.76,Year,Y,Certified
EZYV11759,Asia,Master's,N,N,1158,2000,Midwest,129289.13,Year,Y,Certified
EZYV13596,Asia,Bachelor's,Y,N,2034,1981,West,950.6056,Hour,Y,Certified
EZYV5372,Asia,Bachelor's,Y,N,1905,1892,West,52712.97,Year,Y,Denied
EZYV9372,Asia,High School,Y,N,3858,2007,Northeast,88698.91,Year,Y,Denied
EZYV3227,Asia,Bachelor's,Y,N,2658,2008,Northeast,92640.49,Year,Y,Certified
EZYV17845,Asia,Bachelor's,N,N,-14,2012,West,29325.85,Year,Y,Denied
EZYV24602,Asia,High School,Y,N,4185,1987,Northeast,37654.23,Year,Y,Certified
EZYV12579,Asia,Doctorate,Y,N,3863,2007,Midwest,85605.51,Year,Y,Certified
EZYV16628,Asia,Bachelor's,Y,N,105495,1999,Midwest,120929.26,Year,Y,Denied
EZYV14320,Asia,Bachelor's,Y,N,5057,1999,West,66248.38,Year,Y,Denied
EZYV9809,North America,High School,Y,N,2473,1999,Midwest,65.1106,Hour,Y,Denied
EZYV14456,Europe,High School,N,N,572,2012,West,123040.54,Year,N,Denied
EZYV9470,Asia,Master's,N,N,1114,2005,West,81805.35,Year,Y,Certified
EZYV5883,Asia,Master's,Y,N,1908,1985,Northeast,53811.82,Year,Y,Certified
EZYV21872,Asia,Master's,Y,N,1467,1911,Northeast,53476.15,Year,Y,Certified
EZYV18435,Asia,Bachelor's,N,N,3209,1962,South,66280.12,Year,Y,Certified
EZYV20917,Asia,Bachelor's,Y,N,162,2009,Northeast,68495.2,Year,Y,Denied
EZYV9839,Asia,Master's,N,N,1613,1998,South,74041.63,Year,Y,Certified
EZYV14439,North America,Master's,N,N,3061,1970,Northeast,122.3,Hour,Y,Denied
EZYV17397,Europe,Master's,N,N,5475,2000,West,79477.72,Year,Y,Certified
EZYV12423,Asia,Bachelor's,Y,N,2517,2012,Midwest,82832.29,Year,Y,Certified
EZYV9392,South America,Bachelor's,N,N,760,2013,West,11536.11,Year,Y,Certified
EZYV9570,North America,Master's,Y,N,593,1976,South,132834.14,Year,Y,Certified
EZYV22825,Asia,Bachelor's,Y,N,3614,1999,Midwest,37139.23,Year,Y,Denied
EZYV4176,Asia,High School,N,N,1889,1988,Midwest,57227.79,Year,Y,Denied
EZYV17557,Asia,Bachelor's,Y,N,1559,2013,Midwest,74605.65,Year,Y,Denied
EZYV3934,Asia,Master's,Y,N,1368,2010,Midwest,101194.05,Year,Y,Certified
EZYV22775,Asia,Bachelor's,N,N,361,1996,Midwest,185691.71,Year,Y,Certified
EZYV7172,North America,Bachelor's,N,N,3511,2010,Northeast,72352.34,Year,Y,Certified
EZYV14499,Asia,Master's,Y,N,1018,2006,West,134897.62,Year,Y,Certified
EZYV17121,Asia,Master's,N,N,685,1992,Midwest,24050.43,Year,N,Certified
EZYV7154,Europe,Master's,Y,N,1458,1960,South,16025.36,Year,Y,Certified
EZYV12626,Europe,High School,Y,N,268819,1887,South,50872.25,Year,Y,Denied
EZYV6484,North America,High School,Y,N,4771,1999,Northeast,112270.04,Year,N,Certified
EZYV18223,Asia,Master's,Y,N,496,1998,Northeast,111491.39,Year,Y,Certified
EZYV22761,Asia,Master's,N,N,30392,1850,Northeast,86144.55,Year,Y,Denied
EZYV4915,Asia,Doctorate,N,N,4767,1972,Island,96986.55,Year,Y,Certified
EZYV21885,Europe,High School,Y,N,1792,2012,Island,72288.61,Year,Y,Certified
EZYV18688,Asia,Master's,Y,N,2912,1906,Midwest,32516.66,Year,Y,Certified
EZYV14421,Oceania,Doctorate,N,N,1042,1923,Midwest,9442.41,Year,Y,Certified
EZYV22654,South America,Master's,N,N,1732,2004,Northeast,24258.73,Year,Y,Denied
EZYV11433,Asia,Master's,N,N,864,1938,Midwest,86027.83,Year,Y,Certified
EZYV10814,Asia,Bachelor's,N,N,3275,2006,Northeast,128330.67,Year,N,Denied
EZYV21082,Asia,Master's,Y,N,14944,2008,Midwest,62339.98,Year,Y,Certified
EZYV830,North America,Master's,N,N,2485,2006,Midwest,120260.96,Year,N,Certified
EZYV8776,Asia,Bachelor's,Y,N,1732,1999,West,75906.47,Year,Y,Certified
EZYV22435,Asia,Master's,Y,N,1789,1963,Northeast,111907.48,Year,Y,Certified
EZYV3498,Europe,High School,N,N,1341,2005,South,104041.86,Year,Y,Denied
EZYV8941,Asia,Bachelor's,N,N,2258,1951,Northeast,55406.26,Year,Y,Certified
EZYV20334,Africa,Master's,Y,N,5137,1995,South,145932.59,Year,Y,Certified
EZYV3122,Europe,High School,Y,N,1684,1866,South,52818.02,Year,Y,Denied
EZYV12470,Asia,High School,Y,N,3461,1838,West,689.9989,Hour,Y,Denied
EZYV24175,Asia,Bachelor's,Y,N,2344,2013,South,94371.85,Year,Y,Certified
EZYV15862,Asia,Bachelor's,N,Y,3275,1978,South,84203.35,Year,Y,Certified
EZYV22896,Asia,Bachelor's,Y,N,2760,2004,West,80740.55,Year,Y,Certified
EZYV14586,Asia,Bachelor's,Y,N,1855,1980,South,142770.49,Year,Y,Denied
EZYV13738,Europe,Bachelor's,Y,N,2440,2005,West,66085.0,Year,Y,Certified
EZYV2055,North America,Bachelor's,N,N,3902,2000,South,74586.11,Year,N,Certified
EZYV583,Asia,Bachelor's,Y,N,2188,1999,South,100524.28,Year,Y,Certified
EZYV21737,Asia,Doctorate,Y,Y,3208,1997,South,141405.7,Year,Y,Denied
EZYV8240,Asia,Master's,Y,N,98447,1838,West,10421.76,Year,N,Certified
EZYV9766,Asia,Master's,N,N,893,1979,Midwest,278708.4,Year,Y,Certified
EZYV11459,Asia,Bachelor's,Y,Y,2425,1972,South,157482.58,Year,Y,Certified
EZYV9228,Asia,Bachelor's,N,Y,2471,1999,West,100860.9,Year,Y,Certified
EZYV14414,Asia,Bachelor's,N,N,4025,2007,West,23600.77,Year,Y,Denied
EZYV4724,South America,Master's,N,Y,17794,2005,South,33368.09,Year,Y,Certified
EZYV17925,Europe,Doctorate,N,N,978,1901,South,47731.42,Year,Y,Certified
EZYV13660,Asia,Bachelor's,Y,N,4951,1999,South,38046.17,Year,Y,Certified
EZYV12938,Asia,Bachelor's,N,N,1890,1947,West,64324.48,Year,Y,Denied
EZYV7874,Asia,Master's,N,N,1528,2005,South,161902.39,Year,N,Certified
EZYV23708,Europe,Master's,Y,N,2750,2004,West,81208.7,Year,Y,Certified
EZYV24341,Asia,Master's,N,N,1452,2005,South,138171.53,Year,N,Certified
EZYV23516,North America,Master's,Y,N,126,1997,South,50210.34,Year,Y,Certified
EZYV25215,North America,Master's,N,N,2494,2005,Midwest,84521.21,Year,Y,Certified
EZYV16626,Asia,High School,N,N,2349,2000,South,48371.23,Year,Y,Certified
EZYV7869,Asia,High School,Y,N,1534,2011,Northeast,100655.16,Year,Y,Denied
EZYV14207,Asia,Bachelor's,Y,N,3624,2013,Northeast,50508.62,Year,N,Certified
EZYV10792,Asia,Bachelor's,N,N,1222,2005,Midwest,2795.57,Year,Y,Denied
EZYV15984,Asia,Bachelor's,N,N,70082,1994,Island,100004.98,Year,Y,Certified
EZYV12808,Asia,Bachelor's,Y,N,22,2001,Midwest,110406.5,Year,Y,Denied
EZYV9457,North America,Master's,Y,N,2496,1987,South,4839.98,Year,N,Denied
EZYV1633,Asia,Bachelor's,Y,N,2575,1997,Northeast,55928.49,Year,Y,Certified
EZYV3000,Europe,Bachelor's,Y,N,1666,1997,West,42388.98,Year,Y,Certified
EZYV5871,Asia,Master's,Y,N,4110,1994,South,73826.51,Year,Y,Certified
EZYV15022,Asia,High School,N,N,3248,1994,Northeast,112790.25,Year,Y,Denied
EZYV15078,Asia,High School,N,N,2893,1981,Midwest,198143.18,Year,Y,Denied
EZYV16677,Asia,Bachelor's,N,N,719,2005,Island,120591.93,Year,Y,Certified
EZYV8841,Asia,Bachelor's,Y,N,1279,1977,West,106027.64,Year,Y,Certified
EZYV6146,Asia,High School,Y,N,2000,1934,South,86692.85,Year,N,Denied
EZYV1888,North America,Master's,Y,N,67632,2001,Midwest,44499.62,Year,N,Certified
EZYV14172,Asia,Master's,N,N,821,2007,South,11151.06,Year,Y,Certified
EZYV2919,Asia,Master's,Y,N,-26,2005,Midwest,112799.46,Year,Y,Certified
EZYV11930,South America,High School,Y,N,2437,2008,West,22030.65,Year,Y,Denied
EZYV24059,Asia,Doctorate,Y,N,4225,1993,Northeast,22459.98,Year,Y,Denied
EZYV5662,Africa,Master's,Y,N,106342,2002,South,69642.02,Year,Y,Certified
EZYV11370,Europe,Doctorate,N,Y,2831,2008,South,2352.15,Year,Y,Certified
EZYV2546,Asia,Bachelor's,Y,N,895,1925,West,89232.98,Year,Y,Certified
EZYV7927,Asia,Bachelor's,Y,N,214,1976,West,59987.73,Year,Y,Certified
EZYV931,Asia,Bachelor's,Y,N,2083,1947,West,98871.58,Year,Y,Certified
EZYV4399,Africa,Doctorate,N,N,63430,1974,South,81274.38,Year,Y,Denied
EZYV24038,Asia,Bachelor's,Y,N,806,2000,Northeast,87778.77,Year,Y,Certified
EZYV4946,North America,Master's,Y,N,37432,1982,Northeast,16164.16,Year,Y,Certified
EZYV20833,Asia,Bachelor's,N,Y,4024,1861,South,64451.25,Year,Y,Certified
EZYV3635,Asia,High School,N,N,2593,2007,Northeast,98157.02,Year,Y,Denied
EZYV10738,Asia,High School,N,N,453,2005,West,144049.19,Year,Y,Denied
EZYV23482,Europe,Bachelor's,Y,N,439,1946,Island,118877.94,Year,Y,Certified
EZYV16474,Asia,Master's,N,N,3847,2008,Northeast,36592.51,Year,Y,Certified
EZYV16919,North America,Bachelor's,Y,N,2896,1988,Northeast,326.7484,Hour,Y,Denied
EZYV15300,Asia,Master's,N,Y,2439,2000,West,86169.59,Year,Y,Certified
EZYV16907,Europe,Doctorate,N,N,22195,1986,West,65099.48,Year,Y,Certified
EZYV22065,Asia,High School,N,N,1031,2001,Midwest,160917.21,Year,Y,Certified
EZYV18944,Asia,Bachelor's,N,N,3770,1843,South,566.1703,Hour,Y,Denied
EZYV12407,Asia,Master's,Y,N,472,1936,Northeast,24485.97,Year,Y,Certified
EZYV18789,Asia,Master's,Y,N,13114,2005,West,72166.16,Year,Y,Certified
EZYV8666,North America,Bachelor's,N,N,1930,2009,Northeast,891.8422,Hour,Y,Certified
EZYV24771,South America,High School,Y,N,460,1842,Island,57772.61,Year,Y,Certified
EZYV5549,Asia,Master's,N,N,3176,2012,Northeast,107040.45,Year,N,Certified
EZYV4190,Asia,High School,Y,N,1516,2002,South,17673.16,Year,Y,Denied
EZYV12662,North America,Bachelor's,Y,N,2484,2007,West,57080.63,Year,Y,Denied
EZYV1036,Europe,Bachelor's,Y,N,3164,1972,Northeast,64310.94,Year,Y,Certified
EZYV18979,North America,Doctorate,Y,N,5081,1839,Northeast,99464.83,Year,Y,Certified
EZYV13588,Asia,Bachelor's,Y,N,4479,1990,Island,61493.72,Year,N,Certified
EZYV16446,Asia,Bachelor's,Y,N,1751,1981,South,32501.32,Year,Y,Certified
EZYV1828,Asia,Bachelor's,Y,Y,1571,2001,South,22107.69,Year,Y,Certified
EZYV15330,South America,Bachelor's,Y,N,2731,1947,South,435.5681,Hour,Y,Denied
EZYV17493,Asia,Bachelor's,Y,N,5054,1999,Midwest,31332.61,Year,Y,Certified
EZYV22832,Asia,Master's,N,N,128356,2013,Northeast,75451.92,Year,Y,Certified
EZYV393,Asia,Bachelor's,Y,N,51,2003,West,21976.68,Year,Y,Certified
EZYV11289,Asia,Bachelor's,N,N,3571,2004,Midwest,60766.49,Year,Y,Certified
EZYV23262,Asia,Master's,N,N,3560,1997,Northeast,92985.97,Year,N,Certified
EZYV16204,Asia,Master's,Y,N,785,1995,Northeast,84000.59,Year,Y,Certified
EZYV21700,Asia,Bachelor's,Y,N,556,2000,South,89755.04,Year,Y,Certified
EZYV70,Asia,Master's,Y,N,292,2005,South,38059.89,Year,Y,Certified
EZYV22211,Africa,Master's,Y,N,878,1997,West,153941.25,Year,Y,Denied
EZYV10956,Asia,Master's,Y,N,497,2013,Midwest,108175.41,Year,Y,Certified
EZYV13701,Asia,High School,N,N,1305,1851,South,343.5729,Hour,Y,Denied
EZYV1472,Asia,Bachelor's,N,N,2081,2002,South,39306.03,Year,Y,Certified
EZYV23304,Asia,Bachelor's,N,N,2949,1997,Midwest,66701.68,Year,N,Certified
EZYV15633,Asia,High School,Y,N,1561,1963,West,43552.39,Year,N,Denied
EZYV6503,Asia,Master's,Y,N,4072,2001,South,133807.63,Year,Y,Certified
EZYV5266,Asia,Bachelor's,N,N,1028,1817,Northeast,920.7943,Hour,Y,Denied
EZYV10048,Africa,High School,Y,N,474,1873,West,101709.42,Year,Y,Denied
EZYV20113,Asia,Master's,Y,N,4345,1918,Northeast,25535.59,Year,Y,Certified
EZYV21372,Asia,Master's,N,N,2688,1864,Northeast,126473.89,Year,N,Certified
EZYV16714,North America,High School,N,N,9245,1960,Midwest,41711.83,Year,Y,Certified
EZYV15005,Asia,Master's,Y,N,367,1932,Northeast,1366.14,Year,Y,Certified
EZYV2691,Europe,Master's,Y,Y,2440,1995,Northeast,5088.81,Year,Y,Certified
EZYV25317,Asia,High School,Y,N,694,1938,Northeast,75251.24,Year,Y,Certified
EZYV21001,Asia,Master's,Y,N,1611,1906,Northeast,120428.72,Year,Y,Certified
EZYV917,South America,Master's,N,N,481,1866,Northeast,10355.64,Year,Y,Denied
EZYV14887,Europe,Master's,N,N,657,1989,Northeast,89667.25,Year,Y,Certified
EZYV7926,North America,Master's,Y,N,2648,2001,Northeast,45.9551,Hour,Y,Certified
EZYV20237,Asia,Master's,Y,N,20331,1934,Northeast,61586.68,Year,Y,Certified
EZYV24981,Asia,Master's,Y,N,2522,2006,South,61965.76,Year,Y,Certified
EZYV12988,North America,Master's,Y,N,716,2003,West,140313.93,Year,N,Certified
EZYV23208,Asia,Bachelor's,N,Y,751,2010,South,110633.9,Year,Y,Certified
EZYV7605,Asia,Bachelor's,Y,Y,3290,2006,West,111342.31,Year,Y,Certified
EZYV13870,South America,Bachelor's,Y,N,1940,1999,South,92472.57,Year,Y,Certified
EZYV12552,Asia,Bachelor's,N,N,2518,1999,West,143919.23,Year,Y,Denied
EZYV8930,North America,Doctorate,N,N,654,2007,South,75036.41,Year,Y,Certified
EZYV6984,South America,Master's,Y,N,2455,2001,Northeast,122239.88,Week,Y,Certified
EZYV20878,Asia,Bachelor's,Y,N,2633,1977,Northeast,117874.22,Year,Y,Certified
EZYV23440,Asia,Bachelor's,Y,N,1140,1896,Midwest,75010.82,Year,Y,Denied
EZYV3972,Asia,Master's,N,N,6752,1984,Midwest,253668.86,Year,Y,Denied
EZYV22443,Asia,Master's,Y,N,514,1990,Midwest,845.1618,Hour,Y,Denied
EZYV10628,North America,Master's,Y,N,4584,1881,South,113330.48,Year,N,Certified
EZYV9578,North America,Bachelor's,Y,N,1256,2011,West,53447.43,Year,N,Certified
EZYV21247,Asia,Master's,Y,N,400,1900,Northeast,125240.69,Year,Y,Denied
EZYV20123,Asia,Master's,N,Y,1438,1989,Northeast,69302.68,Year,Y,Certified
EZYV6276,South America,Bachelor's,N,N,282,2014,Northeast,521.7731,Hour,Y,Denied
EZYV9400,Asia,Bachelor's,N,N,2449,1998,West,102154.08,Year,Y,Denied
EZYV7513,Asia,Bachelor's,Y,N,1398,2007,Northeast,9113.92,Year,Y,Certified
EZYV18710,North America,Bachelor's,N,N,2243,2007,Midwest,129458.05,Year,N,Certified
EZYV6164,Europe,High School,N,Y,2458,1997,Northeast,63507.73,Year,Y,Denied
EZYV6592,Asia,Master's,Y,N,2891,2009,South,73010.75,Year,Y,Certified
EZYV17736,Asia,Master's,N,Y,3706,1987,South,41526.35,Year,Y,Certified
EZYV6106,North America,Doctorate,N,N,2558,1989,South,120085.72,Year,Y,Certified
EZYV9569,Asia,Bachelor's,N,N,2305,2007,South,171.0384,Hour,Y,Denied
EZYV22517,Asia,Bachelor's,N,N,710,1933,Northeast,187928.91,Year,Y,Denied
EZYV5615,Asia,Master's,Y,N,4341,1968,Northeast,77644.87,Year,N,Certified
EZYV2989,Europe,Bachelor's,N,N,1337,2014,West,52097.71,Year,Y,Certified
EZYV10969,Asia,Master's,Y,N,4567,1899,Northeast,87835.49,Year,Y,Certified
EZYV16401,Asia,Bachelor's,N,N,561,2011,West,46582.9,Year,Y,Denied
EZYV19765,Asia,Master's,Y,N,4933,2006,Northeast,81580.72,Year,Y,Certified
EZYV14870,North America,High School,N,N,2553,2001,South,124525.43,Year,Y,Denied
EZYV14756,Asia,High School,N,N,3248,1997,South,136991.5,Year,Y,Denied
EZYV3802,Asia,Bachelor's,N,N,174,1981,South,155673.65,Year,Y,Denied
EZYV13055,South America,Master's,Y,N,1680,1999,West,37709.63,Year,Y,Denied
EZYV10410,Asia,Master's,Y,N,1352,2006,Midwest,52521.86,Year,Y,Certified
EZYV10169,Asia,Master's,N,N,138,1888,Northeast,228.2617,Hour,Y,Denied
EZYV4949,Asia,Doctorate,N,N,1570,2004,Northeast,153971.89,Year,Y,Certified
EZYV25128,Asia,Master's,N,N,1939,2007,Midwest,112912.83,Year,Y,Certified
EZYV13198,Asia,Master's,N,N,83186,1987,Northeast,100802.96,Year,N,Certified
EZYV9986,Asia,Bachelor's,N,N,19024,2005,South,198852.99,Year,Y,Certified
EZYV16455,Asia,Master's,Y,N,3080,1989,Northeast,133958.61,Year,Y,Certified
EZYV9176,South America,Doctorate,Y,Y,486,2010,South,211596.76,Year,Y,Certified
EZYV21583,Europe,Doctorate,N,Y,1637,2007,South,11266.56,Year,Y,Denied
EZYV2197,Asia,Master's,N,N,4385,1994,South,574.1964,Hour,Y,Certified
EZYV3861,Asia,Master's,Y,N,6308,1837,Northeast,101249.13,Year,Y,Certified
EZYV23659,Asia,High School,N,N,100,1998,Northeast,538.8879,Hour,Y,Denied
EZYV21087,Europe,Doctorate,N,N,882,2007,West,27172.0,Year,Y,Denied
EZYV24809,Asia,Master's,Y,N,2662,2000,Midwest,103818.64,Year,N,Denied
EZYV3413,Asia,Bachelor's,N,N,3590,1996,Midwest,52721.38,Year,Y,Denied
EZYV20451,Asia,Bachelor's,N,N,1149,1992,Northeast,80136.83,Year,N,Denied
EZYV5853,Europe,Master's,N,N,3703,1951,South,45804.36,Year,Y,Denied
EZYV10172,Asia,Doctorate,Y,N,2330,1964,South,48523.87,Year,Y,Certified
EZYV1523,Asia,Doctorate,Y,N,802,2002,South,319.36,Year,Y,Certified
EZYV2194,Asia,Master's,Y,N,1842,1982,West,49487.57,Year,Y,Certified
EZYV14495,Asia,Master's,N,N,477,1851,Midwest,76972.75,Year,Y,Certified
EZYV15132,North America,Bachelor's,Y,N,939,1978,Northeast,133296.11,Year,Y,Certified
EZYV14801,South America,Master's,Y,N,2481,1887,West,40515.44,Year,Y,Denied
EZYV15815,Asia,Master's,Y,N,4859,1997,West,38483.91,Year,Y,Certified
EZYV9712,North America,Master's,N,N,1846,2005,South,99099.77,Year,N,Certified
EZYV23506,Asia,Master's,Y,N,11658,2007,South,127260.47,Year,Y,Certified
EZYV4981,Asia,Bachelor's,N,N,1405,1996,Midwest,14600.43,Year,Y,Denied
EZYV15181,Europe,High School,Y,N,26298,1996,South,1925.98,Year,Y,Denied
EZYV25228,North America,Bachelor's,N,N,1505,2003,Midwest,124266.45,Year,N,Certified
EZYV16933,Asia,Bachelor's,N,N,1895,2002,South,103019.04,Year,Y,Certified
EZYV3668,Europe,Master's,Y,N,18553,1985,Northeast,2630.75,Year,Y,Certified
EZYV7077,North America,Bachelor's,N,N,379,2007,South,718.6797,Hour,Y,Certified
EZYV8027,Europe,Bachelor's,N,N,1248,1946,West,38231.02,Year,Y,Certified
EZYV22140,Asia,Master's,Y,N,270,1956,Northeast,93569.19,Year,N,Certified
EZYV20154,Europe,Bachelor's,N,N,4276,2007,West,105192.84,Year,Y,Certified
EZYV21800,Europe,Master's,Y,N,3993,2012,Northeast,25274.38,Year,Y,Certified
EZYV5017,Asia,Master's,Y,Y,2464,2004,Northeast,111100.53,Year,Y,Certified
EZYV8448,Europe,Bachelor's,N,N,4554,1994,West,23080.22,Year,Y,Certified
EZYV94,Asia,High School,N,N,488,2010,Midwest,49357.95,Year,Y,Certified
EZYV22877,North America,Master's,N,N,352,2007,West,141745.5,Year,N,Certified
EZYV21216,Europe,Doctorate,Y,N,918,2005,Northeast,50714.64,Year,Y,Certified
EZYV15161,Africa,Master's,N,N,302,2004,Northeast,74645.92,Year,Y,Certified
EZYV17406,North America,Bachelor's,N,N,338,2006,South,131422.15,Year,N,Certified
EZYV23573,Asia,Bachelor's,Y,N,965,2011,West,179063.79,Year,Y,Certified
EZYV18269,North America,High School,Y,N,51,1994,West,37249.38,Year,Y,Certified
EZYV486,Asia,Bachelor's,N,N,3209,2001,Northeast,137179.34,Year,Y,Denied
EZYV11404,Africa,Master's,Y,N,4103,2005,South,99127.74,Year,Y,Certified
EZYV12811,Asia,Master's,N,N,3127,1975,West,134365.09,Year,Y,Certified
EZYV4739,Asia,Master's,Y,Y,2288,1818,Midwest,86597.66,Year,Y,Certified
EZYV23832,Asia,High School,Y,N,871,1972,South,32141.27,Year,Y,Denied
EZYV7049,Oceania,Master's,N,N,4207,2000,West,58701.76,Year,N,Certified
EZYV1203,Asia,Master's,N,Y,2126,1922,South,81534.43,Year,Y,Certified
EZYV23636,Asia,Bachelor's,Y,N,144,2006,Midwest,154692.83,Year,Y,Certified
EZYV5814,Asia,High School,Y,N,3223,1979,West,48050.55,Year,Y,Denied
EZYV4180,Asia,Bachelor's,Y,N,2059,2013,West,530.4704,Hour,Y,Denied
EZYV7970,Asia,Bachelor's,Y,N,592,1986,West,153470.48,Year,Y,Certified
EZYV14822,Asia,Bachelor's,N,N,830,1996,South,42537.9,Year,Y,Certified
EZYV20869,Asia,Bachelor's,N,N,2455,1957,Northeast,272.996,Hour,Y,Certified
EZYV19672,Asia,Doctorate,Y,N,2858,1998,South,123882.1,Year,Y,Certified
EZYV24172,Asia,Bachelor's,Y,N,2287,1911,West,46390.68,Year,Y,Certified
EZYV11016,Asia,Doctorate,Y,N,25255,2001,Midwest,157034.33,Year,Y,Certified
EZYV6582,North America,Bachelor's,N,N,1425,2004,South,2373.08,Year,Y,Certified
EZYV21016,North America,Bachelor's,N,N,2440,1987,Northeast,652.8175,Hour,Y,Denied
EZYV15112,Asia,Master's,N,Y,3940,1986,Northeast,452.1367,Hour,Y,Certified
EZYV23234,South America,Bachelor's,N,Y,2780,1987,South,97480.21,Year,Y,Certified
EZYV3970,Asia,Bachelor's,N,Y,2638,1990,Northeast,37970.43,Year,Y,Denied
EZYV11356,Asia,Master's,Y,N,3098,1994,Midwest,29442.45,Year,Y,Certified
EZYV3047,Africa,Master's,Y,N,3923,2006,Northeast,75739.52,Year,Y,Certified
EZYV21320,Asia,Master's,Y,N,3055,2000,West,119928.31,Year,Y,Denied
EZYV7724,Asia,Master's,Y,N,376,1999,Midwest,101492.78,Year,Y,Certified
EZYV19161,Asia,Bachelor's,Y,N,4470,1999,West,120503.59,Year,Y,Denied
EZYV18869,Europe,Doctorate,N,N,876,1944,West,76135.74,Year,Y,Denied
EZYV24049,Asia,Master's,Y,N,3675,2003,Midwest,108795.99,Year,Y,Certified
EZYV13846,Asia,Master's,N,N,2862,1995,South,47576.6,Year,Y,Denied
EZYV3048,North America,Bachelor's,Y,N,1276,1995,West,83060.5,Year,Y,Denied
EZYV78,Asia,Bachelor's,Y,N,1274,1999,South,107781.48,Year,Y,Certified
EZYV196,Asia,Bachelor's,N,N,872,1991,Northeast,179675.58,Year,Y,Denied
EZYV25433,Asia,Bachelor's,Y,N,1236,2008,West,154057.64,Week,Y,Certified
EZYV3797,Africa,Bachelor's,Y,N,3969,1938,South,947.9375,Hour,Y,Denied
EZYV11792,North America,Bachelor's,Y,N,3051,1989,West,150210.82,Year,Y,Certified
EZYV24665,North America,Bachelor's,N,N,3880,2005,Northeast,52434.18,Year,Y,Certified
EZYV3990,Asia,Master's,N,N,2504,1979,West,120041.04,Year,N,Denied
EZYV16273,Asia,High School,N,N,597,2002,South,106581.18,Year,Y,Denied
EZYV7162,Asia,Bachelor's,Y,N,130,2011,West,153485.12,Year,Y,Denied
EZYV13340,Europe,High School,N,N,894,1869,South,66696.57,Year,Y,Denied
EZYV16304,Asia,Master's,Y,N,3131,2011,South,904.5946,Hour,Y,Denied
EZYV10295,Asia,Bachelor's,N,N,2604,2007,Midwest,143598.29,Year,Y,Certified
EZYV14972,Europe,Master's,Y,Y,1331,2012,South,3612.03,Year,Y,Certified
EZYV13640,Asia,Master's,N,N,2153,2002,Midwest,133235.42,Year,Y,Certified
EZYV7219,North America,Master's,N,N,2362,1999,Midwest,10200.79,Year,Y,Certified
EZYV12516,Asia,Master's,N,N,957,2001,Northeast,50836.89,Year,Y,Certified
EZYV23256,Asia,Bachelor's,N,N,605,1986,Midwest,34151.16,Year,Y,Certified
EZYV10090,Asia,Bachelor's,N,N,2071,1904,Northeast,238.0194,Hour,Y,Denied
EZYV5712,Asia,High School,N,N,504,1908,South,28028.72,Year,Y,Denied
EZYV1083,Asia,Doctorate,Y,N,6024,1989,Northeast,274019.43,Year,Y,Certified
EZYV8107,Asia,Bachelor's,N,N,2213,2007,West,68995.32,Year,Y,Certified
EZYV2667,Asia,Bachelor's,Y,N,2929,1984,West,94583.87,Year,Y,Certified
EZYV11183,Asia,Bachelor's,Y,N,4422,2013,West,89421.2,Year,Y,Denied
EZYV12834,Asia,Master's,Y,N,1778,2011,Midwest,84855.8,Year,Y,Certified
EZYV9528,Europe,Bachelor's,N,N,2157,2010,West,27027.46,Year,Y,Certified
EZYV3882,North America,Master's,Y,N,535,2008,Midwest,128829.03,Year,Y,Certified
EZYV1135,Asia,High School,Y,Y,380,1999,South,95147.04,Year,Y,Certified
EZYV18893,Asia,Master's,Y,N,358,2002,Northeast,100975.92,Year,N,Certified
EZYV16621,Asia,Bachelor's,Y,N,272,2005,South,121.6,Hour,Y,Certified
EZYV2559,Asia,Bachelor's,Y,N,2397,1855,Midwest,92833.95,Year,Y,Certified
EZYV5560,North America,Bachelor's,N,N,4147,1887,Northeast,63504.39,Week,Y,Denied
EZYV9178,Asia,Master's,Y,N,69,1987,Midwest,6764.58,Year,Y,Certified
EZYV13401,Asia,Bachelor's,Y,Y,825,2003,Northeast,77788.33,Year,Y,Certified
EZYV16827,North America,High School,Y,N,2742,2014,South,94788.5,Year,Y,Denied
EZYV13315,Asia,Master's,Y,N,13047,1863,Midwest,123222.87,Year,N,Certified
EZYV14327,Asia,Master's,Y,N,4500,1993,West,44082.94,Year,Y,Certified
EZYV16281,South America,Bachelor's,Y,N,3077,1972,Northeast,76264.65,Year,Y,Certified
EZYV18780,Asia,Master's,N,N,2624,1985,Midwest,102206.7,Year,Y,Certified
EZYV9768,Asia,Bachelor's,N,Y,271,1999,West,63981.86,Year,Y,Certified
EZYV13615,Asia,Bachelor's,Y,N,975,2002,West,101485.38,Year,Y,Certified
EZYV18808,Asia,Bachelor's,Y,N,2431,2008,West,33587.17,Year,Y,Certified
EZYV12435,Europe,Bachelor's,Y,N,874,1986,Northeast,84595.79,Year,Y,Certified
EZYV13687,Asia,High School,N,N,3395,1974,Northeast,346.5963,Hour,Y,Denied
EZYV17969,Asia,Master's,N,N,3764,2008,Midwest,102877.5,Year,Y,Certified
EZYV15847,Asia,Bachelor's,Y,N,716,1997,Northeast,76082.95,Year,Y,Certified
EZYV22206,Asia,Master's,N,N,4783,1993,West,5267.05,Year,N,Denied
EZYV11749,Asia,High School,Y,N,4146,2007,Northeast,125089.36,Year,N,Denied
EZYV24449,Asia,Bachelor's,N,N,4154,1961,Island,679.4517,Hour,Y,Denied
EZYV21226,Asia,Master's,Y,N,84,1918,Midwest,69494.95,Year,Y,Certified
EZYV23439,Asia,Bachelor's,Y,N,2794,1942,Midwest,108037.03,Year,N,Certified
EZYV20246,Asia,Bachelor's,N,N,138,1994,West,107442.58,Year,Y,Certified
EZYV13937,Asia,Bachelor's,Y,N,2612,1951,Northeast,28540.95,Year,Y,Certified
EZYV5762,Asia,Bachelor's,N,N,1898,1957,West,24535.65,Year,Y,Denied
EZYV3054,Asia,High School,N,N,13502,1993,Midwest,116669.49,Year,Y,Denied
EZYV23286,Asia,Bachelor's,N,Y,101,1885,South,70037.05,Year,Y,Denied
EZYV20861,Asia,High School,Y,N,4080,2001,Midwest,160388.07,Year,Y,Certified
EZYV20893,Asia,Bachelor's,Y,N,125,1992,West,126073.98,Year,Y,Denied
EZYV25421,Europe,Master's,Y,Y,799,2003,Northeast,58608.4,Year,Y,Certified
EZYV23083,Asia,Bachelor's,Y,N,1110,1993,South,138025.08,Year,Y,Denied
EZYV9266,Asia,Bachelor's,Y,N,1844,1950,West,59127.27,Year,Y,Denied
EZYV18208,North America,Bachelor's,N,N,3243,1963,Northeast,411.1979,Hour,Y,Denied
EZYV6624,Asia,Bachelor's,N,N,1009,1838,West,889.7335,Hour,Y,Denied
EZYV4270,Europe,High School,N,N,3902,1970,Northeast,44357.05,Year,Y,Denied
EZYV5356,Asia,High School,Y,N,2620,2005,Midwest,129050.28,Year,Y,Denied
EZYV999,Asia,High School,Y,N,21013,1991,West,88780.76,Year,Y,Denied
EZYV15085,Asia,Master's,Y,N,1508,2005,Northeast,104747.35,Year,N,Certified
EZYV15276,North America,Master's,Y,N,2426,1970,Northeast,2128.47,Year,N,Certified
EZYV2978,Europe,Bachelor's,Y,Y,3413,1963,South,39292.69,Year,N,Denied
EZYV18015,Asia,Bachelor's,N,N,1359,2001,Northeast,102.7,Hour,Y,Denied
EZYV2618,Asia,Bachelor's,Y,N,4339,2003,Northeast,84316.68,Year,Y,Certified
EZYV10335,Asia,Bachelor's,N,N,4418,2011,West,89092.19,Year,Y,Certified
EZYV13825,North America,Master's,Y,N,30615,2004,South,132187.31,Year,Y,Certified
EZYV21065,Asia,High School,Y,N,6797,1939,West,132497.19,Week,Y,Certified
EZYV22650,Asia,Bachelor's,N,Y,2378,2007,Northeast,35888.27,Year,Y,Certified
EZYV25340,Asia,Bachelor's,Y,N,1073,2002,West,100824.65,Year,Y,Denied
EZYV20291,Asia,Master's,N,N,252500,2004,Midwest,50696.79,Year,Y,Certified
EZYV7712,Europe,Master's,N,N,49065,2013,West,73581.44,Year,Y,Certified
EZYV21672,Europe,Bachelor's,N,Y,1010,2006,West,102524.37,Year,Y,Denied
EZYV6530,Asia,Master's,Y,N,2071,1991,South,97268.82,Year,Y,Certified
EZYV9191,Asia,Bachelor's,Y,N,853,1961,West,40200.87,Year,Y,Certified
EZYV8570,Europe,Bachelor's,N,N,3797,1989,West,48903.81,Year,Y,Denied
EZYV10845,Asia,Bachelor's,Y,N,5076,2000,South,82394.86,Year,Y,Certified
EZYV21990,North America,Master's,N,N,1043,1838,Midwest,363.8169,Hour,Y,Denied
EZYV10984,Asia,High School,Y,N,1977,2008,Midwest,96574.05,Year,Y,Denied
EZYV5834,Europe,High School,Y,N,2804,1839,West,61488.43,Year,Y,Denied
EZYV11001,Asia,Master's,Y,N,2162,1984,South,43592.56,Year,Y,Certified
EZYV8826,Asia,Doctorate,N,Y,4123,1994,South,117651.09,Year,Y,Certified
EZYV18511,Asia,Bachelor's,N,N,1492,1988,Midwest,14876.89,Year,Y,Certified
EZYV1708,Asia,Master's,Y,N,622,1984,Northeast,108218.05,Year,N,Certified
EZYV24558,Africa,Doctorate,Y,N,1580,2004,South,133647.8,Year,N,Denied
EZYV19732,Europe,Master's,Y,N,4362,2005,West,84211.41,Year,Y,Certified
EZYV13387,Europe,Doctorate,Y,N,1962,2012,West,64103.54,Year,Y,Certified
EZYV15981,Asia,High School,N,N,2289,1986,Midwest,92302.36,Year,Y,Denied
EZYV137,Asia,Master's,Y,N,1933,1839,Northeast,63896.35,Year,Y,Certified
EZYV178,Asia,Bachelor's,Y,N,2708,2010,Northeast,109921.68,Year,Y,Certified
EZYV16440,Europe,Doctorate,Y,N,896,1957,West,47526.05,Year,Y,Certified
EZYV21502,Asia,Master's,Y,N,95881,1972,Northeast,131406.67,Year,Y,Certified
EZYV12563,Asia,Master's,N,N,354,1855,Midwest,170696.25,Year,Y,Certified
EZYV13421,Asia,Master's,Y,N,2415,2005,Midwest,139157.76,Year,Y,Certified
EZYV8683,Asia,High School,N,N,595,2003,South,969.5751,Hour,Y,Denied
EZYV5220,Asia,High School,N,N,1751,1963,Midwest,104812.44,Year,Y,Denied
EZYV11744,North America,Bachelor's,Y,N,3062,2001,West,88731.14,Year,Y,Denied
EZYV12110,Asia,Bachelor's,Y,N,676,2003,Northeast,48038.39,Year,Y,Certified
EZYV16073,Asia,Bachelor's,Y,N,1624,1989,South,61512.15,Year,Y,Certified
EZYV4392,Asia,Master's,N,N,1344,2011,West,107600.98,Year,N,Denied
EZYV423,North America,Bachelor's,Y,N,3817,2010,Northeast,20141.7,Year,Y,Denied
EZYV16544,Europe,Doctorate,N,N,1848,1993,Midwest,24347.03,Year,Y,Certified
EZYV12835,Asia,Bachelor's,N,N,767,2010,Northeast,76401.44,Year,Y,Certified
EZYV21586,Asia,Master's,Y,N,2716,1870,South,328.1364,Hour,Y,Denied
EZYV19853,Asia,Bachelor's,N,N,3243,1855,Northeast,124.21,Hour,Y,Denied
EZYV13136,Asia,Master's,Y,N,3032,1984,West,19399.04,Year,Y,Certified
EZYV7361,Asia,Master's,N,N,2256,1998,West,59087.27,Year,Y,Certified
EZYV3239,Asia,Bachelor's,N,N,3300,1993,Northeast,116801.81,Year,Y,Denied
EZYV16126,Asia,Bachelor's,N,N,1414,2008,Midwest,257916.69,Year,N,Denied
EZYV23220,Asia,Bachelor's,Y,N,884,2007,West,46515.24,Year,Y,Certified
EZYV16480,Asia,Master's,N,N,3271,1855,Northeast,95411.25,Year,N,Denied
EZYV9751,North America,Master's,Y,Y,6051,1991,West,86187.96,Year,Y,Denied
EZYV21433,Asia,Bachelor's,N,N,1961,2009,West,23494.73,Year,Y,Denied
EZYV18531,Asia,Master's,Y,N,2286,1931,Midwest,111308.89,Year,N,Certified
EZYV22779,Asia,Bachelor's,N,N,221,1983,South,109380.12,Year,Y,Denied
EZYV13063,Asia,Bachelor's,N,N,2011,1963,South,72268.53,Year,Y,Certified
EZYV12207,Asia,Master's,N,N,4994,1892,South,59890.78,Year,N,Certified
EZYV17814,Europe,Bachelor's,Y,N,3881,2012,South,36207.87,Year,Y,Certified
EZYV8045,Asia,High School,Y,N,950,1974,Northeast,594.6598,Hour,Y,Denied
EZYV23468,Asia,Master's,Y,N,651,2000,Northeast,52272.4,Year,Y,Denied
EZYV7062,North America,Master's,N,N,3257,1987,South,37316.47,Year,N,Certified
EZYV6502,Asia,Master's,Y,Y,198,1986,South,459.7524,Hour,Y,Certified
EZYV195,Africa,Master's,Y,N,2180,1992,Midwest,113637.4,Year,Y,Certified
EZYV21332,Asia,Master's,N,N,136,2001,South,278.8894,Hour,Y,Denied
EZYV15582,South America,Bachelor's,Y,N,1608,2001,South,491.1004,Hour,Y,Certified
EZYV1287,Asia,Master's,N,N,2087,1977,West,84860.33,Year,Y,Denied
EZYV19187,Asia,Master's,Y,N,2343,1986,South,2647.81,Year,Y,Certified
EZYV16063,Asia,Doctorate,Y,N,3306,1999,West,78911.95,Year,Y,Certified
EZYV24068,Europe,High School,N,N,1651,2002,West,261.3887,Hour,Y,Denied
EZYV20752,Asia,Bachelor's,N,N,2122,1968,South,64939.82,Year,Y,Certified
EZYV15839,Asia,Master's,N,N,1811,1838,South,123970.66,Year,Y,Certified
EZYV21829,North America,Master's,N,N,513,2007,South,126875.34,Year,Y,Certified
EZYV4045,Asia,Master's,Y,N,3167,1963,Northeast,142386.18,Year,Y,Certified
EZYV18501,South America,Master's,N,Y,1426,1946,Island,68002.87,Year,Y,Certified
EZYV13999,Asia,Master's,N,Y,2426,1996,South,220736.86,Year,N,Denied
EZYV628,Asia,Master's,Y,N,1888,2003,Midwest,147054.85,Year,Y,Certified
EZYV20761,Europe,Master's,Y,N,2686,1954,Midwest,22939.26,Year,Y,Certified
EZYV11214,Asia,Master's,Y,N,1161,2010,Northeast,358.263,Hour,Y,Certified
EZYV2350,Asia,Bachelor's,N,N,3994,1955,West,82062.02,Year,N,Denied
EZYV13495,North America,Master's,Y,N,5345,1910,Midwest,70715.3,Year,N,Certified
EZYV25282,Asia,Master's,Y,Y,1447,1999,West,35028.97,Year,Y,Denied
EZYV9329,Asia,Master's,Y,N,3338,2003,Northeast,107608.28,Year,Y,Certified
EZYV20373,Asia,Bachelor's,Y,Y,1018,2000,South,122582.6,Year,Y,Certified
EZYV13213,Asia,Master's,Y,N,776,1978,Midwest,255674.94,Year,N,Certified
EZYV16788,North America,Master's,N,N,1413,1993,Northeast,48219.65,Year,Y,Certified
EZYV15371,North America,Bachelor's,Y,N,3825,1880,West,85024.68,Week,Y,Certified
EZYV18831,Oceania,Master's,N,N,2632,2013,Northeast,96222.75,Year,N,Certified
EZYV5490,Asia,Master's,N,N,1325,2008,South,77437.08,Year,Y,Certified
EZYV1348,Asia,Bachelor's,Y,N,4853,2001,Northeast,32384.45,Year,Y,Certified
EZYV6014,Asia,Master's,Y,N,2357,2013,West,39186.43,Year,Y,Certified
EZYV23811,Asia,High School,N,Y,1851,1998,West,11816.09,Year,Y,Certified
EZYV20632,Asia,Bachelor's,Y,N,2657,1999,West,62779.76,Year,Y,Certified
EZYV23584,Asia,Bachelor's,N,N,402,2000,Midwest,119866.87,Year,Y,Certified
EZYV6942,Asia,Master's,Y,N,1666,2007,South,102772.77,Year,Y,Certified
EZYV15503,Asia,Bachelor's,Y,N,1842,2005,South,738.9792,Hour,Y,Denied
EZYV18211,Asia,Bachelor's,N,N,3759,1997,Northeast,55155.52,Year,Y,Certified
EZYV23395,Asia,Master's,N,N,588,2014,West,13089.01,Year,Y,Denied
EZYV14260,Asia,Master's,Y,N,283,1973,South,113031.08,Year,Y,Certified
EZYV13080,Asia,Master's,Y,N,581,1989,Northeast,69510.45,Year,Y,Certified
EZYV12491,Asia,Bachelor's,N,N,1466,2000,Northeast,35682.35,Year,Y,Certified
EZYV12816,Europe,Master's,N,N,54,1994,West,43871.9,Year,Y,Certified
EZYV20835,Asia,High School,N,Y,272,1989,West,67872.2,Year,Y,Certified
EZYV2711,Asia,Master's,N,N,1108,2000,Northeast,209.88,Hour,Y,Denied
EZYV9568,Asia,Master's,Y,N,3691,1997,South,101053.29,Year,N,Certified
EZYV25194,Asia,High School,Y,N,1409,1991,West,148070.58,Year,N,Certified
EZYV15586,Asia,Master's,N,N,1095,2007,Midwest,86266.11,Year,N,Denied
EZYV19702,Europe,High School,Y,N,2969,2001,Northeast,90706.89,Year,Y,Certified
EZYV12286,Asia,Master's,N,N,2494,1999,Northeast,161174.19,Year,N,Denied
EZYV23224,Asia,Bachelor's,Y,N,2220,1973,Northeast,90308.4,Year,Y,Certified
EZYV6681,Africa,Master's,Y,N,342,1998,Northeast,102786.22,Year,Y,Certified
EZYV4847,Asia,Bachelor's,Y,N,4253,2005,South,90954.49,Year,Y,Certified
EZYV10888,North America,Bachelor's,N,Y,1578,1996,South,105963.02,Year,Y,Denied
EZYV2892,Asia,Bachelor's,N,N,1626,1967,Northeast,171486.21,Year,Y,Denied
EZYV10382,Asia,Doctorate,N,N,2789,1985,Midwest,156853.13,Year,Y,Certified
EZYV13297,Europe,Bachelor's,N,Y,3329,1998,West,36440.92,Year,Y,Certified
EZYV14921,North America,Bachelor's,Y,N,1403,2005,South,106581.74,Year,N,Certified
EZYV8230,North America,Master's,Y,N,3178,1993,Northeast,28105.16,Year,Y,Certified
EZYV13863,Asia,Master's,Y,N,2041,2000,Midwest,160789.94,Year,Y,Certified
EZYV5909,Asia,Bachelor's,Y,N,2828,2003,Northeast,103844.79,Year,Y,Denied
EZYV3609,Asia,High School,Y,N,2829,1958,Midwest,59068.67,Year,Y,Denied
EZYV2611,Africa,Bachelor's,N,N,1971,2007,South,144511.89,Year,N,Denied
EZYV18194,Asia,Bachelor's,N,N,2481,2011,Midwest,96534.53,Year,Y,Certified
EZYV2408,Asia,Bachelor's,N,N,1823,2006,South,67804.73,Year,Y,Certified
EZYV12720,North America,Bachelor's,Y,N,1085,1973,Northeast,56727.4,Year,Y,Denied
EZYV633,Asia,Master's,Y,N,1261,1975,Northeast,28023.68,Year,Y,Certified
EZYV20040,Asia,High School,Y,N,2764,1968,Midwest,111719.16,Year,Y,Certified
EZYV21089,Asia,Bachelor's,Y,N,3396,2012,South,44070.67,Year,Y,Certified
EZYV18397,Asia,Master's,N,N,2042,1985,West,68484.18,Year,Y,Certified
EZYV11486,North America,Bachelor's,Y,N,2708,1954,Northeast,34199.83,Year,Y,Denied
EZYV9116,Asia,Master's,N,N,648,1898,Midwest,233767.78,Year,Y,Certified
EZYV15378,Asia,Master's,Y,N,1784,1936,Midwest,13962.45,Year,Y,Certified
EZYV15629,Asia,Bachelor's,Y,N,1286,1985,Northeast,125034.41,Year,Y,Certified
EZYV15261,Asia,High School,N,Y,740,1931,South,54550.29,Year,Y,Denied
EZYV6017,Asia,Master's,Y,N,1572,2003,Northeast,42988.72,Year,Y,Certified
EZYV2832,Europe,Master's,Y,N,2317,1994,South,69079.84,Year,Y,Certified
EZYV12887,North America,Master's,Y,Y,888,1946,Northeast,55568.47,Year,Y,Certified
EZYV19812,Asia,Doctorate,Y,N,1987,1991,South,116526.85,Year,Y,Certified
EZYV13429,Asia,Master's,Y,N,92,2007,Northeast,123447.15,Year,Y,Certified
EZYV15720,Asia,Bachelor's,N,Y,3641,2001,South,24628.24,Year,Y,Certified
EZYV10241,Asia,Master's,Y,N,2212,2010,Northeast,28753.04,Year,Y,Certified
EZYV67,North America,Bachelor's,N,N,80,1968,West,82324.64,Year,N,Denied
EZYV20906,Asia,Master's,Y,N,241162,1880,Midwest,136826.1,Year,Y,Certified
EZYV869,Asia,Master's,Y,N,203,1998,Midwest,70544.12,Year,Y,Certified
EZYV7538,Asia,Bachelor's,Y,N,3266,1935,South,94382.75,Year,Y,Certified
EZYV848,North America,Master's,N,N,1063,2012,South,122.55,Hour,Y,Certified
EZYV23381,Asia,Bachelor's,N,N,1617,1997,South,51444.93,Year,Y,Certified
EZYV9193,Asia,High School,Y,N,3273,1892,West,34431.42,Year,Y,Denied
EZYV3679,Asia,Master's,Y,N,3521,2008,South,114031.24,Year,Y,Certified
EZYV11525,Asia,Bachelor's,Y,N,2970,1998,Northeast,10551.83,Year,Y,Denied
EZYV24028,Asia,Master's,Y,N,3310,1977,South,74306.04,Year,Y,Certified
EZYV4790,Asia,Master's,N,N,645,1892,West,63874.42,Year,Y,Certified
EZYV2558,Asia,Master's,Y,N,4777,1998,Island,7713.07,Year,Y,Certified
EZYV5447,Asia,Bachelor's,N,N,2500,1971,Northeast,105.87,Hour,Y,Certified
EZYV22318,Asia,Doctorate,Y,Y,379,1845,West,11884.85,Year,Y,Certified
EZYV13384,South America,Doctorate,Y,Y,545,1993,Northeast,19696.96,Year,Y,Certified
EZYV25345,Asia,High School,Y,N,2989,1988,South,136839.82,Year,Y,Certified
EZYV22019,Asia,Bachelor's,Y,N,1129,1863,South,21745.82,Year,Y,Certified
EZYV16153,Asia,Bachelor's,Y,N,102284,2008,West,204.8606,Hour,Y,Denied
EZYV15507,Asia,Master's,N,N,1106,1998,West,74221.59,Year,Y,Certified
EZYV5797,North America,High School,N,N,2109,1974,South,175.36,Hour,Y,Certified
EZYV12724,Asia,Master's,Y,N,4771,1982,South,29517.03,Year,Y,Certified
EZYV14981,Asia,Bachelor's,Y,N,712,1991,West,79588.86,Year,Y,Certified
EZYV5750,Asia,Bachelor's,N,Y,1975,1991,West,76918.08,Year,Y,Certified
EZYV10264,Asia,Master's,N,Y,836,2006,South,68641.46,Year,Y,Certified
EZYV3703,Asia,Bachelor's,N,N,345,1996,South,50896.02,Year,Y,Denied
EZYV4271,North America,High School,Y,N,4585,1942,West,994.5969,Hour,Y,Certified
EZYV23300,Asia,Master's,Y,N,1561,1837,Northeast,140719.27,Year,Y,Certified
EZYV2595,Asia,Master's,Y,N,3060,1997,West,143589.0,Year,N,Certified
EZYV2604,Asia,Master's,N,N,20932,1940,South,87322.87,Year,N,Denied
EZYV19620,Asia,Bachelor's,N,N,1095,2010,West,71785.88,Year,Y,Certified
EZYV7501,Asia,Master's,N,N,517,1975,Midwest,76814.48,Year,Y,Certified
EZYV18350,Asia,Master's,Y,N,4860,1995,Midwest,85183.73,Year,Y,Certified
EZYV18495,Europe,Bachelor's,N,N,4015,2005,South,88282.86,Year,N,Certified
EZYV6477,North America,Bachelor's,Y,N,294,1995,West,39729.33,Year,Y,Denied
EZYV22783,Asia,Bachelor's,Y,N,822,1855,South,29897.51,Year,Y,Certified
EZYV10071,North America,Bachelor's,N,N,490,1946,Northeast,500.9841,Hour,Y,Certified
EZYV16312,Europe,Doctorate,Y,N,3246,1999,West,101881.22,Year,Y,Denied
EZYV18256,Asia,Bachelor's,N,N,1628,2009,South,105353.23,Year,Y,Certified
EZYV22961,Asia,Bachelor's,Y,N,2111,1994,Northeast,85198.39,Year,Y,Denied
EZYV10314,North America,Master's,Y,N,2171,2004,Midwest,77087.48,Year,Y,Certified
EZYV13548,Asia,Bachelor's,N,N,1016,1996,Northeast,146377.98,Year,Y,Certified
EZYV15529,Europe,Bachelor's,Y,N,77643,1994,Midwest,101920.89,Year,Y,Certified
EZYV10642,North America,Bachelor's,Y,N,1068,1998,Midwest,144711.41,Year,Y,Denied
EZYV7479,Asia,Doctorate,Y,N,3466,1988,South,75843.64,Year,Y,Certified
EZYV23713,Europe,High School,Y,N,27981,2005,South,14060.67,Year,Y,Certified
EZYV18358,North America,High School,Y,N,2405,2000,Northeast,97330.77,Year,Y,Certified
EZYV20680,Asia,Master's,Y,N,1097,2008,South,26263.11,Year,Y,Certified
EZYV20015,Asia,Bachelor's,N,N,2395,1969,Midwest,91813.1,Year,Y,Certified
EZYV1941,Asia,High School,N,N,1798,2012,Northeast,21552.62,Year,Y,Denied
EZYV25409,Africa,Master's,Y,Y,1671,1992,Midwest,55756.35,Year,Y,Certified
EZYV24866,Oceania,Doctorate,N,Y,3487,1930,West,59969.55,Year,Y,Denied
EZYV14749,Asia,Master's,Y,N,4304,2009,West,219284.2,Year,Y,Certified
EZYV24143,North America,Master's,N,N,5572,1975,West,76632.04,Year,N,Certified
EZYV12338,Asia,Bachelor's,Y,N,1105,2011,West,59572.36,Year,Y,Certified
EZYV8554,Asia,Bachelor's,Y,N,620,1997,West,99571.47,Year,Y,Denied
EZYV12784,Europe,Master's,N,N,963,1911,West,116220.31,Year,N,Certified
EZYV15924,Asia,High School,Y,N,23746,1972,South,120740.34,Year,N,Certified
EZYV8362,Asia,High School,N,N,4054,1925,Northeast,112267.09,Year,Y,Denied
EZYV11831,Europe,Master's,Y,N,2570,1863,West,77530.85,Year,Y,Certified
EZYV5675,Asia,Master's,Y,N,1885,2005,West,39476.35,Year,Y,Certified
EZYV24848,Asia,Master's,N,N,289,2000,Island,111.11,Hour,Y,Denied
EZYV20297,Asia,Master's,N,N,5993,1998,Midwest,11485.9,Year,Y,Certified
EZYV4300,Asia,Master's,Y,N,91148,1998,West,132.82,Hour,Y,Certified
EZYV3833,Asia,Master's,Y,N,1713,2007,Midwest,91088.38,Year,Y,Certified
EZYV105,Asia,Master's,Y,N,306,2003,Northeast,95200.86,Year,N,Certified
EZYV11560,Asia,Bachelor's,N,Y,597,1999,West,96539.14,Year,Y,Certified
EZYV8694,Asia,Bachelor's,N,N,542,1963,Northeast,55105.86,Year,Y,Certified
EZYV18233,Europe,Bachelor's,N,N,892,1988,West,14765.37,Year,Y,Certified
EZYV14220,Asia,Master's,N,N,419,2004,Midwest,71620.24,Year,N,Certified
EZYV12578,Asia,Master's,N,N,1818,1948,Northeast,124.5775,Hour,Y,Certified
EZYV9658,Asia,Bachelor's,Y,N,1309,1995,South,135501.82,Year,Y,Certified
EZYV11131,Asia,High School,N,N,1382,1981,Northeast,85126.96,Week,Y,Denied
EZYV12007,Asia,Bachelor's,Y,N,849,2008,Midwest,106027.67,Year,Y,Certified
EZYV10658,Asia,Master's,N,N,1629,1992,West,152933.88,Year,N,Certified
EZYV8817,Asia,Master's,N,N,72,2008,South,92941.0,Year,Y,Certified
EZYV6137,Asia,Master's,Y,N,1978,2002,South,259739.35,Year,Y,Certified
EZYV4485,Europe,Bachelor's,Y,N,3992,1995,West,23615.34,Year,Y,Certified
EZYV18412,Europe,High School,Y,N,102,1853,South,61378.68,Year,Y,Certified
EZYV24910,North America,Master's,N,N,1910,2005,Northeast,121844.06,Year,Y,Certified
EZYV2829,Europe,Doctorate,Y,N,2575,1946,Northeast,21661.36,Year,Y,Certified
EZYV25081,Asia,Bachelor's,Y,Y,2492,2008,Northeast,97058.11,Year,Y,Certified
EZYV859,Asia,Bachelor's,Y,N,2685,2011,Northeast,104044.4,Year,Y,Certified
EZYV14006,North America,Bachelor's,Y,N,739,1897,South,114299.07,Year,Y,Denied
EZYV18226,Asia,Master's,Y,N,2157,1998,South,85586.53,Year,Y,Certified
EZYV11633,Asia,Master's,N,N,2517,1958,Northeast,113596.11,Year,N,Certified
EZYV16763,Asia,Master's,Y,N,4127,1957,Midwest,79693.79,Year,Y,Certified
EZYV2629,North America,High School,N,N,1646,1911,Northeast,85.9367,Hour,Y,Denied
EZYV4916,Asia,Bachelor's,Y,N,766,2010,West,28121.97,Year,Y,Certified
EZYV15187,North America,Master's,Y,N,99872,1986,Northeast,32409.37,Year,Y,Certified
EZYV5052,Asia,Bachelor's,Y,N,1632,2008,Midwest,178259.93,Year,Y,Certified
EZYV13304,Asia,Bachelor's,Y,N,2938,1872,South,111913.83,Year,Y,Certified
EZYV4929,Asia,Master's,Y,N,2117,2014,Midwest,133655.95,Year,Y,Certified
EZYV14493,Asia,High School,Y,N,1496,2005,Midwest,118213.47,Year,Y,Denied
EZYV24675,Asia,High School,N,N,610,2000,South,84254.52,Year,N,Certified
EZYV10852,Europe,Master's,Y,N,1830,1996,South,39778.92,Year,Y,Certified
EZYV2162,North America,Doctorate,N,Y,2548,1869,West,25769.77,Year,Y,Denied
EZYV15836,Asia,Bachelor's,Y,N,92,1838,Northeast,151.2522,Hour,Y,Denied
EZYV17369,Asia,Bachelor's,Y,Y,2326,2011,West,78000.73,Year,Y,Certified
EZYV14720,Asia,Master's,N,N,575,2008,Midwest,78791.12,Year,Y,Certified
EZYV23406,Asia,Bachelor's,Y,N,2791,1967,West,129627.45,Year,Y,Denied
EZYV5685,Asia,High School,N,N,3135,1960,South,53249.16,Year,Y,Denied
EZYV8080,Asia,Master's,N,N,2321,2011,West,22143.21,Year,Y,Certified
EZYV13974,Asia,Bachelor's,N,N,2392,2008,South,153519.15,Year,Y,Certified
EZYV17564,Asia,Master's,Y,N,977,1997,Northeast,74149.97,Year,N,Denied
EZYV12741,Asia,Master's,N,N,484,2003,Midwest,65418.04,Year,Y,Certified
EZYV5321,Asia,Master's,Y,N,2998,1987,Midwest,100211.11,Year,Y,Certified
EZYV19662,Asia,High School,N,Y,161,1984,Northeast,128293.72,Year,Y,Certified
EZYV12160,Asia,Bachelor's,N,N,10512,1974,Northeast,372.6523,Hour,Y,Certified
EZYV18945,Asia,High School,Y,N,1387,1998,Northeast,104584.35,Year,Y,Certified
EZYV23743,Europe,Doctorate,N,N,1919,1980,West,28902.49,Year,Y,Denied
EZYV16932,Europe,Master's,N,N,2913,2003,West,15840.32,Year,Y,Certified
EZYV24467,Europe,Bachelor's,N,N,3975,1977,West,7902.94,Year,Y,Certified
EZYV11731,Asia,Bachelor's,Y,Y,123,2004,West,142968.33,Year,Y,Denied
EZYV7448,Asia,Master's,N,N,2877,1839,West,131310.96,Year,N,Certified
EZYV9592,Asia,Doctorate,Y,Y,1681,1998,South,100653.07,Year,Y,Certified
EZYV16417,Asia,Bachelor's,Y,N,4173,1949,Midwest,183551.05,Year,Y,Certified
EZYV4688,Asia,Master's,N,N,1290,2013,West,100.5384,Hour,Y,Denied
EZYV14857,Asia,High School,N,N,40,1999,Northeast,96079.69,Year,Y,Denied
EZYV6152,South America,Master's,Y,Y,2621,2013,South,43584.72,Year,Y,Denied
EZYV21900,Europe,Doctorate,Y,Y,942,1989,South,96849.08,Year,Y,Denied
EZYV18073,Asia,Master's,N,N,1153,2004,West,19367.11,Year,Y,Denied
EZYV18172,Europe,Doctorate,Y,N,4368,1997,Northeast,30866.77,Year,Y,Denied
EZYV7229,Europe,Bachelor's,N,N,23970,1920,Island,52726.47,Year,Y,Certified
EZYV9953,Europe,Bachelor's,Y,N,782,2000,West,72837.29,Year,Y,Certified
EZYV16958,Asia,Bachelor's,N,N,287,2013,Midwest,94453.9,Year,Y,Certified
EZYV7482,South America,Doctorate,N,N,1221,1980,South,31374.88,Year,Y,Certified
EZYV13997,Asia,Bachelor's,N,Y,1442,1976,South,113487.85,Year,Y,Certified
EZYV6130,Oceania,High School,Y,N,15586,1867,Northeast,108648.26,Year,Y,Certified
EZYV5667,North America,Bachelor's,Y,N,4742,1911,West,615.0013,Hour,Y,Denied
EZYV18488,Europe,Master's,N,N,491,1881,South,74.5157,Hour,Y,Denied
EZYV9600,Asia,Master's,Y,N,1424,2008,West,81533.34,Year,Y,Certified
EZYV9638,Asia,Bachelor's,Y,Y,3780,2002,South,61487.25,Year,Y,Certified
EZYV19551,Asia,Master's,N,N,608,1985,South,109148.67,Year,Y,Certified
EZYV15803,Asia,Bachelor's,N,N,4027,2006,South,74093.08,Year,Y,Certified
EZYV16051,North America,Doctorate,Y,N,3239,2009,South,75289.08,Year,Y,Certified
EZYV4523,Asia,Master's,Y,N,4056,2013,West,28677.45,Year,Y,Certified
EZYV18296,Asia,Master's,Y,N,1839,1885,Northeast,57526.99,Year,Y,Certified
EZYV14503,North America,Master's,Y,N,1514,1987,West,118447.35,Year,Y,Denied
EZYV7555,Asia,Bachelor's,Y,N,126,1982,South,478.367,Hour,Y,Denied
EZYV4418,Asia,Bachelor's,Y,N,1536,2004,Northeast,35335.48,Year,Y,Certified
EZYV21559,Asia,High School,Y,N,1671,2007,Midwest,131550.12,Year,Y,Certified
EZYV6792,Asia,Bachelor's,N,Y,2036,1997,West,28580.39,Year,Y,Certified
EZYV4520,Asia,Master's,Y,N,709,2001,South,625.844,Hour,Y,Certified
EZYV1318,Asia,Bachelor's,Y,N,3353,1995,Northeast,116498.7,Year,Y,Certified
EZYV23639,Europe,Doctorate,Y,N,1067,1973,South,28299.61,Year,Y,Certified
EZYV20611,South America,Bachelor's,N,N,1353,1961,South,63254.31,Year,Y,Denied
EZYV23610,Asia,Bachelor's,N,N,1498,2009,West,741.9883,Hour,Y,Denied
EZYV13803,North America,Bachelor's,N,N,368,2007,Midwest,8632.84,Year,N,Denied
EZYV7088,Asia,Bachelor's,N,N,3157,1984,Midwest,83268.51,Year,Y,Certified
EZYV3200,North America,Bachelor's,Y,N,777,1998,South,677.0829,Hour,Y,Denied
EZYV2806,Asia,High School,Y,N,77,1998,West,71051.74,Year,Y,Denied
EZYV9475,Asia,Bachelor's,Y,N,1372,1999,South,41663.2,Year,Y,Certified
EZYV9485,Europe,Doctorate,Y,N,1063,2000,West,79442.32,Year,Y,Certified
EZYV21032,Asia,Bachelor's,N,N,238,2005,Midwest,79623.51,Year,Y,Certified
EZYV222,North America,Doctorate,Y,Y,2518,2010,South,219529.62,Year,Y,Certified
EZYV11945,Europe,Doctorate,N,N,1178,1995,Northeast,123544.17,Year,Y,Certified
EZYV1699,Asia,Master's,Y,N,736,1889,Midwest,600.4991,Hour,Y,Certified
EZYV22127,Asia,Master's,N,Y,1255,1997,South,153568.54,Year,Y,Denied
EZYV12240,Asia,Master's,Y,N,24124,1977,South,104871.39,Year,Y,Certified
EZYV12665,Asia,Master's,N,N,185,2001,Midwest,130209.34,Year,Y,Certified
EZYV2830,Asia,Bachelor's,Y,N,3317,2001,Midwest,105545.99,Year,Y,Certified
EZYV16136,North America,Bachelor's,Y,N,3307,1999,West,34480.6,Year,Y,Denied
EZYV16007,Europe,Master's,N,N,3237,1998,West,48750.63,Year,Y,Certified
EZYV4242,Asia,Bachelor's,N,N,1300,1987,Northeast,54216.9,Year,N,Denied
EZYV11157,Asia,Master's,Y,N,1763,1920,Midwest,14745.12,Year,Y,Certified
EZYV19723,Europe,Doctorate,N,Y,1833,1977,South,118550.77,Year,Y,Certified
EZYV17306,Asia,Bachelor's,Y,N,2401,1998,Midwest,99394.77,Year,Y,Certified
EZYV7675,Europe,High School,Y,N,2667,1974,South,100538.0,Year,Y,Denied
EZYV5131,Europe,Master's,N,N,2576,1977,Northeast,53011.99,Year,Y,Certified
EZYV1183,Asia,Doctorate,N,N,14560,2005,West,116153.8,Year,Y,Denied
EZYV14632,Asia,Master's,Y,N,789,2012,Northeast,37197.27,Year,Y,Certified
EZYV20380,Asia,Doctorate,N,N,979,1927,Midwest,136466.76,Year,Y,Certified
EZYV3259,Asia,High School,Y,N,648,1999,South,66451.62,Year,Y,Denied
EZYV3815,Asia,High School,N,Y,4502,2001,West,108420.21,Year,Y,Denied
EZYV10865,Oceania,Bachelor's,N,N,2329,1981,South,77716.72,Year,Y,Denied
EZYV15819,Europe,Master's,N,N,448,1991,Northeast,40255.41,Year,Y,Certified
EZYV1620,Asia,Master's,Y,N,3860,2007,Northeast,24821.8,Year,Y,Certified
EZYV23539,Asia,Master's,Y,N,128884,2004,South,2495.45,Year,Y,Certified
EZYV13097,Asia,Master's,Y,N,4629,1999,Northeast,45903.53,Week,Y,Certified
EZYV16986,Asia,Bachelor's,N,N,964,1987,South,45612.83,Year,Y,Certified
EZYV21998,Asia,Bachelor's,Y,Y,365,1994,South,85620.47,Year,Y,Denied
EZYV87,Asia,High School,N,N,1255,1989,Northeast,79813.05,Year,N,Denied
EZYV12322,North America,Master's,N,N,1707,2000,South,160814.42,Year,N,Denied
EZYV17023,Asia,Master's,Y,Y,2664,2012,West,170733.15,Year,N,Denied
EZYV22948,Europe,Bachelor's,Y,N,3404,2011,West,120759.07,Year,Y,Denied
EZYV12313,Asia,Master's,Y,N,120,1925,Midwest,96114.87,Year,Y,Certified
EZYV6731,Asia,Bachelor's,Y,N,1491,1990,West,117845.44,Year,Y,Certified
EZYV24091,Asia,Master's,Y,N,84,2008,Midwest,91706.93,Year,Y,Certified
EZYV9355,Asia,Bachelor's,Y,Y,1885,1994,Northeast,3271.19,Week,Y,Certified
EZYV13873,Asia,Doctorate,N,N,2423,1999,Midwest,110069.36,Year,Y,Denied
EZYV17069,Asia,Bachelor's,Y,N,229,1999,West,536.5387,Hour,Y,Certified
EZYV13617,Asia,High School,N,N,27072,1950,South,34115.77,Year,Y,Denied
EZYV21621,Europe,Master's,Y,N,2599,2005,Northeast,146894.68,Year,Y,Certified
EZYV6128,Asia,Bachelor's,Y,N,5120,2010,Northeast,56621.48,Year,Y,Denied
EZYV5749,Asia,Bachelor's,Y,N,1285,1995,West,509.5368,Hour,Y,Denied
EZYV161,Europe,Doctorate,Y,Y,1200,2013,Midwest,81816.46,Year,Y,Certified
EZYV17125,Asia,Bachelor's,Y,N,1211,1876,Northeast,122.65,Hour,Y,Denied
EZYV16921,Asia,Bachelor's,N,N,1260,1998,South,57758.5,Year,Y,Denied
EZYV23580,Europe,Master's,Y,N,764,1998,West,13239.84,Year,Y,Certified
EZYV12917,Asia,Master's,Y,N,563,1908,Midwest,141904.65,Year,Y,Certified
EZYV4959,Asia,Bachelor's,Y,N,3772,2005,West,51166.64,Year,Y,Certified
EZYV25154,Asia,High School,Y,N,2139,1969,Midwest,101238.66,Year,Y,Certified
EZYV24934,Asia,Master's,N,Y,1973,2006,Midwest,103481.98,Year,Y,Certified
EZYV671,Asia,Bachelor's,N,N,1574,2012,South,3080.38,Year,Y,Certified
EZYV19887,Europe,Doctorate,N,N,3166,1998,South,156599.71,Year,Y,Certified
EZYV7297,Europe,Doctorate,Y,N,60186,1998,West,17132.72,Year,Y,Certified
EZYV392,Europe,Bachelor's,N,N,202,1986,West,35868.69,Year,Y,Certified
EZYV22234,South America,High School,Y,N,138,1933,Northeast,676.6595,Hour,Y,Denied
EZYV15846,Asia,Master's,N,N,1203,1954,Northeast,31868.44,Week,Y,Certified
EZYV22784,Asia,Bachelor's,N,N,74,2011,Midwest,68096.3,Year,Y,Certified
EZYV10538,Asia,Doctorate,N,Y,1744,1986,West,41262.76,Year,Y,Certified
EZYV6564,Asia,Bachelor's,N,N,4065,2002,South,55541.17,Year,Y,Denied
EZYV13411,Europe,Doctorate,Y,N,3911,2008,West,34018.66,Year,Y,Certified
EZYV23977,Asia,Master's,N,N,4240,1900,Northeast,107039.02,Year,Y,Certified
EZYV10045,Asia,Bachelor's,Y,N,3006,2001,Northeast,83684.47,Year,Y,Denied
EZYV6050,Asia,Bachelor's,Y,N,4048,2012,West,126460.74,Year,Y,Denied
EZYV12069,Asia,Master's,Y,N,2380,2005,South,10794.26,Year,Y,Certified
EZYV16902,Asia,Bachelor's,N,N,2099,2001,Northeast,40104.3,Year,Y,Denied
EZYV15000,North America,Doctorate,N,N,118,2005,West,50606.42,Year,Y,Certified
EZYV24884,Asia,Doctorate,Y,N,6002,2010,South,46887.93,Year,Y,Certified
EZYV12620,Asia,Master's,N,N,2850,2010,Midwest,226892.03,Year,N,Denied
EZYV12604,Europe,Master's,Y,N,4327,1915,West,11974.36,Year,Y,Certified
EZYV23821,Asia,Bachelor's,Y,N,15307,1998,West,23007.56,Year,Y,Denied
EZYV15894,Europe,Bachelor's,N,Y,1238,2001,West,134702.47,Year,Y,Denied
EZYV5001,Asia,Master's,N,N,972,1995,West,61196.16,Year,Y,Certified
EZYV13712,Asia,Bachelor's,Y,N,5080,1955,West,75935.68,Year,Y,Denied
EZYV22840,Europe,Master's,N,N,917,1983,West,34859.62,Year,Y,Certified
EZYV12547,Asia,Master's,Y,N,375,2006,Midwest,17809.49,Year,Y,Certified
EZYV13516,North America,Bachelor's,N,N,5667,2013,South,41668.37,Year,N,Certified
EZYV20977,South America,Doctorate,N,Y,827,1956,West,67338.44,Year,Y,Certified
EZYV23481,Asia,Bachelor's,Y,N,1246,2003,West,22221.29,Year,Y,Denied
EZYV133,Asia,Doctorate,N,N,928,1818,South,30570.95,Year,Y,Certified
EZYV4530,Asia,High School,Y,N,4820,2003,West,81713.84,Year,Y,Denied
EZYV23803,Asia,Master's,Y,N,1892,2000,West,21367.96,Year,Y,Denied
EZYV1579,North America,High School,Y,N,3663,1978,Northeast,16559.5,Year,Y,Certified
EZYV2078,Asia,Bachelor's,N,N,317,2000,West,58446.05,Year,Y,Denied
EZYV18181,Asia,Bachelor's,Y,N,4384,2008,Midwest,4553.76,Year,Y,Certified
EZYV17370,Asia,Master's,Y,N,5000,1997,South,30404.99,Year,N,Certified
EZYV1506,Asia,Master's,Y,N,2745,2015,Midwest,107614.59,Year,Y,Certified
EZYV6948,Asia,Bachelor's,N,N,3435,1934,West,490.1568,Hour,Y,Denied
EZYV20583,Asia,Bachelor's,Y,N,4791,1981,West,96209.18,Year,Y,Certified
EZYV14731,Asia,Doctorate,N,N,1139,2006,Northeast,76128.75,Year,Y,Certified
EZYV19127,South America,Bachelor's,N,N,9999,2010,Northeast,26556.76,Year,Y,Denied
EZYV10416,Asia,Bachelor's,N,N,1009,2010,South,78676.37,Year,Y,Denied
EZYV19623,North America,Master's,Y,N,1085,2005,Northeast,78339.77,Year,Y,Certified
EZYV6178,Asia,Master's,Y,N,776,2006,West,147561.92,Year,Y,Certified
EZYV6590,Asia,Master's,Y,N,517,2005,Northeast,122935.37,Year,N,Certified
EZYV19253,Asia,Master's,Y,N,14233,2007,Northeast,58718.08,Year,Y,Certified
EZYV22375,Asia,Master's,N,N,854,2009,South,120958.4,Year,N,Certified
EZYV23543,Asia,Bachelor's,Y,N,2758,1975,South,52189.74,Year,Y,Denied
EZYV16467,Asia,Master's,Y,N,1438,1995,Midwest,80113.88,Year,Y,Certified
EZYV20079,Asia,Bachelor's,Y,N,1754,2001,West,89672.0,Year,Y,Denied
EZYV16335,Asia,Master's,Y,N,2477,1946,South,82252.15,Year,N,Certified
EZYV1556,North America,Doctorate,Y,Y,3478,1997,Northeast,13391.34,Year,Y,Certified
EZYV11790,Europe,Doctorate,Y,N,3400,2007,West,74198.24,Year,Y,Certified
EZYV22275,Asia,High School,N,N,1484,2001,South,44738.52,Year,Y,Denied
EZYV4806,Asia,Master's,N,N,992,1981,Midwest,155397.18,Year,Y,Certified
EZYV24569,Asia,Bachelor's,N,Y,1374,1978,South,43614.66,Year,Y,Certified
EZYV9903,Asia,Doctorate,N,N,1834,2005,Northeast,674.0447,Hour,Y,Certified
EZYV25321,Asia,Master's,N,N,2699,2000,Northeast,87033.74,Year,Y,Certified
EZYV2312,Europe,Bachelor's,Y,N,4793,2009,South,38861.86,Year,Y,Certified
EZYV8661,Asia,Bachelor's,N,Y,1002,2000,West,55439.0,Year,Y,Denied
EZYV12583,Asia,Bachelor's,N,N,3421,1998,Midwest,203055.77,Year,Y,Certified
EZYV24932,North America,Master's,N,N,3603,1992,Northeast,139.74,Hour,Y,Denied
EZYV24719,Europe,High School,Y,Y,2445,1999,West,103480.5,Year,Y,Certified
EZYV17609,Asia,Master's,N,N,3065,2009,Northeast,78121.63,Year,Y,Denied
EZYV22590,Europe,Bachelor's,N,N,3999,1996,West,9749.43,Year,Y,Certified
EZYV23276,Asia,High School,Y,N,3206,2006,South,183836.54,Year,Y,Certified
EZYV6645,Asia,High School,N,N,421,1996,Midwest,95882.21,Year,Y,Denied
EZYV20289,Asia,High School,N,N,1086,1847,Midwest,78566.07,Year,Y,Denied
EZYV8729,Asia,Master's,N,N,2007,1947,South,73846.3,Year,Y,Certified
EZYV17751,Europe,Master's,N,N,1898,2011,West,105185.29,Year,Y,Certified
EZYV24432,Asia,Bachelor's,N,N,2568,1929,West,44160.6,Year,Y,Denied
EZYV18605,Asia,High School,Y,N,3061,1991,Northeast,124524.31,Year,Y,Certified
EZYV18577,Europe,Bachelor's,N,N,4661,1952,South,29852.69,Year,Y,Denied
EZYV15788,Africa,High School,N,N,4010,1983,Northeast,113202.06,Year,Y,Denied
EZYV22991,Europe,Master's,N,N,2938,1997,Northeast,53396.47,Year,Y,Denied
EZYV10816,Europe,Doctorate,Y,N,2687,1998,Northeast,27874.08,Year,Y,Certified
EZYV18857,Asia,Bachelor's,Y,N,2457,2004,West,73187.35,Year,Y,Certified
EZYV6739,Europe,Bachelor's,Y,N,1160,1980,West,126921.34,Year,Y,Certified
EZYV13899,Asia,Master's,N,N,3839,1992,Northeast,146804.16,Year,Y,Certified
EZYV13708,Asia,Master's,N,N,1506,1926,Midwest,132081.23,Year,Y,Denied
EZYV6022,Asia,Bachelor's,Y,N,2139,2005,South,36356.96,Year,Y,Certified
EZYV2664,Asia,High School,Y,N,1692,1974,West,124937.02,Year,N,Denied
EZYV12684,Asia,Bachelor's,N,N,648,2012,West,40070.81,Year,Y,Certified
EZYV20628,Asia,Master's,Y,N,5771,2010,South,76604.31,Year,Y,Certified
EZYV12155,Asia,High School,N,N,94,1984,Northeast,56021.57,Year,Y,Denied
EZYV5013,Asia,Master's,N,N,4120,1968,Midwest,268440.33,Year,Y,Certified
EZYV22739,Asia,Master's,Y,N,2517,1970,Northeast,46710.02,Year,N,Denied
EZYV2601,Asia,Master's,N,N,2431,1998,Midwest,134269.43,Year,Y,Denied
EZYV21634,Asia,Master's,Y,N,1597,1986,West,75145.93,Year,Y,Certified
EZYV16993,Asia,Master's,Y,N,2151,1996,Midwest,273025.14,Year,Y,Certified
EZYV238,North America,Master's,N,N,155999,2003,West,118555.6,Year,Y,Denied
EZYV2598,Asia,High School,Y,N,23573,2005,South,773.1065,Hour,Y,Denied
EZYV1147,Europe,Bachelor's,Y,N,1508,2006,South,51448.54,Year,Y,Certified
EZYV11622,Africa,Master's,N,N,1231,1999,South,357.8213,Hour,Y,Certified
EZYV19256,North America,Bachelor's,Y,N,3235,2010,Northeast,95955.98,Year,Y,Certified
EZYV757,Asia,Doctorate,N,Y,2323,1979,South,108690.79,Year,Y,Certified
EZYV11414,Asia,Bachelor's,Y,N,2458,2010,South,22812.27,Year,Y,Certified
EZYV18005,Asia,Master's,N,N,3185,1946,West,99260.93,Year,Y,Certified
EZYV23213,Asia,High School,N,N,1763,2003,South,48494.37,Year,Y,Denied
EZYV6724,North America,High School,N,N,953,1999,West,98807.3,Week,Y,Certified
EZYV6806,North America,Bachelor's,Y,N,4876,2006,West,57116.9,Year,N,Certified
EZYV20239,Asia,Master's,N,N,1897,1978,Midwest,182675.96,Year,Y,Certified
EZYV2344,Asia,Master's,Y,N,885,1904,Island,52549.15,Year,Y,Certified
EZYV15352,Asia,Master's,N,N,377,2008,Northeast,72180.16,Year,N,Certified
EZYV11093,Asia,Master's,Y,Y,2401,2004,Northeast,54400.64,Year,Y,Certified
EZYV3102,Asia,Bachelor's,N,N,2678,1882,West,847.0106,Hour,Y,Denied
EZYV781,Asia,Bachelor's,N,N,3656,1971,South,491.9991,Hour,Y,Certified
EZYV12688,Europe,Bachelor's,Y,Y,4798,1977,Northeast,6742.92,Year,Y,Denied
EZYV5748,Asia,Master's,N,Y,2688,1989,Northeast,43085.74,Year,Y,Certified
EZYV21858,Asia,Doctorate,Y,N,108724,2004,South,33361.33,Year,Y,Certified
EZYV309,Asia,Bachelor's,Y,N,533,1978,West,30066.16,Year,Y,Certified
EZYV15962,Asia,Bachelor's,Y,N,1706,1980,Northeast,82848.46,Year,Y,Certified
EZYV13559,Asia,Bachelor's,N,N,340,1972,West,57689.43,Year,Y,Denied
EZYV2395,Asia,Master's,Y,N,945,2010,West,75992.46,Year,Y,Certified
EZYV758,Asia,Master's,N,N,536,2001,West,88468.41,Year,Y,Denied
EZYV4844,Asia,Bachelor's,Y,N,3215,1993,Northeast,54118.19,Year,Y,Certified
EZYV7250,Asia,Bachelor's,Y,N,1152,1999,Midwest,120461.99,Year,Y,Certified
EZYV8401,Asia,High School,Y,N,4244,2003,Northeast,57006.56,Year,Y,Denied
EZYV15764,Asia,Master's,Y,N,215,1974,South,13338.48,Year,Y,Certified
EZYV19579,Asia,Bachelor's,N,Y,2334,2008,West,82768.11,Year,Y,Certified
EZYV10061,Asia,Master's,N,N,64,1863,Northeast,675.3657,Hour,Y,Certified
EZYV10479,Asia,Bachelor's,N,N,2125,2015,South,74082.44,Year,Y,Denied
EZYV14521,Europe,High School,Y,N,1315,2000,South,45619.4,Year,Y,Denied
EZYV13574,Asia,Bachelor's,N,N,3037,1927,Midwest,68579.98,Year,Y,Certified
EZYV16267,Asia,High School,Y,N,925,2001,Midwest,87566.09,Year,Y,Certified
EZYV3813,Asia,Bachelor's,Y,N,3329,1968,Northeast,70284.59,Year,Y,Certified
EZYV10951,Asia,Master's,Y,Y,626,1981,South,86265.1,Year,Y,Certified
EZYV24280,Asia,Bachelor's,N,N,2585,2005,Midwest,90321.05,Year,Y,Certified
EZYV16210,Europe,Master's,N,N,3080,1976,South,8988.59,Year,Y,Certified
EZYV21932,North America,Bachelor's,N,N,2815,1883,Northeast,39.8843,Hour,Y,Certified
EZYV7906,Asia,Bachelor's,N,Y,963,1971,South,29872.7,Year,Y,Certified
EZYV15322,Asia,Master's,N,N,142770,1985,West,673.6127,Hour,Y,Denied
EZYV10493,Asia,Master's,Y,N,3563,1998,Midwest,248076.5,Year,Y,Certified
EZYV6998,Europe,Bachelor's,Y,N,2050,1926,South,33558.39,Year,Y,Certified
EZYV19607,North America,Bachelor's,Y,N,4124,2002,Northeast,106706.41,Year,Y,Certified
EZYV16090,North America,Master's,N,N,3928,1973,Northeast,516.5046,Hour,Y,Certified
EZYV7604,North America,Doctorate,N,N,3639,2002,Northeast,27159.94,Year,Y,Certified
EZYV15128,Europe,High School,Y,N,2097,1983,Northeast,116878.7,Year,Y,Denied
EZYV18717,Europe,Master's,Y,N,5833,1964,Northeast,9199.68,Year,Y,Denied
EZYV24281,Europe,Bachelor's,Y,N,1380,1953,Midwest,43677.56,Year,Y,Certified
EZYV11177,North America,Bachelor's,Y,N,4527,1997,Midwest,51306.59,Year,Y,Denied
EZYV18081,Asia,Bachelor's,Y,N,1782,1998,South,91077.14,Year,Y,Certified
EZYV12572,Asia,High School,Y,N,2183,2004,West,38546.81,Year,Y,Denied
EZYV6935,Asia,Bachelor's,N,N,2790,2011,Northeast,125954.21,Year,Y,Certified
EZYV4435,North America,Bachelor's,Y,Y,724,1980,West,16230.33,Year,Y,Certified
EZYV14072,Asia,Bachelor's,N,N,2105,1999,Northeast,692.1482,Hour,Y,Denied
EZYV13983,Asia,Bachelor's,Y,N,2057,2011,West,102343.21,Year,Y,Certified
EZYV3209,Asia,Bachelor's,Y,N,3817,2000,Northeast,79439.67,Year,Y,Certified
EZYV11933,Asia,Master's,N,N,2144,1998,Northeast,43555.18,Year,Y,Denied
EZYV899,Africa,Master's,Y,N,2616,1969,Midwest,95415.3,Year,Y,Certified
EZYV10769,Europe,Bachelor's,Y,N,1045,1994,West,64319.18,Year,Y,Certified
EZYV22519,Asia,Bachelor's,Y,N,3436,1917,West,894.5974,Hour,Y,Denied
EZYV21768,Asia,Bachelor's,Y,N,1942,1974,West,92863.14,Year,Y,Certified
EZYV10184,Asia,Master's,Y,N,4387,1960,Northeast,60943.43,Year,Y,Certified
EZYV4914,Asia,Bachelor's,Y,N,1143,1855,Midwest,27303.7,Year,Y,Certified
EZYV15395,North America,Master's,N,N,1049,2004,West,125817.82,Year,N,Certified
EZYV19993,Europe,Master's,Y,N,451,1984,West,29513.6,Year,Y,Certified
EZYV13945,Asia,Master's,Y,N,1680,1994,Midwest,129452.48,Year,Y,Certified
EZYV17893,North America,Doctorate,Y,N,1440,1977,South,108002.37,Year,Y,Certified
EZYV21705,North America,Master's,Y,N,354,2009,Northeast,106997.13,Year,N,Certified
EZYV23202,Asia,Bachelor's,N,N,1728,1999,Northeast,97629.25,Year,Y,Denied
EZYV975,Asia,Bachelor's,Y,N,2681,2008,South,79079.87,Year,Y,Certified
EZYV5583,Asia,Master's,Y,N,7880,2012,South,51972.31,Year,Y,Certified
EZYV25164,North America,Bachelor's,Y,N,8498,1929,South,58866.24,Year,Y,Denied
EZYV4901,North America,Bachelor's,N,N,2714,2013,South,110793.85,Year,Y,Certified
EZYV3224,Asia,Bachelor's,Y,N,2462,1900,Northeast,37000.62,Year,Y,Certified
EZYV4652,Europe,Master's,Y,N,1750,1995,Midwest,74163.97,Year,Y,Certified
EZYV7999,North America,Master's,N,N,2549,1953,Northeast,35645.85,Year,Y,Denied
EZYV16141,Asia,Master's,N,Y,3054,1885,South,113419.39,Year,Y,Certified
EZYV3605,Asia,High School,Y,N,2137,1989,Midwest,167312.76,Year,Y,Denied
EZYV22767,Asia,Bachelor's,N,Y,480,1969,South,249907.87,Year,Y,Certified
EZYV19094,Asia,Bachelor's,N,Y,2024,1978,South,106032.8,Year,Y,Certified
EZYV2160,Asia,Doctorate,N,N,1648,1977,West,254.5742,Hour,Y,Denied
EZYV19908,Asia,High School,N,N,404,1837,Midwest,32683.51,Year,Y,Certified
EZYV14125,North America,Bachelor's,Y,Y,1354,1935,West,82019.45,Year,Y,Certified
EZYV21489,Europe,Doctorate,N,Y,4405,1996,West,16020.39,Year,Y,Certified
EZYV11547,Asia,Bachelor's,N,Y,558,1873,South,95668.77,Year,Y,Certified
EZYV13328,Europe,Bachelor's,Y,N,1219,1985,West,18203.27,Year,Y,Certified
EZYV5133,North America,Bachelor's,N,N,3383,2005,Northeast,104.56,Hour,Y,Certified
EZYV7668,Asia,Bachelor's,N,N,4621,1930,Northeast,110201.43,Year,Y,Denied
EZYV16534,North America,Bachelor's,Y,N,1460,2012,Northeast,33696.56,Year,Y,Certified
EZYV16926,Asia,Master's,Y,N,28587,2004,Northeast,6643.82,Year,Y,Certified
EZYV16789,Europe,Master's,Y,N,682,2007,Northeast,30263.56,Year,Y,Denied
EZYV4039,Europe,Bachelor's,N,N,1146,1994,Northeast,59983.24,Year,Y,Certified
EZYV6160,Asia,Bachelor's,Y,Y,98210,1999,West,114694.91,Year,Y,Denied
EZYV5284,Europe,Bachelor's,Y,N,4161,2005,West,32160.62,Year,Y,Denied
EZYV837,Asia,Master's,N,N,2309,1951,Northeast,10084.11,Year,Y,Denied
EZYV10105,Europe,Doctorate,N,N,2032,1987,West,3982.97,Year,Y,Certified
EZYV23914,Oceania,Bachelor's,Y,N,23488,2007,South,12039.41,Year,Y,Certified
EZYV16501,North America,Bachelor's,N,N,1346,1991,West,153319.76,Year,N,Denied
EZYV12009,Asia,Bachelor's,N,N,2140,2011,South,129189.46,Year,Y,Certified
EZYV20418,South America,Master's,Y,N,18167,2000,Northeast,237.9818,Hour,Y,Certified
EZYV1743,Europe,Bachelor's,Y,N,2258,2004,West,136558.18,Year,Y,Certified
EZYV12070,Europe,Bachelor's,N,N,2062,2011,West,39582.87,Year,Y,Denied
EZYV22450,Asia,Master's,Y,N,2132,2013,South,157147.35,Year,Y,Certified
EZYV6656,Europe,Master's,Y,N,3911,1995,West,31843.03,Year,Y,Certified
EZYV16971,Asia,High School,N,N,798,2000,South,113955.32,Year,Y,Certified
EZYV8195,Asia,Bachelor's,N,N,2190,1980,Northeast,100683.43,Year,Y,Certified
EZYV8324,Asia,High School,Y,N,3477,1978,West,656.0788,Hour,Y,Denied
EZYV2526,Asia,Master's,N,N,2049,1997,Northeast,721.5274,Hour,Y,Denied
EZYV15069,North America,Bachelor's,Y,N,264952,2003,Northeast,88841.12,Year,Y,Certified
EZYV9213,Europe,Master's,Y,N,1783,2010,West,4543.31,Year,Y,Certified
EZYV24497,Asia,Master's,N,N,88,2011,Midwest,229568.14,Year,Y,Certified
EZYV5245,Asia,Master's,Y,N,2076,2000,Northeast,100556.25,Year,Y,Certified
EZYV20193,Asia,Bachelor's,N,N,412,2009,Northeast,87887.68,Year,Y,Denied
EZYV22109,Asia,Master's,N,N,4851,2009,Midwest,52009.18,Year,N,Denied
EZYV4355,Asia,High School,N,N,4273,1851,Northeast,141198.73,Year,Y,Denied
EZYV24513,Asia,Bachelor's,Y,N,2307,2006,Northeast,29342.8,Year,Y,Certified
EZYV13463,North America,Master's,N,N,1463,1995,South,157909.49,Year,Y,Certified
EZYV21898,Africa,Bachelor's,Y,N,2161,1920,West,29873.43,Year,Y,Denied
EZYV864,Asia,Master's,Y,N,1817,2010,Midwest,58434.15,Year,N,Certified
EZYV25338,Asia,Master's,N,N,909,1999,Midwest,100743.2,Year,Y,Certified
EZYV11921,Asia,Bachelor's,Y,N,397,2013,West,70115.93,Year,Y,Denied
EZYV3739,North America,Bachelor's,Y,N,2641,2008,Northeast,36326.05,Year,Y,Certified
EZYV24144,Asia,Master's,Y,N,5834,2003,West,82273.64,Year,Y,Certified
EZYV5686,Asia,Bachelor's,N,N,1474,2004,West,45146.98,Year,Y,Denied
EZYV7105,Asia,Master's,Y,N,639,1934,Island,135252.31,Year,Y,Certified
EZYV23407,Asia,High School,N,N,2866,1985,Northeast,201434.36,Year,Y,Certified
EZYV16912,Asia,High School,Y,N,2679,1988,West,25679.18,Year,Y,Denied
EZYV3195,Asia,Bachelor's,Y,Y,554,1975,South,129731.91,Year,Y,Certified
EZYV5937,Asia,Bachelor's,Y,N,2433,2008,South,62324.24,Year,Y,Denied
EZYV19561,Asia,Master's,Y,N,2256,2001,South,95458.87,Year,Y,Certified
EZYV14656,Africa,Bachelor's,Y,N,784,2001,Northeast,111660.51,Year,Y,Certified
EZYV11420,Africa,Bachelor's,Y,N,1605,1947,Northeast,208169.03,Year,Y,Denied
EZYV20168,Oceania,Master's,N,N,1372,2008,Island,99248.87,Year,Y,Certified
EZYV15369,Asia,Bachelor's,N,N,661,2010,South,129365.58,Year,Y,Denied
EZYV20073,Europe,Master's,N,N,708,1981,West,3980.35,Year,Y,Certified
EZYV15454,Asia,High School,N,Y,1791,1997,Northeast,102957.55,Year,Y,Denied
EZYV9609,Asia,Bachelor's,Y,N,3328,1988,South,36034.11,Year,Y,Denied
EZYV424,Europe,Master's,Y,N,4247,2005,West,18679.63,Year,Y,Certified
EZYV20232,Asia,Bachelor's,Y,N,3782,1987,West,54863.76,Year,Y,Denied
EZYV8957,South America,Bachelor's,Y,N,717,1999,South,63100.65,Year,Y,Certified
EZYV162,Europe,Bachelor's,Y,N,337,2004,West,4027.85,Year,Y,Certified
EZYV15923,Asia,Bachelor's,N,N,603,2004,Northeast,100684.95,Year,Y,Denied
EZYV16201,North America,Bachelor's,Y,Y,2243,1853,West,34482.61,Year,Y,Certified
EZYV16700,Europe,Bachelor's,Y,N,3421,1901,Island,29274.06,Year,Y,Denied
EZYV15049,Asia,Master's,Y,N,342,1994,Northeast,29348.72,Year,Y,Certified
EZYV10104,North America,Master's,Y,N,1098,1998,West,66810.32,Year,Y,Denied
EZYV18986,Asia,Master's,N,N,480,2011,Midwest,43761.57,Year,Y,Denied
EZYV21977,Asia,Bachelor's,Y,N,3903,1880,Midwest,72681.97,Year,Y,Certified
EZYV21903,Asia,Bachelor's,N,Y,2369,1976,West,164179.04,Year,Y,Denied
EZYV10127,North America,Master's,Y,N,2969,1976,South,20726.48,Year,Y,Certified
EZYV2337,Africa,Bachelor's,Y,N,4868,2001,Northeast,48526.06,Year,Y,Certified
EZYV16615,Asia,Bachelor's,Y,N,546,1933,West,91416.34,Year,Y,Certified
EZYV21627,Europe,Doctorate,N,N,63,2007,South,4472.87,Year,Y,Certified
EZYV14526,Asia,Master's,N,N,5489,1977,Midwest,40900.6,Year,Y,Certified
EZYV16453,Asia,Bachelor's,Y,N,31455,1988,Northeast,29918.66,Year,Y,Certified
EZYV22247,Asia,Bachelor's,Y,N,3823,1963,South,132008.98,Year,Y,Certified
EZYV20705,Asia,Bachelor's,Y,N,954,2002,Midwest,46529.14,Year,Y,Certified
EZYV3651,Europe,Doctorate,N,N,3143,1970,Northeast,14085.44,Year,Y,Certified
EZYV16590,Asia,High School,Y,N,2715,1960,South,6943.61,Year,Y,Certified
EZYV7872,Asia,High School,Y,Y,483,1996,South,57757.57,Year,Y,Denied
EZYV10612,Asia,Master's,Y,Y,77162,1818,South,103715.02,Year,Y,Certified
EZYV12645,Asia,Bachelor's,Y,N,2727,2001,Northeast,114897.51,Year,Y,Certified
EZYV18004,Asia,Master's,Y,N,2030,1991,Northeast,26317.22,Year,Y,Certified
EZYV3942,Europe,Doctorate,N,N,2398,1983,Midwest,56260.49,Year,Y,Certified
EZYV11738,North America,Master's,Y,N,802,2006,Northeast,77889.34,Year,Y,Certified
EZYV16678,Oceania,Bachelor's,Y,Y,1195,1991,South,40905.3,Year,Y,Certified
EZYV6458,North America,Master's,Y,N,52028,1871,Northeast,61885.33,Year,Y,Denied
EZYV7156,Asia,Master's,Y,N,1764,1863,West,132039.98,Year,Y,Certified
EZYV9168,Africa,Bachelor's,Y,N,2275,1946,South,101589.55,Year,Y,Denied
EZYV25146,North America,High School,Y,N,304,1987,Midwest,29362.09,Year,Y,Certified
EZYV459,Asia,Bachelor's,Y,N,412,1994,South,41696.75,Year,Y,Certified
EZYV13214,Asia,Bachelor's,Y,N,2227,1994,Northeast,43779.72,Year,Y,Certified
EZYV921,Asia,Master's,Y,N,3641,2001,West,37505.26,Year,Y,Certified
EZYV23770,North America,Master's,N,N,1587,1968,West,123523.22,Year,Y,Denied
EZYV19017,Asia,Master's,N,N,2268,1979,South,99556.23,Year,Y,Denied
EZYV1496,Asia,Bachelor's,Y,N,2364,1850,West,118865.99,Year,Y,Certified
EZYV524,Asia,Doctorate,Y,N,1378,2009,South,55076.16,Year,Y,Certified
EZYV11594,Europe,High School,N,Y,111,1998,South,9731.67,Year,Y,Denied
EZYV19805,Asia,Master's,N,N,690,1990,West,158510.24,Year,Y,Denied
EZYV21262,Asia,Bachelor's,Y,N,669,1949,Northeast,4875.38,Year,Y,Certified
EZYV3673,Asia,Master's,Y,Y,1179,1985,West,165260.99,Year,Y,Certified
EZYV19224,Asia,Bachelor's,Y,N,1758,1977,Midwest,63608.38,Year,Y,Certified
EZYV18184,Asia,Bachelor's,Y,N,19591,1885,South,107293.44,Year,Y,Certified
EZYV11549,Asia,Bachelor's,N,N,539,2014,Northeast,831.07,Hour,Y,Denied
EZYV11040,Asia,Bachelor's,Y,N,537,1996,South,70725.4,Year,Y,Denied
EZYV11211,Asia,Master's,Y,N,133132,1855,Northeast,120324.27,Year,Y,Certified
EZYV18372,Asia,Bachelor's,Y,N,2229,1838,Northeast,5616.11,Year,Y,Certified
EZYV12020,Europe,Master's,Y,N,31,2013,Northeast,64315.25,Year,Y,Certified
EZYV11673,Asia,Master's,Y,Y,1436,1908,South,194839.19,Year,Y,Certified
EZYV24408,Asia,Bachelor's,N,N,2915,2012,South,189736.41,Year,Y,Certified
EZYV23576,North America,Bachelor's,Y,N,2699,2009,West,147.07,Hour,Y,Certified
EZYV14302,Europe,Master's,Y,N,652,1925,South,140327.45,Year,Y,Certified
EZYV16113,Europe,High School,N,Y,1145,2013,Midwest,105275.49,Year,Y,Certified
EZYV24336,Asia,Master's,Y,N,1938,1996,Northeast,120428.23,Year,Y,Denied
EZYV12546,Asia,Bachelor's,Y,N,4755,1906,South,35191.22,Year,Y,Denied
EZYV18570,Asia,Bachelor's,Y,N,504,2003,West,28524.69,Year,Y,Certified
EZYV7645,South America,Bachelor's,N,N,38,2005,South,49.9985,Hour,Y,Denied
EZYV1479,Asia,Master's,Y,N,3843,2008,West,122465.21,Year,Y,Certified
EZYV2240,Asia,Master's,N,N,264,1993,Midwest,31982.43,Year,Y,Certified
EZYV10459,Asia,Master's,Y,N,1725,1993,West,42135.46,Year,Y,Certified
EZYV17546,Asia,Bachelor's,N,N,24518,1962,West,103394.96,Year,Y,Certified
EZYV13865,Asia,Master's,N,Y,1231,2003,South,76125.5,Year,Y,Certified
EZYV2035,Asia,Bachelor's,N,N,1334,2001,Northeast,39572.09,Year,Y,Denied
EZYV19460,Europe,Bachelor's,Y,N,1085,2005,South,15988.85,Year,Y,Certified
EZYV19129,Europe,Bachelor's,N,N,5501,2003,Northeast,42332.42,Year,Y,Certified
EZYV19412,Europe,Bachelor's,N,N,766,2007,Northeast,41125.5,Year,Y,Certified
EZYV4330,Asia,High School,Y,N,3600,1993,Northeast,70899.61,Year,Y,Denied
EZYV14060,Asia,Bachelor's,N,N,8545,1985,West,113093.71,Year,Y,Certified
EZYV2633,North America,Master's,Y,N,526,2014,South,43300.57,Year,Y,Certified
EZYV16400,North America,Master's,N,Y,2531,1993,Northeast,68925.19,Year,Y,Certified
EZYV11190,Asia,Bachelor's,N,Y,819,1997,South,85598.66,Year,Y,Certified
EZYV11245,Asia,Master's,N,N,14581,1975,West,33269.74,Year,Y,Denied
EZYV17304,North America,Master's,Y,N,1490,1998,Island,117028.62,Year,Y,Certified
EZYV16426,Europe,Master's,N,Y,2098,2001,West,99668.41,Year,Y,Certified
EZYV15041,Asia,Master's,Y,N,5202,1994,Midwest,58569.8,Year,Y,Certified
EZYV16543,Africa,Bachelor's,Y,N,1575,2004,Northeast,95948.98,Year,Y,Denied
EZYV2409,Asia,High School,N,N,503,2005,Midwest,134481.31,Year,Y,Certified
EZYV21521,Europe,High School,Y,N,1020,2006,Northeast,33359.32,Year,Y,Certified
EZYV15274,South America,Master's,Y,N,2423,1993,South,176975.96,Year,Y,Certified
EZYV14244,South America,Bachelor's,N,N,1047,1975,West,852.3638,Hour,Y,Denied
EZYV7734,Europe,Doctorate,Y,N,3670,2010,West,1820.26,Year,Y,Certified
EZYV14252,Africa,Master's,Y,N,2746,1977,West,39582.97,Year,Y,Certified
EZYV5673,Asia,Bachelor's,N,N,1356,2007,West,204046.37,Year,Y,Denied
EZYV3759,Asia,Bachelor's,Y,N,1389,2013,Midwest,76529.42,Year,Y,Certified
EZYV23578,Asia,Master's,N,N,2204,2006,Northeast,95554.04,Year,Y,Certified
EZYV10173,Asia,High School,Y,N,1246,1999,Northeast,19355.87,Year,Y,Denied
EZYV17545,Europe,Doctorate,Y,N,1088,2001,Northeast,127960.51,Year,Y,Certified
EZYV24402,Asia,Bachelor's,N,N,291,2004,South,16948.25,Year,Y,Certified
EZYV19573,Asia,Doctorate,N,N,4141,2010,West,266813.88,Year,Y,Denied
EZYV15930,Europe,Master's,Y,N,5598,1979,South,76460.34,Year,Y,Certified
EZYV13159,Asia,Master's,Y,N,456,1842,Midwest,45531.89,Year,Y,Certified
EZYV1476,Asia,Bachelor's,N,Y,527,1843,South,63376.55,Year,Y,Certified
EZYV21204,Asia,Bachelor's,Y,N,1066,2002,South,32926.01,Year,Y,Certified
EZYV2353,Asia,Bachelor's,Y,N,1871,2009,Midwest,182394.83,Year,Y,Certified
EZYV8702,Europe,Master's,Y,N,3207,1991,West,4084.63,Year,Y,Certified
EZYV19348,Europe,Doctorate,Y,Y,1032,1989,Northeast,113234.8,Year,Y,Certified
EZYV24444,Asia,Master's,Y,N,1527,2014,Midwest,50050.55,Year,Y,Certified
EZYV4292,Asia,High School,Y,N,3468,1945,South,108517.87,Year,Y,Denied
EZYV9078,North America,Master's,Y,N,1306,1972,South,78592.4,Year,Y,Certified
EZYV15473,Asia,Master's,N,N,1114,2003,Northeast,15130.24,Year,Y,Denied
EZYV1143,North America,Master's,Y,N,3783,2006,West,31191.28,Year,Y,Certified
EZYV24737,Asia,Master's,N,N,471,2001,South,179426.93,Year,Y,Certified
EZYV13734,Europe,Master's,Y,N,5509,1970,South,94167.78,Year,Y,Certified
EZYV16450,Asia,Master's,N,N,4904,1997,South,75269.83,Year,N,Denied
EZYV15731,Asia,High School,Y,N,47,2002,Midwest,60929.01,Year,Y,Denied
EZYV22567,North America,Master's,Y,N,3445,1979,Northeast,33015.16,Year,Y,Certified
EZYV65,Asia,Master's,N,N,100,2001,Northeast,102919.59,Year,Y,Denied
EZYV12226,Europe,Bachelor's,Y,N,1185,1994,West,75160.84,Year,Y,Certified
EZYV7158,Asia,Bachelor's,N,N,3218,2006,Northeast,108017.99,Year,Y,Certified
EZYV4501,Asia,Master's,Y,N,4268,1972,West,86478.69,Year,Y,Certified
EZYV107,Asia,Bachelor's,N,N,890,1981,West,64137.41,Year,Y,Denied
EZYV14556,Asia,Bachelor's,Y,N,891,1996,South,156784.02,Year,Y,Certified
EZYV23999,Asia,High School,Y,N,1185,1903,Northeast,63443.6,Year,Y,Certified
EZYV7702,Asia,Bachelor's,Y,N,4178,1927,Midwest,127296.66,Year,Y,Denied
EZYV2950,Asia,Master's,Y,N,102725,1998,Northeast,38747.85,Year,Y,Certified
EZYV10722,Europe,Master's,Y,N,4538,2008,South,85217.54,Year,Y,Certified
EZYV13470,Asia,Master's,Y,N,2512,1929,South,107023.01,Year,Y,Certified
EZYV16875,Asia,High School,Y,N,2632,2001,West,69624.68,Year,Y,Denied
EZYV24420,Asia,Master's,Y,N,1104,2007,Northeast,107398.07,Year,Y,Denied
EZYV9602,Asia,Bachelor's,Y,Y,1518,2001,Northeast,75669.52,Year,Y,Denied
EZYV23911,North America,Master's,Y,N,690,1998,Midwest,113618.92,Year,N,Certified
EZYV20353,Asia,Master's,Y,N,2957,1992,West,49087.81,Year,Y,Certified
EZYV12206,Asia,Master's,Y,N,2439,1853,West,72586.63,Year,Y,Certified
EZYV1222,Europe,Master's,N,Y,3050,1879,West,86703.0,Year,Y,Certified
EZYV267,Asia,Bachelor's,N,N,5425,1855,Northeast,45614.3,Year,Y,Denied
EZYV7147,Asia,Bachelor's,Y,N,1892,1957,West,238078.87,Year,Y,Certified
EZYV146,Europe,Bachelor's,Y,N,1810,1943,South,13322.72,Year,Y,Certified
EZYV23086,Asia,Bachelor's,Y,N,4455,2016,South,44638.94,Year,Y,Denied
EZYV6411,Asia,High School,Y,N,4242,1991,South,113108.16,Year,Y,Denied
EZYV22439,Asia,Bachelor's,N,N,1755,2003,Midwest,203547.58,Year,Y,Denied
EZYV10499,North America,Bachelor's,N,N,2385,2000,Northeast,31981.09,Year,Y,Denied
EZYV5959,Asia,Bachelor's,Y,N,1772,2004,Northeast,17920.45,Year,N,Certified
EZYV18961,Asia,Master's,N,N,2816,1983,Midwest,111497.82,Year,N,Certified
EZYV18423,Asia,Bachelor's,Y,N,1363,2010,South,146551.65,Year,Y,Denied
EZYV24563,South America,Master's,Y,N,2637,1912,South,69739.92,Year,Y,Certified
EZYV19985,Asia,Bachelor's,N,N,2101,2005,Northeast,113247.28,Month,Y,Certified
EZYV21013,Asia,Master's,N,Y,236220,1950,Northeast,121967.48,Year,Y,Denied
EZYV6058,Europe,Bachelor's,Y,Y,1263,2007,South,15258.18,Year,Y,Certified
EZYV7805,Asia,Master's,N,N,593,1993,Northeast,60976.18,Year,Y,Certified
EZYV10462,Asia,Bachelor's,Y,N,2161,2003,South,107714.33,Year,Y,Certified
EZYV5736,Asia,Master's,N,N,3687,2008,Midwest,152766.97,Year,Y,Certified
EZYV12616,Asia,Master's,Y,Y,4919,1981,South,59396.0,Year,Y,Denied
EZYV2710,Asia,Bachelor's,N,N,1868,2013,Midwest,150239.1,Year,Y,Denied
EZYV19697,Asia,Master's,Y,N,2536,2009,Northeast,140580.4,Year,N,Certified
EZYV3521,Asia,Bachelor's,Y,N,453,2008,South,160472.27,Year,Y,Certified
EZYV19313,North America,Master's,Y,N,5069,1885,West,5582.54,Year,Y,Denied
EZYV5153,Asia,High School,N,N,1034,2000,Northeast,433.2396,Hour,Y,Denied
EZYV8986,Asia,Master's,Y,N,2170,1923,South,13440.32,Year,Y,Certified
EZYV20047,Africa,Master's,Y,N,5165,1968,Midwest,42608.7,Year,Y,Certified
EZYV6702,Africa,High School,N,N,21,2006,Midwest,134399.64,Year,Y,Denied
EZYV2568,Asia,Master's,Y,N,2604,1994,South,36443.56,Year,N,Certified
EZYV16109,Asia,Doctorate,Y,N,2836,2000,West,68267.28,Year,Y,Certified
EZYV8913,Asia,Master's,N,Y,645,1855,West,128544.2,Year,Y,Certified
EZYV17184,Asia,Bachelor's,N,N,9895,1998,South,61751.21,Year,Y,Denied
EZYV21404,Asia,Master's,Y,N,3131,2000,Northeast,120099.21,Year,Y,Certified
EZYV8796,Asia,Master's,N,N,687,1999,Midwest,133236.4,Year,Y,Certified
EZYV2942,Asia,Master's,N,N,4185,2005,Midwest,133470.92,Year,Y,Denied
EZYV9038,North America,Doctorate,Y,N,3039,1999,South,34996.2,Year,Y,Certified
EZYV15452,Asia,Master's,N,N,2183,1839,Northeast,35.335,Hour,Y,Denied
EZYV3800,Asia,Bachelor's,Y,N,118,1864,South,162239.39,Year,Y,Certified
EZYV19311,Europe,Doctorate,Y,N,212573,1974,West,3719.04,Year,Y,Certified
EZYV13807,Europe,Bachelor's,N,N,8338,2012,Northeast,24167.78,Year,Y,Certified
EZYV5781,Asia,Master's,N,N,2703,1994,Northeast,147518.38,Year,Y,Certified
EZYV16169,Asia,Master's,Y,N,1551,1995,Northeast,38130.4,Year,N,Denied
EZYV17330,Asia,Bachelor's,Y,N,4908,1974,South,84345.49,Year,N,Denied
EZYV7644,Asia,High School,Y,N,3804,2012,Northeast,118795.1,Year,N,Denied
EZYV17765,North America,Bachelor's,Y,N,1838,1902,South,842.1034,Hour,Y,Denied
EZYV25464,Asia,High School,N,N,444,1838,Midwest,213189.36,Year,Y,Certified
EZYV4788,Asia,Bachelor's,Y,N,2749,1984,Midwest,104702.88,Year,Y,Certified
EZYV20483,North America,Bachelor's,N,N,2584,1900,South,6.3305,Hour,Y,Denied
EZYV385,Asia,Bachelor's,Y,N,720,2001,West,124317.33,Year,Y,Certified
EZYV17524,Asia,Bachelor's,N,N,5436,2006,South,97035.6,Year,Y,Certified
EZYV7244,South America,Bachelor's,N,N,4943,1976,South,705.3218,Hour,Y,Denied
EZYV7323,Asia,Master's,N,N,2103,2013,Midwest,105327.39,Year,Y,Certified
EZYV7507,Asia,Bachelor's,Y,N,3588,1988,South,94152.5,Year,Y,Certified
EZYV11903,Asia,Master's,Y,N,341,1986,South,43312.24,Year,Y,Certified
EZYV5184,Asia,Bachelor's,N,N,3798,1987,Northeast,36839.05,Year,Y,Denied
EZYV14364,Asia,Master's,N,N,2760,1984,South,84216.28,Year,Y,Denied
EZYV16574,Europe,Doctorate,N,N,10576,2012,West,6327.66,Year,Y,Certified
EZYV321,South America,High School,Y,N,4153,2010,Island,135250.42,Year,Y,Certified
EZYV15654,Asia,Bachelor's,N,N,3103,1930,West,101.66,Hour,Y,Denied
EZYV18783,Asia,High School,N,N,4996,1991,Northeast,33529.13,Year,Y,Denied
EZYV7466,Asia,Master's,N,N,266,1998,Northeast,64640.11,Year,Y,Certified
EZYV803,Asia,Bachelor's,Y,N,2187,2004,Northeast,39353.22,Year,Y,Certified
EZYV13812,Asia,Master's,Y,N,4022,2014,Northeast,84717.67,Year,Y,Certified
EZYV21747,Europe,Bachelor's,N,N,1353,2007,Northeast,40266.57,Year,Y,Denied
EZYV8607,Asia,High School,Y,N,178,2002,South,70705.67,Year,Y,Denied
EZYV15449,Asia,Bachelor's,N,N,2164,2010,South,64254.1,Year,Y,Denied
EZYV5548,Asia,Master's,Y,N,5644,2003,West,23635.17,Year,Y,Certified
EZYV8555,Asia,Bachelor's,N,N,13539,1993,Northeast,31621.02,Year,Y,Denied
EZYV10179,Asia,High School,N,N,4449,2003,West,610.655,Hour,Y,Denied
EZYV3686,Asia,Bachelor's,Y,N,3075,1985,South,138057.12,Year,Y,Certified
EZYV19624,North America,Bachelor's,N,N,3940,1923,Midwest,733.4222,Hour,Y,Certified
EZYV7669,Asia,Master's,Y,N,2133,2005,West,40368.77,Year,Y,Certified
EZYV15067,Asia,Bachelor's,N,N,2204,1996,South,48067.19,Year,Y,Denied
EZYV24314,Asia,Master's,Y,N,15468,2007,West,15968.4,Year,Y,Denied
EZYV6448,Asia,High School,Y,N,1189,1996,Island,69191.57,Year,Y,Denied
EZYV23587,North America,High School,N,N,4973,2005,Northeast,97043.27,Year,N,Denied
EZYV829,Asia,Master's,Y,N,2566,1990,Northeast,82062.29,Year,Y,Certified
EZYV22946,Asia,Doctorate,N,N,884,1969,Northeast,64854.47,Year,Y,Denied
EZYV14967,Asia,Bachelor's,Y,Y,1057,1979,West,112932.24,Year,Y,Certified
EZYV7213,Asia,Master's,Y,N,15964,2004,Northeast,114194.43,Year,Y,Certified
EZYV1167,Asia,Master's,Y,N,3414,1999,Midwest,42033.2,Year,Y,Certified
EZYV8309,Asia,Doctorate,Y,N,821,1986,West,53351.62,Year,Y,Certified
EZYV8551,Asia,Bachelor's,Y,N,4212,1968,Northeast,82750.16,Year,Y,Denied
EZYV22235,Asia,Bachelor's,Y,N,3941,2009,Midwest,63380.39,Year,Y,Certified
EZYV12101,Asia,Master's,Y,N,1517,1953,South,75088.13,Year,Y,Certified
EZYV5166,Asia,Master's,N,N,55730,2007,South,158754.61,Year,N,Certified
EZYV2341,Europe,Doctorate,N,N,822,1947,West,37121.78,Year,Y,Certified
EZYV9198,Asia,Master's,Y,N,1879,1872,West,54943.67,Year,Y,Certified
EZYV465,Asia,Bachelor's,N,N,3039,1994,Midwest,115034.46,Year,Y,Certified
EZYV3913,North America,Doctorate,Y,N,1458,2011,South,40286.12,Year,Y,Certified
EZYV11597,North America,Doctorate,Y,N,2120,2005,Northeast,33481.37,Year,Y,Certified
EZYV4958,Asia,High School,Y,N,614,1996,Midwest,150652.22,Year,Y,Denied
EZYV7195,Asia,High School,N,N,4617,2005,West,64897.03,Year,Y,Denied
EZYV21653,Asia,Bachelor's,Y,N,1054,2013,Midwest,90250.78,Year,Y,Certified
EZYV12146,Asia,High School,Y,N,706,2003,Northeast,261.92,Year,Y,Denied
EZYV17956,Asia,Master's,N,Y,564,1920,South,4575.97,Year,Y,Certified
EZYV19957,Europe,Master's,N,Y,3009,1913,South,50145.31,Year,Y,Certified
EZYV13969,Asia,Master's,N,Y,1435,1997,South,155421.17,Year,Y,Certified
EZYV5484,Asia,Bachelor's,N,N,4556,2008,Northeast,95944.21,Year,Y,Certified
EZYV23758,Europe,Doctorate,N,N,3300,2004,West,11696.36,Year,Y,Certified
EZYV16283,Europe,Bachelor's,Y,N,540,1896,Northeast,110063.82,Year,Y,Certified
EZYV17999,Asia,Master's,Y,N,4448,1945,South,727.0036,Hour,Y,Certified
EZYV19250,Asia,Bachelor's,Y,N,3724,2010,West,103545.19,Year,Y,Denied
EZYV9080,Asia,Master's,N,Y,2714,2013,Northeast,103859.43,Year,Y,Certified
EZYV16345,South America,Bachelor's,N,N,854,1987,Midwest,91309.48,Year,Y,Denied
EZYV4272,Africa,Bachelor's,Y,N,4338,1855,Midwest,144189.29,Year,Y,Certified
EZYV2433,Asia,Master's,Y,N,1284,1985,South,114283.42,Year,Y,Certified
EZYV24646,Asia,Bachelor's,Y,N,1586,2000,Midwest,145692.0,Year,Y,Certified
EZYV10403,Asia,Master's,Y,N,186,1977,Northeast,138795.91,Year,Y,Certified
EZYV18740,Europe,Bachelor's,N,Y,625,2000,West,52250.25,Year,Y,Certified
EZYV3361,North America,Master's,Y,N,1709,1933,West,221033.57,Year,Y,Certified
EZYV3952,Asia,Bachelor's,Y,N,1293,1998,Northeast,85453.5,Year,Y,Denied
EZYV4074,Asia,Bachelor's,Y,N,2547,1999,West,68480.84,Year,Y,Certified
EZYV10559,Asia,Master's,N,N,1663,1989,Midwest,72146.55,Year,Y,Denied
EZYV11737,Asia,Bachelor's,Y,Y,3347,1996,West,61107.55,Year,Y,Certified
EZYV17992,Asia,Master's,Y,N,2201,2007,Midwest,94290.2,Year,Y,Certified
EZYV13571,Asia,Master's,N,N,2277,2005,Northeast,109990.53,Year,Y,Certified
EZYV4680,Asia,Bachelor's,N,N,3844,1907,Island,134.85,Hour,Y,Denied
EZYV500,Asia,Bachelor's,N,N,553,1979,South,61744.57,Year,N,Certified
EZYV19195,North America,Bachelor's,Y,N,2569,1992,South,110461.17,Year,Y,Denied
EZYV23749,Asia,High School,Y,N,4735,1857,West,110109.23,Year,Y,Denied
EZYV16157,Europe,Master's,Y,N,2009,1933,Northeast,73810.32,Year,Y,Certified
EZYV20912,Asia,Bachelor's,Y,N,990,1965,South,44842.13,Year,Y,Certified
EZYV19701,Asia,Bachelor's,Y,N,1509,1989,South,94106.7,Year,Y,Certified
EZYV18591,Asia,Master's,Y,N,22543,2000,South,123721.58,Year,Y,Certified
EZYV20985,Europe,Doctorate,Y,N,-14,1989,Midwest,37012.8,Year,Y,Certified
EZYV3590,Asia,Master's,Y,N,201,2005,South,111902.94,Year,Y,Certified
EZYV16380,Europe,Doctorate,Y,Y,4427,2013,West,23913.44,Year,Y,Certified
EZYV24953,North America,Master's,Y,N,23419,1946,West,9832.11,Year,Y,Denied
EZYV12983,South America,Bachelor's,Y,N,4113,1978,Midwest,177.69,Hour,Y,Certified
EZYV19226,North America,Master's,N,N,2404,1965,South,104317.18,Year,Y,Certified
EZYV20937,Asia,High School,N,N,2993,1911,South,50459.58,Year,Y,Certified
EZYV21390,Asia,Bachelor's,N,N,1961,1997,Northeast,404.872,Hour,Y,Denied
EZYV22679,Africa,Bachelor's,Y,N,3456,1995,Northeast,85080.03,Year,Y,Denied
EZYV17675,Asia,Master's,Y,N,3891,1996,West,921.31,Year,Y,Denied
EZYV16081,Asia,Bachelor's,Y,N,4658,1976,West,102325.47,Year,Y,Certified
EZYV235,Europe,Bachelor's,N,N,2771,1975,West,100786.62,Year,Y,Certified
EZYV13118,Asia,Master's,N,N,3497,1995,South,22848.67,Year,Y,Certified
EZYV12989,Asia,Bachelor's,N,N,1184,2013,West,43843.61,Year,Y,Certified
EZYV4026,Asia,Bachelor's,N,N,1714,1972,West,77293.61,Year,Y,Denied
EZYV13503,Asia,Bachelor's,Y,N,5129,1933,Northeast,11202.84,Year,Y,Denied
EZYV19028,Europe,Master's,Y,Y,3086,2004,West,68313.51,Year,Y,Certified
EZYV15404,North America,Bachelor's,Y,Y,211,1984,West,86625.45,Year,Y,Certified
EZYV13817,South America,Master's,Y,N,2509,2009,West,30577.69,Year,Y,Certified
EZYV17042,North America,Master's,Y,N,2589,1993,South,487.1616,Hour,Y,Certified
EZYV10894,North America,Master's,Y,N,395,1977,West,49157.57,Year,Y,Certified
EZYV22087,Asia,Bachelor's,Y,N,1450,2006,Northeast,50783.2,Year,N,Certified
EZYV19566,Asia,High School,N,N,1770,1999,Northeast,79066.07,Year,Y,Denied
EZYV9654,Asia,Master's,Y,N,1308,1962,Northeast,89567.66,Year,Y,Certified
EZYV8158,Europe,Master's,N,N,2683,1995,South,239.6427,Hour,Y,Denied
EZYV11907,North America,Bachelor's,N,N,5543,2002,South,61761.32,Year,Y,Denied
EZYV18018,Asia,High School,N,Y,1519,1876,Northeast,57166.04,Year,Y,Certified
EZYV17091,Asia,Bachelor's,Y,Y,1448,1919,West,73902.42,Year,Y,Certified
EZYV16124,Europe,Bachelor's,N,N,1003,2010,South,21160.66,Year,Y,Certified
EZYV2417,Europe,Bachelor's,Y,Y,2481,2010,South,140681.23,Year,Y,Certified
EZYV12035,Asia,Bachelor's,N,N,506,1889,Midwest,163461.61,Year,Y,Certified
EZYV3126,Asia,Master's,N,N,2930,1959,Northeast,10664.9,Year,Y,Denied
EZYV19783,North America,Master's,Y,N,924,1953,South,72280.27,Year,Y,Certified
EZYV2481,Europe,Master's,Y,N,1306,2006,West,36687.83,Year,Y,Certified
EZYV23763,Asia,Master's,N,Y,3361,2005,South,64521.71,Year,Y,Denied
EZYV14073,South America,Bachelor's,Y,N,310467,1992,South,46574.14,Year,Y,Denied
EZYV21291,Europe,Bachelor's,Y,N,1288,1959,Northeast,19019.07,Year,Y,Certified
EZYV19932,Asia,Bachelor's,Y,N,18930,2001,Northeast,123048.91,Year,Y,Certified
EZYV12521,Asia,Bachelor's,N,N,1736,2002,West,107578.85,Year,Y,Denied
EZYV4214,Asia,Master's,Y,N,2662,1848,South,123553.91,Year,N,Certified
EZYV13669,Asia,Doctorate,Y,N,3360,1954,South,48364.17,Year,Y,Certified
EZYV10022,Asia,High School,N,N,4817,2000,Midwest,52477.74,Year,N,Denied
EZYV102,Asia,Master's,Y,N,334,2007,Midwest,43421.88,Year,Y,Certified
EZYV2809,North America,Bachelor's,Y,N,1652,1880,Midwest,238.0375,Hour,Y,Denied
EZYV11913,Asia,High School,N,N,44,2006,Midwest,361.8696,Hour,Y,Denied
EZYV6358,Asia,High School,N,N,547,1928,Midwest,318.6505,Hour,Y,Denied
EZYV8170,Europe,Master's,N,N,3821,1999,South,104308.07,Year,N,Denied
EZYV9993,Europe,Master's,Y,Y,753,2001,Midwest,4877.31,Year,Y,Certified
EZYV18162,Oceania,Master's,N,N,735,2002,Midwest,129812.29,Year,Y,Denied
EZYV307,Asia,Bachelor's,Y,N,2609,1991,Northeast,34738.65,Year,Y,Certified
EZYV13740,Asia,Master's,Y,N,2407,1992,Northeast,69124.3,Year,N,Certified
EZYV23498,Asia,Bachelor's,N,N,683,2008,South,97652.48,Year,Y,Denied
EZYV14401,Asia,High School,N,N,522,1817,South,36103.32,Year,Y,Denied
EZYV13634,Asia,Bachelor's,Y,N,2711,1998,South,80085.36,Year,N,Certified
EZYV19151,Africa,High School,Y,N,3978,1975,West,80054.07,Year,Y,Certified
EZYV4953,Asia,Doctorate,N,N,885,1886,Northeast,61656.38,Year,Y,Certified
EZYV24021,Asia,Bachelor's,Y,Y,22097,1948,South,32960.51,Year,Y,Certified
EZYV3117,Asia,Bachelor's,Y,N,23874,2014,South,59365.2,Year,Y,Certified
EZYV19070,Europe,High School,N,N,2900,1997,Midwest,137421.43,Year,Y,Denied
EZYV15999,Asia,Doctorate,N,N,4264,1993,Northeast,28754.91,Year,Y,Certified
EZYV18490,Europe,Bachelor's,N,Y,4189,2001,South,17787.02,Year,Y,Certified
EZYV20182,North America,Bachelor's,Y,N,4236,2001,South,148029.36,Year,Y,Denied
EZYV24832,North America,High School,N,N,607,2011,Midwest,574.5495,Hour,Y,Denied
EZYV3748,North America,Doctorate,Y,Y,552,1997,South,54184.98,Year,Y,Certified
EZYV4035,Asia,Master's,Y,N,1752,2000,South,143203.83,Year,Y,Certified
EZYV19552,Asia,High School,Y,N,783,2013,Northeast,94072.28,Year,Y,Certified
EZYV9277,Africa,Master's,Y,N,1827,1992,South,37323.58,Week,Y,Certified
EZYV22362,Asia,High School,N,N,3581,2007,Northeast,79960.59,Year,Y,Certified
EZYV15361,North America,Doctorate,N,N,860,1981,Midwest,115321.29,Year,N,Certified
EZYV5383,Asia,Master's,Y,N,2354,1999,South,46686.12,Year,Y,Certified
EZYV4367,Oceania,Master's,N,N,2733,1975,Northeast,50087.69,Year,Y,Denied
EZYV19380,Asia,Master's,Y,N,1277,1984,West,37099.34,Year,Y,Denied
EZYV2002,Asia,Bachelor's,Y,N,2583,1996,Northeast,53360.35,Year,Y,Certified
EZYV3455,Europe,Bachelor's,N,Y,1464,1997,Northeast,72486.63,Year,Y,Denied
EZYV4093,Europe,Master's,Y,N,3897,1992,Midwest,34507.53,Year,Y,Certified
EZYV20375,Asia,Master's,Y,N,2551,1986,Midwest,131234.61,Year,Y,Certified
EZYV9350,Europe,Bachelor's,Y,Y,2079,2001,Midwest,67993.87,Year,Y,Certified
EZYV16852,Asia,Bachelor's,Y,N,892,1997,South,30435.65,Year,Y,Denied
EZYV21465,Europe,Bachelor's,Y,Y,330,2009,South,110326.49,Year,Y,Certified
EZYV20215,Europe,Master's,N,Y,370,1965,South,27124.33,Year,Y,Certified
EZYV5680,Asia,Bachelor's,N,N,5443,1999,Northeast,43706.23,Year,Y,Certified
EZYV1524,North America,Bachelor's,Y,N,741,1904,South,80340.89,Year,N,Certified
EZYV15275,Asia,Bachelor's,Y,N,91203,1999,South,50395.56,Year,Y,Denied
EZYV13123,Europe,Doctorate,Y,N,3024,1982,Northeast,30574.11,Year,Y,Certified
EZYV14791,Europe,Bachelor's,N,N,1718,2013,South,36205.27,Year,Y,Certified
EZYV22022,North America,High School,Y,N,3056,2013,Midwest,59198.84,Year,Y,Certified
EZYV16961,Asia,High School,Y,Y,286,1990,Northeast,108937.43,Year,Y,Certified
EZYV16481,Asia,Bachelor's,Y,N,3317,2001,South,112198.47,Year,Y,Certified
EZYV9718,Asia,Master's,Y,N,2092,1975,West,72193.67,Year,Y,Certified
EZYV17614,Asia,Bachelor's,Y,N,1909,1858,South,102148.46,Year,Y,Certified
EZYV3128,Europe,Bachelor's,Y,Y,223,2005,West,12080.16,Year,Y,Certified
EZYV5103,Asia,Bachelor's,Y,N,936,1847,Northeast,70978.59,Year,Y,Certified
EZYV25366,Asia,Master's,N,N,2276,2010,South,125939.31,Year,Y,Denied
EZYV8180,Asia,Master's,Y,N,2476,1987,Midwest,62872.83,Year,Y,Certified
EZYV4289,Asia,Bachelor's,Y,N,86,1994,South,83284.64,Year,Y,Denied
EZYV13316,Asia,Master's,N,N,4109,1887,Northeast,89326.79,Year,Y,Certified
EZYV7409,Asia,Master's,Y,N,2741,1997,South,89075.75,Year,Y,Certified
EZYV21520,Asia,Bachelor's,N,N,3088,1973,West,49192.91,Year,Y,Certified
EZYV10676,Asia,Bachelor's,Y,N,4455,1999,South,98948.28,Year,N,Certified
EZYV17695,Asia,Master's,N,N,1216,1997,West,346.575,Hour,Y,Denied
EZYV14230,North America,Bachelor's,Y,N,28963,2013,Midwest,132056.37,Year,Y,Certified
EZYV23815,Asia,Master's,Y,N,1271,1962,Northeast,151639.64,Year,Y,Certified
EZYV386,Europe,Bachelor's,N,N,2948,1967,West,323.7,Year,Y,Certified
EZYV16842,Asia,Bachelor's,Y,N,4137,1965,West,142579.35,Year,Y,Denied
EZYV2969,North America,Master's,Y,N,1998,1990,South,81156.73,Year,N,Certified
EZYV9231,Asia,Bachelor's,N,N,2106,1979,South,102520.85,Year,Y,Certified
EZYV11699,Asia,Bachelor's,Y,N,1651,1990,South,43578.8,Year,Y,Certified
EZYV7085,Asia,Bachelor's,Y,N,3064,2006,Northeast,95.7322,Hour,Y,Certified
EZYV24949,Europe,Doctorate,Y,N,153,1980,South,16771.96,Year,Y,Certified
EZYV2826,Europe,High School,Y,N,1542,1902,West,76719.33,Year,Y,Denied
EZYV21709,Asia,Doctorate,Y,N,4780,1968,South,60391.51,Year,Y,Certified
EZYV22793,North America,Bachelor's,Y,N,796,1979,West,89542.27,Year,Y,Certified
EZYV11268,Asia,Bachelor's,Y,N,2629,1998,Northeast,40864.73,Year,Y,Certified
EZYV24093,Asia,Master's,Y,N,540,1920,West,58522.88,Year,Y,Denied
EZYV907,Asia,Master's,Y,N,2788,1998,Northeast,62213.49,Year,N,Certified
EZYV24500,Europe,Bachelor's,Y,N,394,1995,West,56232.81,Year,Y,Certified
EZYV23771,Asia,Master's,N,N,1177,1941,South,102829.4,Year,Y,Denied
EZYV21145,Asia,High School,Y,N,2446,2001,South,119398.54,Year,Y,Denied
EZYV23538,Asia,Bachelor's,N,Y,4570,1997,West,94928.35,Year,Y,Certified
EZYV10109,Asia,Bachelor's,N,N,3357,1977,South,140319.72,Year,Y,Denied
EZYV10031,Europe,Master's,N,N,4871,1995,West,129679.06,Year,Y,Certified
EZYV11173,Asia,Doctorate,Y,N,1102,2010,Northeast,91557.89,Year,Y,Certified
EZYV11137,Europe,Doctorate,Y,N,87,2008,South,1670.31,Year,Y,Certified
EZYV5698,North America,High School,Y,N,147,1981,Northeast,14916.55,Year,Y,Certified
EZYV6404,Asia,Master's,N,N,2006,2004,South,4834.25,Year,Y,Certified
EZYV16909,Asia,Doctorate,N,Y,1303,2012,West,393.58,Year,Y,Certified
EZYV2250,Asia,Bachelor's,Y,N,2026,2005,South,153638.3,Year,Y,Certified
EZYV1153,Europe,Master's,N,N,1547,2004,South,25029.86,Year,Y,Certified
EZYV18694,Asia,Doctorate,Y,N,4200,2005,Northeast,111908.23,Year,Y,Certified
EZYV14828,South America,Bachelor's,N,Y,3355,1847,South,152017.5,Year,Y,Certified
EZYV12459,Asia,Master's,N,N,721,1997,Northeast,51977.97,Year,Y,Denied
EZYV18485,Asia,Master's,Y,N,1851,2007,Northeast,58934.94,Year,Y,Certified
EZYV17854,Asia,Bachelor's,Y,N,4136,1991,West,45565.62,Year,Y,Denied
EZYV8113,Asia,Bachelor's,Y,N,4068,1997,West,110521.82,Year,Y,Certified
EZYV6019,Africa,High School,Y,N,5572,1983,Northeast,22383.45,Year,Y,Denied
EZYV24608,Asia,Bachelor's,N,N,3914,1999,South,144950.13,Year,Y,Certified
EZYV13390,North America,Master's,N,Y,2507,2001,South,482.7664,Hour,Y,Certified
EZYV7129,Asia,Bachelor's,N,N,625,1949,South,143793.99,Year,Y,Certified
EZYV2706,Asia,Bachelor's,Y,N,6499,2000,West,152043.04,Year,Y,Certified
EZYV4092,Europe,Doctorate,N,Y,2311,2007,Northeast,8213.82,Year,Y,Certified
EZYV7247,Asia,Bachelor's,Y,N,2961,1985,West,7034.14,Year,Y,Denied
EZYV4320,North America,Master's,N,N,2187,2001,Northeast,713.0041,Hour,Y,Denied
EZYV15853,Asia,Bachelor's,Y,N,1928,1977,Northeast,89121.71,Year,Y,Certified
EZYV15624,South America,Doctorate,Y,N,2265,2013,Northeast,118488.85,Year,Y,Denied
EZYV482,Africa,Master's,Y,N,81762,1990,West,24496.71,Year,Y,Certified
EZYV20283,Asia,Master's,Y,N,49,1919,Midwest,127655.87,Year,N,Certified
EZYV9248,Asia,Master's,N,N,1880,2001,Northeast,101621.43,Year,N,Certified
EZYV19349,Asia,Bachelor's,Y,N,3240,1998,Northeast,51609.55,Year,Y,Denied
EZYV24631,Asia,High School,N,Y,755,2000,Northeast,112363.99,Year,Y,Denied
EZYV24615,Asia,Master's,Y,N,2966,1882,Northeast,33428.28,Year,Y,Denied
EZYV18236,Asia,Master's,N,N,1393,2006,Northeast,130690.67,Year,Y,Denied
EZYV1555,Asia,Master's,Y,N,2380,1995,Northeast,42983.07,Year,Y,Certified
EZYV10573,Asia,Bachelor's,N,N,1032,1867,Northeast,75025.22,Year,Y,Denied
EZYV1502,Asia,Master's,Y,N,3724,1991,South,91667.05,Year,Y,Certified
EZYV20510,Asia,Bachelor's,N,N,1131,1990,Midwest,73677.94,Year,Y,Denied
EZYV6677,Asia,Master's,Y,N,4494,1998,West,158975.43,Year,Y,Certified
EZYV18686,Asia,High School,N,N,1841,1996,Northeast,286.4415,Hour,Y,Denied
EZYV10025,Asia,Master's,Y,N,1837,2008,South,93791.01,Week,Y,Certified
EZYV1732,Asia,High School,N,N,2125,2010,Midwest,117674.95,Year,Y,Certified
EZYV8312,Asia,Master's,Y,N,3961,2007,West,5490.31,Year,Y,Certified
EZYV5215,Asia,Master's,Y,N,2220,1968,West,233150.41,Year,Y,Certified
EZYV24717,Europe,Master's,N,N,5266,2003,West,28421.02,Year,Y,Denied
EZYV23652,Asia,Bachelor's,Y,N,1767,2013,South,137067.88,Year,Y,Certified
EZYV16116,Asia,Bachelor's,Y,N,5135,2001,West,78054.28,Year,Y,Certified
EZYV17246,Europe,Master's,Y,N,1948,1977,West,37795.61,Year,Y,Certified
EZYV7434,Asia,Master's,N,N,3296,2003,Northeast,146760.98,Year,Y,Certified
EZYV13787,Asia,Bachelor's,Y,N,203,1989,South,106144.01,Year,Y,Denied
EZYV12241,Asia,Bachelor's,Y,N,272,2005,South,82359.64,Year,Y,Certified
EZYV10457,South America,Bachelor's,N,Y,2071,1999,South,42093.88,Year,Y,Certified
EZYV18753,Asia,Master's,Y,N,313,1968,West,49043.95,Year,Y,Denied
EZYV20425,Asia,Master's,Y,N,2290,1996,Northeast,59459.64,Year,Y,Denied
EZYV10648,Asia,Master's,N,N,62,1996,Midwest,222793.7,Year,N,Certified
EZYV10345,Asia,Doctorate,Y,N,2648,2002,Island,134917.14,Year,Y,Certified
EZYV7951,Asia,Master's,N,N,3567,1981,Midwest,148945.17,Year,Y,Certified
EZYV9455,Europe,Master's,N,N,2758,2008,South,35920.11,Year,Y,Certified
EZYV18105,Asia,Master's,Y,N,2561,2006,Midwest,99702.16,Year,Y,Certified
EZYV19228,Asia,Master's,Y,N,33,2013,South,84054.72,Year,Y,Certified
EZYV12450,Asia,Bachelor's,Y,N,960,2008,West,20400.97,Year,Y,Denied
EZYV5801,North America,Master's,Y,N,1824,1978,Northeast,24679.14,Year,Y,Certified
EZYV10827,Asia,Master's,N,N,2297,1817,South,182.58,Hour,Y,Certified
EZYV16317,Asia,High School,Y,Y,3105,2001,West,119147.19,Year,Y,Certified
EZYV2991,Asia,Master's,N,N,201,2006,Midwest,222221.67,Year,Y,Denied
EZYV5482,Asia,Master's,Y,N,2864,1964,Northeast,187382.73,Year,N,Certified
EZYV5664,Asia,Master's,Y,N,3612,2001,Midwest,51706.88,Year,Y,Certified
EZYV6859,Asia,Bachelor's,N,N,1112,1804,West,135319.48,Year,Y,Denied
EZYV13257,Asia,Master's,Y,N,1461,1989,Northeast,127535.86,Year,Y,Certified
EZYV18620,North America,Master's,N,N,524,1998,Midwest,110.3,Hour,Y,Denied
EZYV3624,Europe,Master's,N,N,5573,1986,South,33007.19,Year,N,Certified
EZYV19461,Asia,Master's,Y,N,1541,2009,South,29087.05,Year,Y,Certified
EZYV15814,Asia,Bachelor's,N,N,1509,1999,South,75920.64,Year,Y,Certified
EZYV21335,Asia,Master's,Y,N,4298,1973,South,137691.81,Year,N,Denied
EZYV23931,Asia,Master's,N,Y,444,2004,West,92623.18,Year,Y,Certified
EZYV20014,North America,Bachelor's,Y,N,17270,1971,West,102835.43,Year,Y,Certified
EZYV25393,Europe,Doctorate,Y,Y,9489,1947,Island,13502.06,Year,Y,Certified
EZYV15987,Asia,High School,N,Y,1229,2011,South,143551.63,Year,Y,Certified
EZYV23904,Europe,High School,N,N,96728,1882,South,69320.47,Year,Y,Certified
EZYV3648,Asia,Master's,Y,N,3086,2008,Midwest,74534.63,Year,Y,Certified
EZYV18775,Asia,Master's,Y,N,572,1946,Midwest,177109.49,Year,Y,Certified
EZYV3869,Europe,Doctorate,N,Y,467,1991,West,63059.1,Year,Y,Certified
EZYV12638,Asia,High School,N,Y,525,2001,Midwest,97298.69,Year,Y,Denied
EZYV6816,Asia,Master's,Y,Y,1441,1971,South,138479.38,Year,Y,Certified
EZYV16865,North America,Master's,N,N,3304,2006,Northeast,427.9314,Hour,Y,Certified
EZYV8097,North America,Master's,Y,N,2684,1900,Midwest,107658.93,Year,Y,Certified
EZYV10565,North America,Master's,Y,N,2524,2010,West,66276.1,Year,N,Certified
EZYV24754,Europe,Master's,Y,N,1668,2007,South,28213.25,Year,Y,Certified
EZYV12636,Europe,Bachelor's,Y,N,1923,2005,Northeast,4612.08,Year,Y,Certified
EZYV18024,North America,Master's,Y,N,885,2000,Northeast,142793.24,Year,N,Certified
EZYV4526,Asia,Master's,N,N,2016,2010,Midwest,89251.11,Year,Y,Denied
EZYV24298,Asia,High School,Y,N,2011,1991,South,87795.55,Year,Y,Certified
EZYV2792,Asia,Doctorate,Y,N,71,1993,Northeast,66674.88,Year,Y,Certified
EZYV17606,Asia,Master's,Y,N,336,1968,South,100959.43,Year,Y,Certified
EZYV9819,Asia,Master's,N,N,915,1885,Midwest,67729.96,Year,Y,Certified
EZYV3535,Asia,Master's,Y,N,26716,2007,West,84301.78,Year,Y,Certified
EZYV24206,Asia,High School,Y,N,368,1998,West,118826.99,Year,Y,Certified
EZYV5805,Asia,Bachelor's,Y,N,5592,1887,West,30508.02,Year,Y,Certified
EZYV14086,Europe,Bachelor's,Y,N,613,1991,West,105753.59,Year,Y,Certified
EZYV17211,Asia,Master's,N,N,488,1998,West,33033.41,Year,Y,Denied
EZYV21888,North America,Master's,Y,N,429,1998,South,17740.72,Year,Y,Certified
EZYV6689,Europe,Bachelor's,Y,N,1730,2010,West,83986.72,Year,Y,Certified
EZYV3140,Europe,Master's,Y,N,4639,1912,West,6656.45,Year,Y,Certified
EZYV1074,North America,Doctorate,Y,N,1807,1928,West,39599.34,Year,Y,Certified
EZYV12118,Asia,Bachelor's,N,N,3993,1817,Midwest,116923.8,Year,Y,Certified
EZYV6973,Asia,Bachelor's,N,N,2492,2006,West,86310.57,Year,Y,Denied
EZYV3819,Asia,Master's,N,N,1889,2001,South,143473.65,Year,N,Denied
EZYV12419,Europe,Doctorate,Y,N,1034,1995,Northeast,4688.38,Year,Y,Certified
EZYV4158,Asia,Bachelor's,N,N,5255,1936,Northeast,129812.63,Year,Y,Denied
EZYV11669,Asia,Bachelor's,Y,Y,1083,1989,Northeast,41013.1,Year,Y,Certified
EZYV23561,North America,Bachelor's,N,N,1428,1978,Northeast,221.6878,Hour,Y,Denied
EZYV10293,South America,Bachelor's,Y,N,2050,1992,Northeast,66449.1,Year,Y,Certified
EZYV11761,Asia,Bachelor's,N,N,1112,1977,Midwest,68129.89,Year,Y,Certified
EZYV4302,Europe,High School,Y,N,3760,2001,South,29449.49,Year,Y,Denied
EZYV7766,Asia,Bachelor's,Y,Y,34677,1976,South,57282.4,Year,Y,Certified
EZYV12335,North America,Master's,N,N,6476,2014,South,93088.17,Year,Y,Denied
EZYV11058,Asia,High School,Y,N,6170,1999,Northeast,175073.16,Year,Y,Denied
EZYV20349,North America,Bachelor's,Y,Y,909,1907,West,82323.14,Year,Y,Certified
EZYV10348,North America,Master's,Y,N,464,1989,Northeast,75846.72,Year,Y,Certified
EZYV23078,Asia,Doctorate,Y,Y,4901,2004,West,179886.97,Year,N,Certified
EZYV24173,Asia,Master's,Y,N,1123,2005,Northeast,58062.28,Year,Y,Denied
EZYV8038,Asia,Bachelor's,Y,N,1994,1891,Northeast,42335.11,Month,Y,Certified
EZYV11374,Asia,Master's,N,N,585,1986,Midwest,156304.54,Year,Y,Certified
EZYV25054,North America,High School,Y,N,3994,1889,South,75734.27,Year,Y,Certified
EZYV20223,Asia,Bachelor's,N,Y,1421,2003,South,45740.96,Year,Y,Certified
EZYV4961,Asia,Bachelor's,Y,N,2158,1999,West,55979.42,Year,Y,Denied
EZYV24671,Asia,Master's,N,Y,1430,2005,West,100461.45,Year,Y,Certified
EZYV12542,Africa,Master's,N,N,4433,1982,Northeast,140105.48,Year,Y,Certified
EZYV19213,Asia,Bachelor's,Y,N,414,2013,South,69789.98,Year,Y,Certified
EZYV5799,Asia,Master's,Y,N,4785,2007,South,66894.66,Year,Y,Certified
EZYV15705,Asia,Master's,Y,N,1652,1988,West,50837.46,Year,N,Certified
EZYV23049,Africa,Doctorate,N,N,52711,1981,Midwest,115260.22,Year,Y,Certified
EZYV8840,Europe,Bachelor's,Y,N,1683,2008,West,71618.26,Year,Y,Certified
EZYV6336,Asia,Master's,N,N,206,1965,South,2815.88,Year,Y,Certified
EZYV7611,Europe,Master's,Y,N,166,1884,South,75598.15,Year,Y,Certified
EZYV11937,Asia,Bachelor's,N,N,2467,2004,South,92834.66,Year,Y,Denied
EZYV4440,Asia,Bachelor's,Y,N,488,2000,Northeast,33801.96,Year,Y,Certified
EZYV9988,Asia,Bachelor's,Y,N,786,2001,South,89608.82,Year,Y,Certified
EZYV9702,Europe,Master's,Y,N,427,1977,South,137479.06,Year,Y,Certified
EZYV24150,Asia,Bachelor's,Y,N,4601,2000,Northeast,51146.13,Year,Y,Certified
EZYV3495,Asia,Master's,N,N,876,1993,Midwest,127752.53,Year,Y,Denied
EZYV20158,Asia,Bachelor's,Y,N,1432,1995,West,87361.06,Year,Y,Certified
EZYV10436,North America,Master's,N,N,3016,1999,Midwest,71056.15,Year,N,Certified
EZYV14375,Europe,Master's,Y,N,133,1908,Midwest,42285.94,Year,Y,Certified
EZYV20279,Europe,Bachelor's,Y,N,1079,1973,South,2315.78,Year,Y,Certified
EZYV18062,Asia,Bachelor's,N,N,324,1997,Midwest,63045.57,Year,Y,Denied
EZYV2265,Asia,Bachelor's,Y,N,405,2012,Northeast,77095.49,Year,Y,Certified
EZYV6620,Asia,High School,N,Y,4434,2007,Midwest,110752.39,Year,Y,Denied
EZYV8519,Asia,Master's,Y,N,824,1993,Northeast,68602.48,Year,N,Certified
EZYV5783,Asia,Bachelor's,N,Y,443,2011,West,112125.72,Year,Y,Certified
EZYV19156,South America,High School,N,N,1360,2007,Northeast,129845.83,Year,N,Denied
EZYV4003,Asia,High School,N,Y,549,2005,West,92490.04,Year,Y,Denied
EZYV24757,North America,Bachelor's,Y,N,3145,1949,Northeast,248.0932,Hour,Y,Denied
EZYV21815,Asia,Master's,N,Y,6633,1990,South,100266.13,Year,Y,Denied
EZYV14342,Asia,High School,Y,N,2267,2001,South,50043.22,Year,Y,Denied
EZYV6762,Asia,Master's,N,N,1880,1858,Northeast,7122.31,Year,Y,Certified
EZYV24750,Europe,Doctorate,N,N,3163,1852,West,54945.2,Year,Y,Certified
EZYV11315,Asia,Bachelor's,N,N,2393,1982,Northeast,66989.76,Year,N,Denied
EZYV12048,Asia,Master's,N,Y,1086,1911,South,99705.27,Year,Y,Certified
EZYV23283,South America,Master's,N,N,1188,1979,South,76416.01,Year,Y,Denied
EZYV16613,Asia,Bachelor's,Y,N,3160,1981,South,102886.62,Week,Y,Denied
EZYV2646,Asia,Master's,N,N,3898,2011,Northeast,103843.63,Year,N,Denied
EZYV11403,Asia,Bachelor's,Y,N,3051,2001,West,63904.2,Year,Y,Certified
EZYV14725,North America,Bachelor's,N,N,2340,2013,West,80371.94,Year,Y,Denied
EZYV10957,Asia,Bachelor's,Y,N,2732,2001,West,466.4959,Hour,Y,Denied
EZYV20134,Asia,Master's,N,N,3951,1962,Midwest,46719.75,Year,Y,Denied
EZYV17471,North America,High School,N,N,1938,2010,Northeast,88249.78,Year,Y,Denied
EZYV16510,Asia,Bachelor's,N,N,501,2005,Northeast,94438.64,Year,N,Denied
EZYV2987,Asia,Master's,N,N,5081,1947,South,182206.85,Year,Y,Denied
EZYV4977,Asia,Master's,Y,N,618,1939,Midwest,116585.34,Year,Y,Certified
EZYV13124,North America,High School,Y,N,2096,1856,Midwest,42419.85,Year,Y,Denied
EZYV14171,North America,Doctorate,N,Y,729,2007,West,239880.69,Year,Y,Denied
EZYV23302,Asia,High School,Y,N,32,2001,Northeast,65782.69,Year,Y,Denied
EZYV3878,South America,Bachelor's,Y,N,3892,2000,West,94660.35,Year,Y,Denied
EZYV6813,Asia,Master's,Y,N,2627,1978,Midwest,78053.33,Year,Y,Certified
EZYV23160,Asia,High School,Y,N,1908,1999,West,45240.97,Year,Y,Denied
EZYV14427,Asia,Master's,Y,N,2025,1996,South,45188.9,Year,N,Certified
EZYV20480,Asia,Bachelor's,N,N,905,2013,South,114755.59,Year,Y,Denied
EZYV5165,Asia,Master's,Y,N,23703,1993,West,76732.4,Year,Y,Certified
EZYV794,Asia,Master's,Y,N,4005,2008,Northeast,87966.47,Year,Y,Certified
EZYV21869,Oceania,Doctorate,Y,N,1150,1982,Midwest,42288.06,Year,Y,Certified
EZYV20128,Europe,Bachelor's,Y,N,5209,2004,West,99258.63,Year,Y,Certified
EZYV9583,Europe,Master's,Y,N,2811,1991,Island,60039.15,Year,Y,Certified
EZYV19011,Asia,High School,N,N,1659,2001,Northeast,40192.77,Year,Y,Certified
EZYV11657,North America,Bachelor's,Y,N,3631,2011,South,661.0799,Hour,Y,Certified
EZYV13064,Asia,Bachelor's,N,N,964,1983,Midwest,177367.55,Year,Y,Certified
EZYV7314,Asia,Master's,Y,N,3895,1904,West,20532.7,Year,Y,Certified
EZYV9446,North America,Bachelor's,N,N,724,1970,Northeast,14319.02,Year,Y,Certified
EZYV19555,Africa,Master's,Y,N,4016,1854,West,123783.66,Year,Y,Certified
EZYV25189,Asia,Doctorate,N,N,2693,1996,Northeast,73202.11,Year,Y,Certified
EZYV1174,North America,Master's,N,N,533,1998,West,660.6679,Hour,Y,Denied
EZYV3020,Asia,Master's,N,N,638,1994,South,76818.46,Year,Y,Denied
EZYV20296,Asia,Master's,Y,N,2639,1998,Northeast,880.075,Hour,Y,Denied
EZYV3460,Asia,Bachelor's,Y,N,2070,2001,Northeast,11.4473,Hour,Y,Certified
EZYV14169,Asia,High School,Y,N,2872,2010,South,110859.54,Year,Y,Denied
EZYV4116,Europe,Master's,Y,N,397,2002,Northeast,149.58,Hour,Y,Certified
EZYV4104,Asia,Bachelor's,Y,N,1601,1996,Midwest,113.49,Hour,Y,Denied
EZYV17428,South America,Master's,Y,Y,47616,2010,Northeast,82797.0,Year,Y,Certified
EZYV5573,Asia,Master's,Y,N,1721,1998,Northeast,70222.55,Year,N,Certified
EZYV3730,Asia,Master's,N,N,3874,1960,West,6801.63,Year,Y,Denied
EZYV15563,Asia,Bachelor's,Y,N,4678,2001,Northeast,68330.23,Year,Y,Certified
EZYV12044,Asia,Master's,N,N,587,1984,Northeast,45229.64,Year,Y,Denied
EZYV9607,Asia,Bachelor's,N,N,20,2005,Midwest,102974.4,Year,Y,Certified
EZYV20294,South America,Bachelor's,Y,N,879,1905,South,896.7055,Hour,Y,Certified
EZYV4880,Asia,Bachelor's,N,N,811,1996,Northeast,60083.69,Year,Y,Denied
EZYV20954,Asia,Bachelor's,Y,N,342,1998,South,122131.77,Year,N,Certified
EZYV15014,Asia,Doctorate,Y,N,541,2001,Northeast,7423.02,Year,Y,Certified
EZYV24703,Asia,Bachelor's,N,N,1566,1929,South,113.236,Hour,Y,Denied
EZYV25000,Europe,Bachelor's,N,Y,630,1998,West,6315.57,Year,Y,Certified
EZYV15760,Africa,Master's,Y,N,2531,1897,South,63212.28,Year,N,Certified
EZYV9563,Asia,High School,Y,N,30662,2013,Northeast,64684.95,Year,Y,Denied
EZYV24032,Asia,Bachelor's,N,N,2138,2000,Midwest,96660.29,Year,Y,Certified
EZYV22424,Asia,Bachelor's,Y,N,1691,2000,South,74966.28,Year,Y,Certified
EZYV24950,Asia,Master's,N,N,3029,2011,South,97359.62,Year,N,Certified
EZYV7890,Asia,Master's,Y,N,236,1998,Northeast,104491.79,Year,Y,Certified
EZYV5083,Asia,Bachelor's,Y,Y,1865,1865,Northeast,69111.47,Year,Y,Certified
EZYV19876,Asia,Bachelor's,N,N,566,1963,Midwest,177017.66,Year,Y,Certified
EZYV12617,Asia,Master's,N,N,2609,1989,Northeast,3078.37,Month,Y,Denied
EZYV15076,Asia,High School,Y,N,403,2003,Midwest,94323.04,Year,Y,Denied
EZYV11947,Asia,Bachelor's,Y,N,8441,1987,South,25100.45,Year,Y,Denied
EZYV24064,Asia,Bachelor's,Y,N,3962,2001,West,120954.87,Year,Y,Certified
EZYV3062,Asia,Master's,Y,N,2929,2007,Midwest,61089.41,Year,Y,Certified
EZYV21943,Asia,Bachelor's,Y,N,2203,2006,West,439.6214,Hour,Y,Denied
EZYV2821,Asia,Bachelor's,N,N,3455,1999,West,139463.72,Year,Y,Denied
EZYV17848,Asia,Master's,Y,N,1010,2006,Midwest,89426.72,Year,Y,Certified
EZYV1248,North America,Master's,Y,N,548,2005,Northeast,130181.59,Year,Y,Certified
EZYV3036,North America,Bachelor's,Y,N,1383,2000,Northeast,77.4976,Hour,Y,Denied
EZYV18713,Asia,Master's,Y,N,2516,1997,Northeast,71782.14,Year,Y,Certified
EZYV9749,Asia,Bachelor's,Y,N,1792,2001,Northeast,74030.93,Year,Y,Denied
EZYV11033,Asia,Bachelor's,N,N,886,1993,Midwest,637.4872,Hour,Y,Certified
EZYV21515,North America,Bachelor's,N,N,3880,2010,Northeast,116002.76,Year,Y,Certified
EZYV4923,Asia,Master's,Y,N,1903,1981,South,92440.74,Year,Y,Certified
EZYV9435,Asia,High School,Y,N,2034,1834,Northeast,82125.69,Year,N,Denied
EZYV6260,Asia,Bachelor's,N,N,859,1890,West,111802.68,Year,Y,Certified
EZYV10982,Europe,Bachelor's,Y,N,91,2011,Northeast,55521.05,Year,Y,Certified
EZYV10112,Asia,Master's,N,N,2280,1977,West,16.0596,Hour,Y,Certified
EZYV23027,Europe,Master's,Y,N,1649,2000,South,112574.46,Year,N,Certified
EZYV3305,Europe,Bachelor's,Y,N,2147,2016,Northeast,172687.53,Week,Y,Certified
EZYV8514,Asia,Master's,Y,N,3162,2008,Northeast,107395.57,Year,N,Certified
EZYV23148,Asia,Bachelor's,Y,N,2936,1983,Northeast,324.9582,Hour,Y,Certified
EZYV10483,Asia,Bachelor's,N,Y,791,1855,South,78152.18,Year,Y,Certified
EZYV17635,Asia,Master's,Y,N,2565,1956,Northeast,42539.3,Year,N,Denied
EZYV15664,Europe,Master's,N,N,4223,1984,West,69104.39,Year,Y,Certified
EZYV15707,Asia,Master's,Y,N,3157,2006,Midwest,54937.54,Year,Y,Certified
EZYV10633,Asia,Bachelor's,N,N,3353,1992,West,123.42,Hour,Y,Denied
EZYV15337,Europe,Bachelor's,N,Y,1458,2003,Northeast,117752.53,Year,Y,Certified
EZYV8466,Asia,Master's,Y,N,94579,2004,Midwest,188121.77,Year,Y,Certified
EZYV17017,North America,Bachelor's,N,N,1948,2008,West,117952.57,Year,Y,Certified
EZYV16091,Asia,Doctorate,Y,N,1033,1990,Northeast,51030.28,Year,Y,Certified
EZYV5687,Asia,Bachelor's,Y,N,1311,2002,West,38870.56,Year,Y,Certified
EZYV24012,Europe,Doctorate,Y,N,1455,2004,South,50288.46,Year,Y,Certified
EZYV25010,Asia,Bachelor's,Y,N,576,2006,Northeast,121369.96,Year,Y,Certified
EZYV14549,North America,Master's,N,N,21636,2013,Island,129776.33,Year,Y,Denied
EZYV10755,Asia,Bachelor's,N,N,4432,1947,South,64360.03,Year,Y,Denied
EZYV2415,Asia,Master's,N,N,2686,2000,Midwest,234012.11,Year,Y,Certified
EZYV8601,Asia,Master's,Y,N,955,2008,Midwest,63056.44,Year,Y,Certified
EZYV7492,Asia,Bachelor's,Y,N,72,1840,South,40830.05,Year,Y,Certified
EZYV21556,Asia,Master's,Y,N,92290,2002,Midwest,126224.41,Year,Y,Certified
EZYV21278,North America,Bachelor's,Y,N,2817,1876,West,110339.19,Year,Y,Certified
EZYV17353,Asia,Bachelor's,Y,N,1355,2013,West,37220.87,Year,Y,Certified
EZYV9539,Asia,Master's,Y,Y,1601,2013,South,107378.98,Year,Y,Certified
EZYV19826,Africa,Master's,Y,N,1054,1960,Midwest,99864.15,Year,Y,Certified
EZYV8135,Asia,High School,Y,N,1797,1948,Northeast,76366.63,Year,Y,Denied
EZYV24226,Asia,Master's,Y,N,913,1838,Midwest,428.4407,Hour,Y,Denied
EZYV22687,Asia,Master's,N,N,5050,1992,South,140071.67,Year,N,Denied
EZYV16925,Europe,Bachelor's,N,N,110149,1995,West,97822.82,Year,Y,Certified
EZYV141,Asia,Master's,N,N,4390,1944,South,88720.29,Year,N,Certified
EZYV3266,North America,Bachelor's,Y,N,840,1997,South,564.7043,Hour,Y,Denied
EZYV18367,Asia,Bachelor's,N,N,3011,2001,Northeast,62170.82,Year,N,Denied
EZYV23331,Asia,Master's,N,N,4312,1838,Midwest,94706.17,Year,Y,Certified
EZYV20616,Europe,Master's,Y,N,2581,1999,West,34476.22,Year,Y,Certified
EZYV17384,Africa,Master's,N,N,867,1965,South,286.8984,Hour,Y,Certified
EZYV22107,Asia,Bachelor's,N,N,2652,1956,West,154893.4,Year,Y,Certified
EZYV4870,Asia,High School,Y,N,61,1997,Midwest,34377.42,Year,Y,Denied
EZYV15286,Asia,High School,N,N,3941,1999,Northeast,23722.89,Year,Y,Denied
EZYV7788,South America,Bachelor's,Y,N,5270,2007,West,46459.91,Year,Y,Certified
EZYV11858,Asia,Master's,N,N,2189,2005,Midwest,136362.84,Year,Y,Certified
EZYV22587,Asia,Doctorate,N,N,3632,1929,West,1854.45,Year,N,Denied
EZYV7647,Europe,Bachelor's,Y,N,4502,1886,Northeast,18705.34,Year,Y,Certified
EZYV14591,North America,Master's,Y,N,4812,1974,West,46697.95,Year,Y,Certified
EZYV4113,Asia,Bachelor's,N,Y,564,1994,West,93226.35,Year,Y,Denied
EZYV7118,Asia,Bachelor's,N,N,4862,1949,Northeast,69426.04,Year,Y,Denied
EZYV10505,North America,Master's,Y,N,876,2003,Northeast,266110.44,Year,Y,Denied
EZYV4887,Asia,Bachelor's,N,N,1036,2011,South,75077.1,Year,Y,Denied
EZYV1588,Asia,Bachelor's,Y,N,718,2000,Northeast,49247.1,Month,Y,Certified
EZYV8636,Asia,High School,Y,N,189,2005,South,73543.35,Year,Y,Denied
EZYV3634,North America,High School,Y,N,79838,2005,Northeast,133646.94,Year,N,Certified
EZYV10467,Asia,Doctorate,Y,N,3333,2007,Northeast,5521.0,Year,Y,Certified
EZYV9166,Asia,Master's,Y,N,688,2012,Northeast,60385.59,Year,Y,Certified
EZYV14680,Asia,Bachelor's,Y,N,3937,1912,Northeast,185874.1,Year,Y,Denied
EZYV4348,Asia,High School,N,N,2740,2011,Midwest,80350.45,Year,Y,Denied
EZYV22482,Asia,Bachelor's,Y,N,2703,1992,Midwest,107354.97,Year,Y,Certified
EZYV23595,Asia,High School,Y,N,2327,1946,Northeast,39608.24,Year,Y,Certified
EZYV5183,Africa,Master's,Y,N,4713,1887,Northeast,109744.09,Year,Y,Certified
EZYV17489,Asia,Master's,N,N,221,2006,West,97077.33,Year,Y,Denied
EZYV3083,Europe,Bachelor's,N,N,3605,2006,West,120965.82,Year,Y,Certified
EZYV15568,Asia,Master's,N,N,2914,2001,Northeast,120829.02,Year,Y,Denied
EZYV11405,South America,Bachelor's,N,N,2512,2010,Midwest,86152.4,Year,Y,Certified
EZYV17209,Asia,Bachelor's,Y,N,798,1940,West,22173.65,Year,Y,Denied
EZYV11692,Asia,High School,N,N,3348,2001,Midwest,515.4567,Hour,Y,Denied
EZYV1243,Asia,Bachelor's,Y,N,18049,1996,West,518.0265,Hour,Y,Certified
EZYV11723,North America,Master's,Y,N,18489,2003,Northeast,83878.52,Year,N,Certified
EZYV1982,Asia,Master's,Y,N,4743,2014,South,67881.59,Year,Y,Certified
EZYV24842,Europe,Bachelor's,Y,N,2998,2000,South,13358.8,Year,Y,Denied
EZYV5796,Asia,Master's,Y,N,4918,2003,West,78424.77,Year,Y,Certified
EZYV24782,Asia,Bachelor's,Y,N,837,1997,Northeast,242347.14,Year,Y,Certified
EZYV22655,Asia,Bachelor's,N,N,759,2008,Northeast,144512.37,Year,N,Denied
EZYV20574,Europe,Doctorate,Y,Y,875,1996,Northeast,17855.89,Year,Y,Denied
EZYV21083,Asia,Bachelor's,N,N,310,1864,Midwest,37325.28,Year,Y,Certified
EZYV8901,Asia,Master's,Y,N,786,1983,South,49440.91,Year,Y,Certified
EZYV2721,Europe,Master's,N,Y,1367,1969,South,172744.86,Year,Y,Certified
EZYV14525,Asia,Master's,Y,N,1104,1909,Northeast,86242.29,Year,Y,Certified
EZYV6009,Asia,Master's,Y,N,3082,1990,Midwest,97471.62,Year,Y,Certified
EZYV24951,Asia,Doctorate,N,N,2122,2013,Midwest,115184.46,Year,Y,Certified
EZYV16256,Asia,Master's,Y,N,863,2001,West,58404.72,Year,Y,Certified
EZYV7025,Asia,High School,N,N,656,1978,Northeast,40732.54,Year,Y,Denied
EZYV24291,Asia,Bachelor's,N,N,4829,1988,Midwest,79886.48,Year,Y,Certified
EZYV21714,Asia,Bachelor's,N,N,2080,1819,Northeast,444.9515,Hour,Y,Certified
EZYV10107,Asia,Bachelor's,N,N,1018,2006,Northeast,10595.4,Year,N,Denied
EZYV23349,Asia,Master's,N,N,768,2006,Midwest,54510.79,Year,Y,Certified
EZYV17182,Asia,Bachelor's,Y,N,363,2009,Midwest,1552.9,Year,Y,Certified
EZYV4889,Asia,Bachelor's,Y,N,2305,2003,West,10799.71,Year,Y,Denied
EZYV7735,North America,Bachelor's,N,N,1752,1986,South,42808.77,Year,Y,Certified
EZYV9856,Asia,Bachelor's,Y,N,1488,2011,West,105597.25,Year,Y,Certified
EZYV23376,Asia,Bachelor's,N,N,1674,1838,Northeast,254157.54,Year,N,Denied
EZYV3709,Asia,Master's,N,N,92520,2008,Midwest,94423.87,Year,Y,Denied
EZYV1600,Asia,Bachelor's,N,N,917,2002,West,206060.69,Year,Y,Denied
EZYV5097,Asia,Master's,Y,N,1785,1997,West,115862.08,Year,Y,Certified
EZYV12387,Asia,Master's,Y,N,29163,1999,Northeast,136271.3,Year,Y,Certified
EZYV20230,Europe,Bachelor's,N,N,124,1996,West,15854.64,Year,Y,Certified
EZYV5037,Asia,Doctorate,Y,N,2536,1993,West,36556.75,Year,Y,Certified
EZYV3163,Europe,Master's,N,N,2353,1949,West,179791.79,Year,N,Certified
EZYV15513,North America,Bachelor's,Y,N,2874,2004,Midwest,226669.55,Year,Y,Certified
EZYV19515,Asia,Bachelor's,Y,N,2443,1998,Midwest,11595.22,Year,Y,Denied
EZYV3294,Asia,Doctorate,N,N,68241,1985,West,172382.79,Year,Y,Denied
EZYV97,North America,Bachelor's,Y,N,2573,1977,Northeast,91449.62,Year,Y,Denied
EZYV21380,Asia,Bachelor's,Y,N,607,1843,Midwest,117592.17,Year,Y,Denied
EZYV8676,North America,High School,Y,N,890,1889,West,37043.23,Year,Y,Certified
EZYV7375,Asia,Master's,N,N,2398,1852,South,255626.72,Year,N,Certified
EZYV23171,Asia,Bachelor's,Y,N,3617,1991,South,35862.09,Year,Y,Certified
EZYV17302,North America,High School,N,N,1870,1946,Northeast,787.1327,Hour,Y,Certified
EZYV6909,South America,Master's,Y,N,3623,1838,Northeast,14104.7,Year,Y,Certified
EZYV21579,Asia,Master's,N,N,2063,2007,Midwest,137906.41,Year,Y,Certified
EZYV11114,Asia,Master's,Y,N,3723,1920,Northeast,31395.42,Year,Y,Certified
EZYV21597,Asia,Bachelor's,N,N,2775,2013,West,83055.08,Year,Y,Denied
EZYV10398,Asia,High School,N,N,849,1902,South,116249.97,Year,Y,Denied
EZYV13794,Asia,High School,Y,N,2102,1897,Midwest,117239.43,Year,Y,Denied
EZYV17379,North America,Master's,N,N,127,1991,South,123.2997,Hour,Y,Denied
EZYV14978,Asia,Master's,Y,N,4265,1962,South,72826.87,Year,Y,Certified
EZYV19131,Europe,Bachelor's,N,Y,2612,1999,South,18762.69,Year,Y,Certified
EZYV19285,Asia,Bachelor's,Y,N,3059,2004,Northeast,95137.81,Year,N,Certified
EZYV7190,North America,Bachelor's,Y,N,6631,1993,West,42608.5,Year,Y,Certified
EZYV18683,Asia,Doctorate,N,N,2027,2008,South,69154.72,Year,Y,Denied
EZYV17280,Asia,Master's,Y,N,150,2013,South,58578.32,Year,Y,Certified
EZYV16167,Asia,High School,N,N,1060,1999,Midwest,134226.72,Year,Y,Certified
EZYV17519,Asia,High School,Y,N,40,1994,South,161411.87,Year,Y,Denied
EZYV5771,Asia,Bachelor's,Y,N,2624,2013,Northeast,29350.94,Year,Y,Certified
EZYV11205,Asia,Master's,Y,N,3924,1991,South,58411.82,Year,Y,Certified
EZYV1782,Asia,High School,Y,N,1305,2001,Midwest,44049.49,Year,Y,Certified
EZYV350,Asia,Master's,Y,N,3213,1924,Midwest,23272.21,Year,Y,Certified
EZYV5582,Asia,Bachelor's,Y,N,2399,1892,Northeast,110296.17,Year,Y,Denied
EZYV17897,North America,Doctorate,N,N,12664,1983,Northeast,190.2601,Hour,Y,Denied
EZYV7532,Asia,Master's,N,Y,927,1974,Northeast,64357.58,Year,Y,Certified
EZYV22886,Asia,High School,N,N,1964,1990,Midwest,173575.1,Year,Y,Certified
EZYV17488,North America,Bachelor's,N,N,1665,2005,South,98544.99,Year,Y,Denied
EZYV16479,Asia,Master's,Y,N,1029,1998,Northeast,81421.33,Year,Y,Denied
EZYV4056,Asia,Master's,N,Y,1394,1997,South,7635.99,Year,Y,Denied
EZYV20605,North America,Doctorate,N,N,944,2003,Northeast,46165.08,Year,Y,Denied
EZYV11047,Asia,Doctorate,N,N,563,1984,Northeast,11828.57,Year,Y,Certified
EZYV18067,Europe,Doctorate,Y,N,1386,1974,South,65786.82,Year,Y,Certified
EZYV4529,North America,Master's,N,N,5069,1998,Midwest,59368.0,Year,N,Denied
EZYV9727,Asia,Master's,Y,N,3315,1984,Northeast,128264.12,Year,Y,Certified
EZYV3610,Asia,Bachelor's,Y,N,4079,2008,Midwest,115514.03,Year,N,Certified
EZYV15163,Africa,Master's,Y,N,209441,2009,Midwest,129065.47,Year,Y,Certified
EZYV22075,Asia,Master's,Y,Y,1737,2004,Midwest,33295.61,Year,Y,Certified
EZYV4248,Asia,Master's,Y,N,2442,1998,South,194381.79,Year,N,Certified
EZYV3510,Europe,High School,Y,N,181,1974,Midwest,3563.83,Year,Y,Denied
EZYV4380,Asia,Master's,Y,N,18,2000,Midwest,15064.83,Year,Y,Certified
EZYV19426,North America,Bachelor's,Y,N,2051,2004,Northeast,5.1868,Hour,Y,Denied
EZYV16117,Asia,Bachelor's,Y,N,559,1919,Midwest,98786.62,Year,Y,Certified
EZYV25037,Europe,Bachelor's,Y,N,1045,2009,Northeast,236625.64,Year,Y,Certified
EZYV10432,Asia,Bachelor's,N,N,3573,1899,Northeast,307.9049,Hour,Y,Certified
EZYV16062,Asia,Master's,N,N,1480,1917,Midwest,120147.94,Year,N,Certified
EZYV10549,Asia,Bachelor's,N,N,3642,1981,West,51576.13,Year,Y,Denied
EZYV20710,Asia,Bachelor's,Y,Y,1362,1997,West,51710.81,Year,Y,Certified
EZYV7602,Europe,Master's,N,N,4057,2001,West,35070.04,Year,Y,Certified
EZYV20108,Asia,Bachelor's,Y,N,3366,2001,South,30295.85,Year,Y,Certified
EZYV20715,Asia,Master's,N,N,3889,2007,Midwest,70777.05,Year,Y,Denied
EZYV4735,Asia,Master's,N,N,661,1887,Northeast,441.5777,Hour,Y,Certified
EZYV3242,Europe,Master's,N,Y,310,1985,West,94707.92,Year,Y,Certified
EZYV21643,Asia,Master's,Y,N,5369,2009,Northeast,43615.1,Year,Y,Certified
EZYV10534,Asia,Bachelor's,N,N,3630,2003,South,292.0427,Hour,Y,Denied
EZYV18844,Asia,Bachelor's,Y,N,3900,2010,Midwest,114683.22,Year,Y,Denied
EZYV8415,Asia,Bachelor's,Y,N,484,1877,South,106315.4,Year,Y,Certified
EZYV24219,Asia,Bachelor's,N,Y,775,1984,Northeast,90028.18,Year,Y,Certified
EZYV14265,Asia,Bachelor's,Y,N,1154,2007,West,80529.96,Year,Y,Certified
EZYV3792,North America,Bachelor's,N,Y,4275,1919,West,3673.32,Year,Y,Denied
EZYV17118,North America,High School,Y,N,434,2010,Northeast,55380.57,Year,Y,Denied
EZYV4556,South America,Bachelor's,N,N,3285,1997,West,2530.09,Year,Y,Denied
EZYV24342,Africa,Master's,Y,N,1330,1977,West,55933.19,Year,Y,Certified
EZYV12384,Asia,High School,Y,N,3102,1981,West,90142.33,Year,Y,Denied
EZYV13692,North America,Bachelor's,N,N,940,2013,South,108881.03,Year,Y,Certified
EZYV19892,Europe,Bachelor's,Y,N,1331,1963,West,40726.46,Year,Y,Certified
EZYV24711,Asia,Bachelor's,N,N,3054,2000,Midwest,30192.01,Year,Y,Denied
EZYV17083,Europe,Master's,Y,N,3530,2009,Northeast,2187.88,Year,Y,Certified
EZYV7278,Asia,Master's,Y,N,897,2002,Midwest,85842.62,Year,Y,Certified
EZYV23315,Asia,Bachelor's,N,Y,4474,2001,South,35995.5,Year,Y,Certified
EZYV4185,Asia,Master's,Y,N,28059,2006,Northeast,73977.98,Year,Y,Certified
EZYV8925,Asia,Master's,Y,N,4347,1960,South,115786.98,Year,Y,Certified
EZYV11618,Asia,High School,Y,N,5749,1997,Northeast,46591.17,Year,Y,Denied
EZYV3554,Asia,Bachelor's,N,N,213,1962,Midwest,63907.73,Year,Y,Denied
EZYV8824,Asia,Doctorate,N,Y,1458,1998,West,36330.54,Year,Y,Certified
EZYV21874,Asia,Bachelor's,N,N,3012,2000,Midwest,114356.11,Year,Y,Denied
EZYV13090,Europe,Doctorate,Y,N,2688,2004,West,11831.65,Year,Y,Certified
EZYV12997,Asia,Bachelor's,N,N,414,2015,West,896.7473,Hour,Y,Denied
EZYV9710,Europe,High School,Y,N,2169,1930,Northeast,60515.18,Year,Y,Denied
EZYV8689,Asia,High School,Y,N,1727,1957,Midwest,45573.35,Year,Y,Denied
EZYV22796,Asia,Doctorate,Y,N,2668,2009,Island,83225.58,Year,Y,Certified
EZYV5478,North America,Doctorate,N,Y,34346,2000,South,72665.49,Year,Y,Certified
EZYV208,Asia,High School,N,N,1190,2003,South,82464.74,Year,Y,Certified
EZYV19559,Asia,Master's,Y,N,3997,1970,Northeast,129436.25,Year,N,Denied
EZYV21201,Europe,Doctorate,N,N,4689,2003,West,198146.37,Year,Y,Certified
EZYV18292,Asia,Bachelor's,Y,N,1451,1939,West,133750.85,Year,Y,Certified
EZYV18076,Asia,High School,Y,Y,889,1999,Midwest,70095.25,Year,Y,Certified
EZYV19935,Asia,Master's,N,N,834,1856,Northeast,104397.09,Year,N,Certified
EZYV19323,Asia,Master's,Y,N,3887,2012,West,6049.16,Year,Y,Certified
EZYV2803,Europe,Bachelor's,N,Y,1113,1954,South,15197.7,Year,Y,Certified
EZYV20820,Asia,Bachelor's,Y,Y,4224,1994,Northeast,219968.65,Year,Y,Certified
EZYV18304,Asia,Bachelor's,Y,N,2296,2009,Northeast,42066.8,Year,Y,Certified
EZYV5223,Asia,Bachelor's,Y,N,29938,1974,West,81928.56,Year,Y,Certified
EZYV10652,Europe,Bachelor's,Y,N,3368,1952,South,89178.76,Year,Y,Denied
EZYV2636,Asia,Bachelor's,N,N,4083,2006,West,18819.3,Year,Y,Denied
EZYV19874,North America,Bachelor's,Y,N,1681,1977,South,782.8119,Hour,Y,Certified
EZYV7658,Asia,Bachelor's,N,N,1398,1979,Northeast,142025.32,Year,Y,Denied
EZYV22639,Asia,Bachelor's,N,N,2099,1986,South,40812.58,Year,Y,Denied
EZYV9431,Asia,Master's,Y,N,4450,1997,South,135900.82,Year,Y,Certified
EZYV10448,Asia,Bachelor's,N,N,3960,1870,Northeast,48348.59,Year,Y,Denied
EZYV15499,South America,Bachelor's,Y,N,1799,1965,Northeast,112725.19,Year,Y,Certified
EZYV2872,Europe,Master's,N,N,4463,1885,West,92313.87,Year,Y,Certified
EZYV2675,Asia,Bachelor's,Y,N,865,2006,Northeast,139580.05,Year,Y,Certified
EZYV14560,Oceania,Bachelor's,Y,N,2668,1968,South,103847.91,Year,Y,Certified
EZYV25181,South America,Bachelor's,N,Y,3224,1998,West,61244.66,Year,Y,Certified
EZYV19403,South America,Bachelor's,N,Y,7110,1987,Northeast,100513.57,Year,Y,Denied
EZYV25446,Asia,Bachelor's,Y,N,2642,1890,Northeast,25899.99,Year,Y,Certified
EZYV15070,Asia,Bachelor's,N,N,2190,1978,South,96577.88,Year,Y,Certified
EZYV24186,South America,Bachelor's,Y,N,4304,1968,Midwest,74869.47,Year,Y,Certified
EZYV3296,Asia,Master's,Y,N,985,2007,Northeast,68751.52,Year,Y,Certified
EZYV21345,North America,Bachelor's,N,N,567,2012,Northeast,92547.8,Year,N,Denied
EZYV9241,Asia,Bachelor's,Y,N,4794,1918,South,76802.84,Year,Y,Certified
EZYV15743,Asia,Master's,Y,N,527,2010,Midwest,140753.74,Year,Y,Certified
EZYV19793,Asia,Master's,Y,N,3053,2004,Midwest,112358.6,Year,Y,Certified
EZYV14445,Asia,Doctorate,Y,N,1726,1999,West,62824.31,Year,Y,Certified
EZYV18999,Asia,Master's,Y,N,3837,1994,Midwest,112406.97,Year,Y,Certified
EZYV8997,Europe,Master's,N,N,208,1989,South,121501.32,Year,N,Certified
EZYV15778,Europe,Doctorate,N,N,500,1989,West,61910.96,Year,Y,Certified
EZYV1739,Asia,Master's,N,N,3861,1985,Midwest,66445.59,Year,Y,Certified
EZYV18975,North America,Master's,N,N,38774,2004,Northeast,12435.83,Year,Y,Denied
EZYV20739,Europe,High School,N,N,1554,1969,Midwest,106.07,Hour,Y,Certified
EZYV20129,North America,Bachelor's,N,N,990,2000,South,386.0293,Hour,Y,Denied
EZYV3828,Asia,Bachelor's,Y,N,5262,2005,South,117903.56,Year,N,Certified
EZYV17274,Asia,Master's,N,N,20926,1998,South,133571.69,Year,N,Denied
EZYV8802,Asia,Bachelor's,Y,N,2971,1974,Northeast,114191.88,Year,N,Certified
EZYV11378,North America,Master's,Y,N,3529,2001,West,39639.59,Year,Y,Certified
EZYV2753,Asia,Doctorate,Y,N,455,2000,Northeast,50664.69,Year,Y,Certified
EZYV17704,North America,Master's,N,N,2608,2004,Northeast,61848.74,Year,Y,Certified
EZYV2387,Asia,Master's,Y,N,1042,1979,Northeast,31801.84,Year,Y,Certified
EZYV21365,Asia,Bachelor's,Y,N,5652,1885,Northeast,4903.7,Year,Y,Denied
EZYV14138,Europe,High School,Y,N,2140,1989,West,43600.18,Year,Y,Denied
EZYV2937,Europe,Master's,N,N,224,2003,West,7184.13,Year,Y,Certified
EZYV808,Asia,Master's,Y,N,1602,1916,Northeast,162410.95,Year,N,Certified
EZYV9427,Asia,Master's,N,N,295,2008,West,35077.39,Year,Y,Certified
EZYV21130,Asia,Master's,Y,N,3458,2010,West,54534.07,Year,N,Denied
EZYV18802,Asia,Doctorate,Y,N,54,2001,South,70198.57,Year,Y,Certified
EZYV5617,North America,Bachelor's,Y,N,2994,1993,West,112851.73,Year,Y,Denied
EZYV25351,Asia,Bachelor's,Y,N,2426,2007,Midwest,100051.66,Year,Y,Certified
EZYV10328,Asia,Master's,Y,N,2659,1976,Midwest,110008.57,Year,Y,Certified
EZYV12845,North America,Bachelor's,Y,N,3013,2001,Northeast,48802.45,Year,Y,Certified
EZYV22361,Asia,Master's,Y,N,886,1986,West,23957.76,Year,Y,Denied
EZYV15501,Asia,Master's,N,N,1416,1968,Island,129972.96,Year,N,Certified
EZYV20241,Europe,Master's,Y,N,138797,1996,West,58347.18,Year,Y,Certified
EZYV1152,Asia,Bachelor's,Y,N,2536,2009,West,54769.76,Year,Y,Certified
EZYV12802,Asia,Bachelor's,Y,N,5373,2014,Northeast,4321.56,Year,Y,Certified
EZYV12344,Asia,Bachelor's,Y,N,2268,2013,Island,150660.02,Year,Y,Denied
EZYV23301,Asia,Bachelor's,N,N,3429,1979,South,89820.94,Year,Y,Certified
EZYV22545,Europe,Bachelor's,Y,N,5762,1998,West,2609.42,Year,Y,Certified
EZYV5867,Asia,Bachelor's,Y,N,4691,1950,South,169131.17,Week,Y,Certified
EZYV6066,Asia,High School,Y,N,1080,1995,West,69399.71,Year,Y,Denied
EZYV22941,Asia,Bachelor's,N,Y,352,2015,South,139688.44,Year,Y,Certified
EZYV21026,Asia,Bachelor's,N,N,2149,1995,South,73118.95,Year,Y,Denied
EZYV9848,Asia,Bachelor's,Y,N,1243,1997,Northeast,106814.93,Year,Y,Certified
EZYV12857,North America,Bachelor's,Y,N,2443,1954,Northeast,719.6481,Hour,N,Denied
EZYV11916,Europe,Doctorate,Y,N,3651,1992,Northeast,28497.59,Year,N,Certified
EZYV11799,North America,Master's,N,N,3583,1981,Northeast,50445.24,Year,N,Certified
EZYV11658,Europe,High School,N,N,1061,1855,South,84452.71,Year,Y,Denied
EZYV19520,Asia,Master's,N,Y,6216,2008,South,108685.48,Year,Y,Certified
EZYV11788,Asia,Bachelor's,Y,N,1686,2006,Midwest,140307.69,Year,Y,Certified
EZYV8395,Asia,Master's,Y,N,557,2003,Northeast,15650.94,Year,Y,Certified
EZYV10780,Asia,Bachelor's,Y,N,4208,1896,West,13271.74,Year,Y,Certified
EZYV13551,Asia,Master's,Y,N,3351,1955,South,2503.65,Year,Y,Certified
EZYV9190,Asia,Master's,Y,N,3151,2000,South,130611.92,Year,N,Certified
EZYV6932,Europe,Master's,N,N,2631,2006,Northeast,88684.87,Year,Y,Certified
EZYV13695,Asia,Bachelor's,N,N,2301,1885,Northeast,31652.59,Year,Y,Denied
EZYV13773,Asia,Bachelor's,Y,N,4478,1998,West,92266.26,Year,Y,Certified
EZYV16310,Asia,High School,N,N,1429,1956,West,19831.56,Year,Y,Denied
EZYV5096,North America,Master's,N,N,1983,1985,West,100055.59,Year,N,Certified
EZYV9226,Asia,Master's,Y,N,1704,2008,Northeast,85369.05,Year,Y,Certified
EZYV6906,South America,Bachelor's,Y,N,948,2006,Northeast,24291.5,Year,Y,Denied
EZYV14608,Asia,Bachelor's,N,N,1703,2009,Northeast,26155.85,Year,Y,Certified
EZYV20473,Asia,Doctorate,Y,N,4312,1917,Northeast,25101.43,Year,Y,Certified
EZYV16213,Asia,Bachelor's,N,N,4339,2004,Northeast,93780.3,Year,Y,Certified
EZYV8918,Asia,Master's,N,Y,1851,1999,West,61122.44,Year,Y,Certified
EZYV15399,Asia,Bachelor's,Y,N,659,2005,West,110406.14,Year,Y,Certified
EZYV17196,Asia,Master's,Y,N,5193,2008,Midwest,284220.42,Year,Y,Certified
EZYV4636,Asia,Master's,Y,N,1537,2009,West,85477.04,Year,N,Certified
EZYV24886,Asia,Bachelor's,N,N,2597,1978,South,103717.68,Year,N,Certified
EZYV14775,North America,Master's,N,Y,2261,1998,Midwest,77759.18,Year,Y,Certified
EZYV12568,Asia,Bachelor's,Y,N,3027,1834,Northeast,50017.19,Year,Y,Denied
EZYV16207,North America,High School,Y,Y,1022,2007,South,699.0667,Hour,Y,Denied
EZYV8279,Asia,Master's,Y,N,3575,2005,Northeast,865.0057,Hour,Y,Certified
EZYV17525,North America,Bachelor's,N,N,5586,1850,Northeast,461.6923,Hour,Y,Certified
EZYV20331,Asia,Master's,Y,N,635,2007,South,42786.52,Year,Y,Certified
EZYV14925,North America,Master's,N,N,1528,1989,Northeast,133824.8,Year,N,Certified
EZYV264,Asia,Master's,N,N,2374,2006,Midwest,35760.36,Year,Y,Certified
EZYV251,Asia,Master's,Y,N,4280,2004,Northeast,61147.07,Year,Y,Certified
EZYV7094,Europe,Master's,Y,N,4516,1998,West,10277.3,Year,Y,Certified
EZYV18939,Asia,Bachelor's,N,N,3405,2002,West,68972.06,Year,N,Denied
EZYV22285,Asia,Bachelor's,Y,N,613,2001,West,5291.9,Year,Y,Certified
EZYV14387,Asia,Bachelor's,N,N,4242,1847,South,40641.25,Year,Y,Denied
EZYV5587,North America,Bachelor's,N,Y,433,2014,Midwest,112513.23,Year,Y,Denied
EZYV18335,Europe,Bachelor's,N,Y,1141,1991,South,54645.56,Year,Y,Certified
EZYV8172,Asia,Bachelor's,Y,N,3016,1847,West,52541.66,Year,Y,Certified
EZYV24959,Asia,Master's,Y,N,2768,2004,Midwest,218488.72,Year,N,Certified
EZYV13546,Europe,Master's,Y,N,1116,2006,West,44238.95,Year,Y,Certified
EZYV7898,Asia,Doctorate,N,Y,1392,1968,South,92186.94,Year,Y,Certified
EZYV15508,Asia,Bachelor's,N,Y,622,1858,Northeast,34250.04,Year,Y,Certified
EZYV25283,South America,High School,Y,N,2145,1996,South,13590.39,Year,Y,Denied
EZYV23859,Asia,High School,Y,N,4815,2006,Midwest,210683.5,Year,Y,Certified
EZYV1096,Asia,Bachelor's,N,N,5289,2004,Midwest,218982.83,Year,Y,Certified
EZYV751,Asia,Bachelor's,Y,N,4633,2011,South,23969.45,Year,Y,Certified
EZYV20664,Europe,Bachelor's,N,Y,88622,2012,West,10869.2,Year,Y,Certified
EZYV23899,Europe,Doctorate,N,N,5234,2005,Northeast,60339.14,Year,Y,Certified
EZYV11064,Europe,Bachelor's,N,N,2913,2001,Northeast,10734.79,Year,Y,Denied
EZYV22021,Asia,Bachelor's,Y,N,3127,1999,South,210.9267,Hour,Y,Denied
EZYV14957,Asia,Bachelor's,N,Y,1952,1985,West,77897.74,Year,Y,Certified
EZYV16877,Asia,Master's,N,N,4448,1997,South,66212.41,Year,N,Certified
EZYV7880,Asia,High School,N,Y,4432,1872,South,108025.09,Year,Y,Denied
EZYV17645,Europe,Bachelor's,Y,N,1787,1998,West,112839.76,Year,Y,Certified
EZYV2605,Asia,Bachelor's,Y,N,2300,2006,West,94386.89,Year,Y,Certified
EZYV7846,Asia,Master's,Y,N,6206,2007,West,103316.94,Year,Y,Certified
EZYV18812,Asia,Bachelor's,Y,N,1962,1989,South,40752.67,Year,Y,Denied
EZYV18137,Asia,Doctorate,N,N,1267,2004,Midwest,50147.21,Year,Y,Denied
EZYV10886,Asia,Bachelor's,N,N,2821,1983,Midwest,78559.59,Year,Y,Certified
EZYV19483,Asia,Bachelor's,Y,N,2168,1971,Northeast,10283.24,Year,Y,Certified
EZYV5502,Asia,High School,Y,N,1058,2007,Midwest,98569.04,Year,Y,Denied
EZYV17078,North America,Bachelor's,N,Y,7457,1994,West,111418.62,Year,Y,Denied
EZYV3782,Asia,High School,N,N,121,1920,West,762.0136,Hour,Y,Denied
EZYV11629,Asia,Bachelor's,Y,N,3419,2012,West,109115.07,Year,Y,Denied
EZYV18771,North America,Master's,Y,N,1850,1995,Northeast,97185.12,Year,N,Certified
EZYV4706,Asia,High School,Y,N,112483,2006,Midwest,76117.56,Year,Y,Denied
EZYV12927,North America,Bachelor's,N,N,1224,1997,South,269.8894,Hour,Y,Denied
EZYV16516,Europe,High School,N,Y,2103,1890,West,115326.33,Year,Y,Denied
EZYV323,Asia,Bachelor's,Y,N,3827,1995,South,65376.07,Year,Y,Certified
EZYV15217,Europe,Doctorate,N,N,498,1821,Midwest,28707.16,Year,Y,Certified
EZYV8384,Europe,High School,N,Y,217,1985,West,19038.0,Year,Y,Denied
EZYV7066,North America,Doctorate,N,N,2219,2000,Midwest,89517.71,Year,Y,Certified
EZYV13970,North America,Bachelor's,Y,N,1533,1919,Northeast,205.58,Hour,Y,Certified
EZYV2847,Asia,Master's,Y,N,1700,1998,West,3753.07,Year,Y,Certified
EZYV9808,Asia,Bachelor's,Y,N,860,1992,South,80719.43,Year,Y,Certified
EZYV519,Asia,Bachelor's,N,N,2659,1989,Northeast,572.8227,Hour,N,Denied
EZYV5158,Europe,Bachelor's,Y,N,3974,1838,Northeast,30106.92,Year,Y,Certified
EZYV16365,Asia,Master's,N,N,1751,2004,Midwest,53587.75,Year,Y,Denied
EZYV15556,North America,Bachelor's,Y,N,1024,1937,West,94347.51,Year,N,Certified
EZYV8605,Asia,Master's,Y,N,1892,2010,Northeast,114313.6,Year,N,Certified
EZYV4142,Asia,Master's,N,N,2459,1988,Midwest,119136.85,Year,Y,Denied
EZYV20589,Europe,Bachelor's,Y,N,2810,1998,South,33788.57,Year,Y,Certified
EZYV4960,Europe,Master's,N,N,4190,2015,South,14910.74,Year,Y,Certified
EZYV24999,Asia,High School,Y,N,732,2009,Midwest,89973.37,Year,Y,Certified
EZYV20637,Asia,Bachelor's,N,N,595,2006,South,107210.04,Year,Y,Certified
EZYV15885,Europe,Bachelor's,Y,N,2883,1976,West,15205.33,Year,Y,Certified
EZYV14055,North America,Master's,N,N,2019,1957,West,413.3845,Hour,Y,Denied
EZYV11218,Europe,Bachelor's,N,N,4334,2012,Northeast,25997.89,Year,Y,Certified
EZYV3721,North America,Bachelor's,N,N,1490,2012,Midwest,146216.07,Year,Y,Denied
EZYV14452,Asia,Bachelor's,N,Y,232,2004,South,119524.71,Year,Y,Denied
EZYV20742,Asia,Master's,Y,N,2237,1990,South,109809.15,Year,Y,Certified
EZYV21296,North America,Master's,N,N,4592,2005,South,19782.1,Year,N,Certified
EZYV15724,Europe,Bachelor's,N,N,4143,1995,Northeast,24439.78,Year,Y,Certified
EZYV18416,Asia,High School,Y,N,113,2014,West,33358.93,Week,Y,Denied
EZYV25258,Asia,Master's,Y,N,2357,1881,Midwest,77218.36,Year,Y,Certified
EZYV4314,Asia,Master's,Y,N,709,2006,Northeast,4657.16,Year,Y,Certified
EZYV12370,Asia,Master's,Y,N,3016,2009,Midwest,78720.45,Year,Y,Certified
EZYV16392,Asia,Doctorate,N,N,681,1847,Northeast,91427.38,Year,Y,Certified
EZYV16430,Europe,Master's,N,N,771,2007,Northeast,108.46,Hour,Y,Denied
EZYV15121,Asia,Bachelor's,Y,N,706,1982,Northeast,76842.16,Year,Y,Certified
EZYV5030,Europe,Master's,Y,N,588,1986,West,46022.43,Year,Y,Certified
EZYV2599,Asia,High School,Y,N,21708,2008,South,115528.53,Year,Y,Denied
EZYV4841,Asia,Bachelor's,Y,N,429,1995,Midwest,44986.24,Month,Y,Certified
EZYV17019,Asia,Bachelor's,Y,N,804,2007,South,90012.05,Year,Y,Certified
EZYV21133,Asia,Master's,N,N,3587,2010,South,67091.34,Year,Y,Certified
EZYV156,Asia,Doctorate,Y,Y,3102,2001,West,81781.43,Year,Y,Certified
EZYV17898,Europe,Bachelor's,Y,Y,2186,2007,Northeast,184556.44,Year,Y,Certified
EZYV12445,Asia,Master's,Y,N,5328,2006,Midwest,55597.72,Year,N,Certified
EZYV24584,Asia,Master's,Y,N,5283,2002,Northeast,43214.89,Year,Y,Denied
EZYV15825,North America,Master's,Y,N,1297,2007,Midwest,47997.26,Year,Y,Certified
EZYV13129,Asia,Bachelor's,Y,N,833,1999,South,77936.78,Year,Y,Certified
EZYV16979,Asia,High School,Y,N,606,1993,West,51381.2,Year,Y,Denied
EZYV6685,South America,Master's,Y,Y,4329,1999,Northeast,11492.12,Year,Y,Certified
EZYV517,Asia,Master's,Y,N,358352,2006,South,98124.95,Year,Y,Certified
EZYV19522,Asia,Bachelor's,N,N,1661,1997,South,108596.75,Year,N,Certified
EZYV15406,Asia,Master's,N,N,98,1810,Midwest,68068.25,Year,N,Certified
EZYV1684,Asia,Doctorate,Y,N,1979,2004,Northeast,29140.28,Year,Y,Certified
EZYV3570,Asia,Master's,Y,Y,1318,1908,South,87227.16,Year,Y,Certified
EZYV5520,Asia,Master's,Y,N,2006,1998,South,18977.7,Year,Y,Certified
EZYV20184,Asia,High School,Y,Y,228,1978,South,96606.12,Year,Y,Certified
EZYV6625,Asia,Master's,Y,N,2547,1999,Northeast,123620.16,Year,Y,Certified
EZYV3706,Europe,Master's,Y,N,1137,1989,West,11794.08,Year,Y,Certified
EZYV15405,Oceania,High School,N,N,979,1993,West,50004.29,Year,Y,Denied
EZYV265,Asia,Master's,N,N,4241,1998,Northeast,3456.8,Year,Y,Denied
EZYV18158,Asia,Master's,N,N,44709,2002,Midwest,154543.07,Year,Y,Certified
EZYV4820,Asia,Master's,N,N,162,2009,West,116.75,Hour,Y,Certified
EZYV18457,Asia,Bachelor's,N,N,4757,1983,West,102409.9,Year,Y,Certified
EZYV7445,Asia,Bachelor's,Y,N,3961,2009,South,50246.63,Year,Y,Denied
EZYV22699,Asia,Master's,Y,N,3944,1946,West,75821.36,Year,N,Denied
EZYV2545,Asia,High School,Y,N,1832,2005,South,853.5312,Hour,Y,Certified
EZYV1911,North America,Doctorate,Y,N,376,1926,Northeast,11572.19,Year,Y,Certified
EZYV13259,Asia,Master's,Y,N,2603,1983,Midwest,24022.13,Year,Y,Certified
EZYV14853,Europe,Master's,N,N,3534,2005,Northeast,46710.15,Year,Y,Certified
EZYV12505,Asia,High School,Y,N,3625,1994,South,86772.18,Year,Y,Denied
EZYV15160,Asia,Bachelor's,Y,N,1409,2000,West,47177.01,Year,Y,Denied
EZYV13668,Asia,High School,Y,N,3500,1990,Northeast,39651.53,Year,Y,Denied
EZYV15617,Asia,Bachelor's,Y,N,4148,2003,South,60821.64,Year,Y,Certified
EZYV15721,Asia,High School,N,Y,2536,1998,South,102354.13,Year,Y,Denied
EZYV20478,Asia,Master's,Y,N,22009,2008,Northeast,126351.57,Year,Y,Certified
EZYV16557,Asia,Bachelor's,Y,N,1310,1959,West,92153.74,Year,Y,Certified
EZYV5804,Europe,Doctorate,Y,N,2260,2008,Northeast,82920.32,Year,Y,Certified
EZYV19405,North America,Master's,N,N,5083,2004,Midwest,69795.02,Year,Y,Denied
EZYV21951,Asia,Bachelor's,N,N,3591,2004,West,82386.33,Year,Y,Certified
EZYV9999,North America,High School,N,N,1711,2006,Northeast,116.38,Hour,Y,Denied
EZYV20612,Asia,Master's,Y,N,619,1974,Midwest,63622.48,Year,N,Certified
EZYV20030,Asia,Master's,Y,N,1349,1886,South,42728.42,Year,Y,Certified
EZYV20648,Asia,Bachelor's,N,N,2607,1997,Northeast,39871.62,Year,Y,Certified
EZYV3204,Asia,Master's,Y,N,1454,2010,Northeast,3673.63,Year,Y,Certified
EZYV4999,Asia,Bachelor's,Y,N,3674,2002,South,149020.25,Year,N,Certified
EZYV22135,North America,Bachelor's,Y,N,5134,2000,West,40349.71,Year,Y,Denied
EZYV20026,Asia,Bachelor's,N,N,11072,1932,Northeast,65841.64,Year,Y,Denied
EZYV792,Asia,High School,Y,N,1229,2005,Northeast,143921.58,Year,Y,Denied
EZYV601,Asia,Bachelor's,Y,N,3712,2011,Midwest,35194.51,Year,Y,Certified
EZYV431,Asia,High School,N,N,3282,2003,South,547.5103,Hour,Y,Certified
EZYV11331,Africa,Master's,N,Y,9151,1895,South,80026.48,Year,Y,Certified
EZYV5626,Asia,Bachelor's,N,N,727,2000,West,50149.33,Year,Y,Denied
EZYV13199,Asia,Master's,Y,N,1571,1997,Midwest,123961.78,Year,Y,Certified
EZYV797,Asia,Bachelor's,Y,N,1561,2009,South,108527.79,Year,Y,Certified
EZYV2788,Asia,Bachelor's,N,N,5110,1997,Northeast,42187.88,Year,Y,Denied
EZYV4570,Asia,High School,N,N,2733,2001,South,119529.62,Year,Y,Denied
EZYV3182,Asia,Bachelor's,Y,N,5572,2009,West,21556.66,Year,Y,Certified
EZYV20143,Asia,Master's,N,N,2625,1994,Northeast,11018.75,Year,Y,Certified
EZYV17556,Asia,Bachelor's,Y,N,1566,2006,West,109351.99,Year,Y,Certified
EZYV7672,Asia,Doctorate,N,N,516,2014,West,142048.99,Year,Y,Certified
EZYV4346,Asia,Bachelor's,N,N,1136,1992,Northeast,88404.18,Year,Y,Denied
EZYV17457,Asia,Bachelor's,Y,N,5130,1869,Northeast,19406.81,Year,Y,Denied
EZYV21354,Asia,High School,Y,Y,3222,1999,West,139302.76,Year,Y,Certified
EZYV4831,Asia,Bachelor's,Y,N,1891,2003,Midwest,115415.1,Year,Y,Certified
EZYV4905,Asia,Bachelor's,Y,N,42144,2001,Midwest,137013.83,Year,Y,Certified
EZYV21266,Asia,Bachelor's,N,N,1603,2008,West,16639.36,Year,Y,Certified
EZYV135,Asia,Doctorate,Y,Y,113282,2011,Midwest,164893.0,Year,Y,Certified
EZYV22683,Oceania,Master's,N,N,791,1969,Northeast,24593.35,Year,Y,Denied
EZYV16040,Asia,Master's,N,N,1829,1966,West,124851.97,Year,Y,Denied
EZYV5999,North America,Bachelor's,Y,N,2927,2008,Midwest,133899.9,Year,N,Certified
EZYV16211,Africa,High School,Y,N,4781,2008,West,545.11,Year,Y,Certified
EZYV16257,North America,Bachelor's,Y,N,3241,1993,Northeast,123.15,Hour,Y,Certified
EZYV15614,Asia,Master's,N,N,1151,2001,Midwest,83429.94,Year,N,Certified
EZYV6602,Asia,Bachelor's,Y,N,3672,1946,Northeast,111692.21,Year,Y,Certified
EZYV9101,Asia,High School,N,N,2662,2003,Island,165898.94,Year,Y,Denied
EZYV6228,Asia,Master's,Y,N,926,1997,Midwest,136085.67,Year,Y,Certified
EZYV23824,Asia,Bachelor's,Y,N,1633,2011,West,64602.76,Year,Y,Certified
EZYV10178,Asia,High School,Y,Y,166,1992,South,83432.41,Year,Y,Denied
EZYV22661,North America,Master's,Y,N,2408,1947,West,3688.51,Year,Y,Denied
EZYV2157,Asia,Master's,N,N,7195,1977,South,61862.56,Year,Y,Certified
EZYV22440,Asia,Master's,Y,N,851,1998,South,115358.69,Year,Y,Certified
EZYV9323,Asia,Master's,N,N,1209,1838,South,111.73,Hour,Y,Certified
EZYV1365,North America,Bachelor's,Y,N,2026,1977,West,483.9891,Hour,Y,Denied
EZYV1010,Asia,Bachelor's,N,Y,1708,2011,Midwest,40719.26,Year,Y,Certified
EZYV16218,North America,Master's,N,N,3445,2001,South,135.3,Hour,Y,Denied
EZYV18220,North America,Master's,Y,N,3135,1881,Northeast,82451.79,Year,Y,Certified
EZYV6493,Asia,Bachelor's,Y,N,19660,2005,Northeast,72422.66,Year,Y,Certified
EZYV6562,Asia,Master's,Y,N,3030,1975,South,123654.65,Year,Y,Certified
EZYV9082,Asia,Master's,N,N,301,1968,Midwest,158537.93,Year,Y,Certified
EZYV11185,Asia,Master's,Y,N,755,1912,South,77724.8,Year,Y,Certified
EZYV4174,Europe,High School,Y,N,3199,2008,South,1872.9,Year,Y,Denied
EZYV4967,Asia,Master's,Y,N,2569,1995,Northeast,69586.47,Year,Y,Certified
EZYV24190,Asia,Bachelor's,N,N,1375,1993,West,125345.26,Year,Y,Certified
EZYV9179,Asia,Bachelor's,Y,N,633,1998,West,123194.1,Year,Y,Certified
EZYV3584,Asia,Doctorate,Y,N,2791,1963,West,76578.61,Year,Y,Certified
EZYV12021,Asia,Bachelor's,Y,N,3455,1954,West,86492.72,Year,Y,Certified
EZYV5672,Europe,Doctorate,Y,N,6213,2013,West,54211.12,Year,Y,Certified
EZYV23816,Asia,Master's,N,Y,1411,1884,West,160868.34,Year,Y,Certified
EZYV1192,Asia,High School,Y,N,829,1984,Northeast,58960.93,Year,Y,Denied
EZYV13858,Europe,Bachelor's,Y,Y,2153,2006,South,125115.8,Year,Y,Certified
EZYV21099,Asia,High School,Y,N,763,1995,South,95098.81,Year,Y,Certified
EZYV6879,Asia,High School,Y,N,153,2000,South,38431.19,Year,Y,Denied
EZYV19137,North America,Doctorate,Y,N,2499,1984,West,72778.76,Year,Y,Denied
EZYV3214,Asia,Master's,Y,N,1827,1817,Northeast,122073.41,Year,N,Certified
EZYV23501,Europe,Bachelor's,Y,N,4173,2011,Northeast,92319.23,Year,Y,Certified
EZYV870,North America,Bachelor's,Y,N,616,2001,South,49248.08,Year,Y,Certified
EZYV2581,Asia,Master's,N,N,2527,1998,South,52644.05,Year,Y,Certified
EZYV2439,South America,Master's,Y,Y,2139,1861,West,193048.67,Year,Y,Certified
EZYV19204,Europe,Bachelor's,N,N,1729,1854,South,632.4488,Hour,Y,Denied
EZYV20904,Africa,Master's,N,N,1506,1985,South,57015.82,Year,Y,Denied
EZYV6741,Asia,Bachelor's,Y,N,2341,2011,West,112536.25,Year,N,Certified
EZYV1159,South America,Master's,Y,N,815,1915,West,58311.87,Year,Y,Certified
EZYV12191,Asia,Bachelor's,N,N,132,2002,Northeast,72635.23,Year,Y,Denied
EZYV6453,Asia,Doctorate,N,N,1157,2000,South,68324.71,Year,Y,Certified
EZYV11992,Europe,Bachelor's,Y,N,1640,1973,West,101978.99,Year,Y,Certified
EZYV24157,Asia,Bachelor's,N,N,642,1994,West,142223.08,Year,Y,Certified
EZYV14147,Asia,Bachelor's,N,Y,-26,1954,West,81982.27,Year,Y,Certified
EZYV14716,North America,High School,N,N,590,2009,Northeast,65588.4,Year,N,Denied
EZYV3793,North America,Master's,Y,N,922,1995,Northeast,69244.14,Week,Y,Certified
EZYV24220,North America,Bachelor's,N,N,1290,1890,Northeast,911.0253,Hour,Y,Denied
EZYV10349,North America,Bachelor's,Y,N,1423,1996,South,62512.68,Year,Y,Certified
EZYV16732,Europe,High School,Y,N,3039,1996,South,16084.28,Year,Y,Certified
EZYV12728,North America,Master's,Y,N,2645,2009,Northeast,442.6957,Hour,Y,Certified
EZYV22641,Asia,Master's,Y,N,2417,1954,Northeast,177978.03,Year,Y,Certified
EZYV20211,Asia,Bachelor's,N,N,2317,2003,South,98170.66,Year,Y,Denied
EZYV12998,Asia,Master's,N,N,2583,1993,West,63646.96,Year,Y,Denied
EZYV17016,Asia,Master's,Y,N,533,1863,South,176777.82,Year,Y,Certified
EZYV13319,Asia,Bachelor's,Y,N,3477,1850,Northeast,124550.61,Year,Y,Certified
EZYV2062,Asia,Bachelor's,Y,N,1697,1923,Northeast,85412.05,Year,Y,Certified
EZYV24568,Asia,Master's,N,N,2002,1987,Northeast,170251.95,Year,Y,Denied
EZYV245,Europe,Doctorate,Y,N,1760,1997,South,63108.03,Year,Y,Certified
EZYV4097,Asia,Bachelor's,Y,N,469,1997,Northeast,406.05,Year,Y,Certified
EZYV23907,North America,Bachelor's,Y,N,216,1920,West,28703.15,Year,Y,Certified
EZYV25375,Europe,Bachelor's,Y,N,3368,2004,West,15487.46,Year,Y,Certified
EZYV2323,Asia,Bachelor's,N,N,1316,2006,South,127.5109,Hour,Y,Certified
EZYV12840,Europe,Doctorate,Y,N,4642,1994,South,60897.69,Year,Y,Certified
EZYV9613,Asia,Master's,Y,N,951,1994,West,108976.43,Year,Y,Certified
EZYV3110,North America,Doctorate,N,N,861,1962,West,83531.73,Year,Y,Denied
EZYV20440,North America,Bachelor's,N,N,2232,2013,West,66953.59,Year,Y,Certified
EZYV3368,North America,Master's,Y,N,3554,1976,Midwest,103581.83,Year,Y,Certified
EZYV6231,Asia,Master's,N,N,1693,1970,West,239151.61,Year,N,Certified
EZYV2678,Asia,Bachelor's,Y,N,916,2009,Midwest,139824.33,Year,Y,Certified
EZYV11126,Asia,High School,Y,N,4497,1998,South,39848.02,Year,Y,Denied
EZYV7388,North America,High School,Y,N,601,1993,South,43406.79,Year,Y,Certified
EZYV22584,North America,Bachelor's,Y,N,5939,1985,West,129020.11,Year,Y,Certified
EZYV9715,Asia,Bachelor's,N,N,3648,1976,West,19434.04,Year,Y,Denied
EZYV2473,Asia,Master's,N,Y,4274,1904,Northeast,41774.3,Year,Y,Denied
EZYV13308,Asia,Master's,N,N,3219,2005,Midwest,48657.57,Year,Y,Certified
EZYV6994,Asia,Master's,Y,N,649,2006,Northeast,4144.82,Year,Y,Certified
EZYV9781,Europe,Doctorate,Y,N,157,2006,Northeast,1706.82,Year,Y,Certified
EZYV22822,North America,Bachelor's,Y,N,5582,1999,Northeast,32124.5,Year,Y,Certified
EZYV1784,Asia,Bachelor's,Y,N,3240,1986,Northeast,92964.43,Year,Y,Certified
EZYV5122,Europe,Doctorate,N,N,5344,2006,West,14739.15,Year,Y,Certified
EZYV5366,Europe,Master's,Y,Y,85264,1978,Northeast,70486.66,Year,Y,Certified
EZYV7711,Asia,High School,Y,N,917,1990,Northeast,107636.53,Year,Y,Denied
EZYV3193,South America,High School,N,N,1236,1890,South,329.1874,Hour,Y,Denied
EZYV4025,Asia,Bachelor's,N,N,770,2004,West,142920.03,Year,N,Denied
EZYV269,Asia,Master's,Y,N,3664,1931,West,62950.34,Year,Y,Certified
EZYV4173,Europe,Bachelor's,Y,N,2713,1997,West,56700.74,Year,Y,Certified
EZYV17626,Asia,Master's,N,N,12590,1998,South,297589.88,Year,Y,Certified
EZYV1374,Asia,Master's,Y,N,4899,2006,West,59845.4,Year,Y,Certified
EZYV8022,Europe,Doctorate,N,N,3436,2005,Northeast,47060.98,Year,Y,Certified
EZYV19654,Asia,Bachelor's,Y,N,20,2009,Northeast,60740.18,Year,Y,Denied
EZYV445,Asia,Bachelor's,Y,N,2884,2008,Northeast,114790.58,Year,Y,Certified
EZYV8290,Asia,Bachelor's,Y,N,238,2004,Northeast,12599.57,Year,Y,Denied
EZYV9291,Europe,Bachelor's,Y,N,2446,1914,Northeast,42805.73,Year,Y,Denied
EZYV24755,Asia,High School,N,Y,272,1985,South,15341.79,Year,Y,Certified
EZYV10381,Asia,Master's,Y,N,4319,2001,Northeast,90784.76,Year,Y,Certified
EZYV6076,Asia,Bachelor's,Y,N,232,2007,West,69576.4,Year,Y,Denied
EZYV22928,Asia,Bachelor's,Y,N,2491,2003,Northeast,13410.73,Year,Y,Certified
EZYV3983,Asia,Master's,N,N,3085,2010,Midwest,78514.43,Year,Y,Denied
EZYV7899,Asia,Bachelor's,N,N,1381,2001,West,84119.75,Year,Y,Certified
EZYV19194,Asia,High School,N,N,2744,1977,West,116762.74,Year,Y,Certified
EZYV21169,Asia,Bachelor's,N,N,82,1852,Midwest,70080.79,Year,Y,Certified
EZYV16731,Asia,Bachelor's,Y,N,241,2011,Midwest,129333.24,Year,Y,Certified
EZYV5782,Europe,Doctorate,N,N,2582,2007,South,34323.98,Year,Y,Certified
EZYV14664,Asia,High School,N,N,1502,1987,West,388.4961,Hour,Y,Denied
EZYV22977,North America,Doctorate,N,N,3426,2003,Northeast,109513.82,Year,Y,Certified
EZYV12566,Asia,Bachelor's,N,N,1833,2008,Midwest,75471.74,Year,Y,Certified
EZYV23221,Asia,High School,Y,N,2672,2006,Northeast,146818.59,Year,Y,Certified
EZYV7389,Asia,Bachelor's,Y,N,4094,2002,Midwest,114270.3,Year,Y,Certified
EZYV22145,Asia,Master's,Y,N,1860,2011,Northeast,128986.5,Year,Y,Certified
EZYV11741,Europe,Master's,N,Y,4680,2010,West,9723.73,Year,Y,Certified
EZYV9934,Asia,Bachelor's,Y,N,2264,2007,Northeast,102961.37,Year,Y,Certified
EZYV16142,North America,High School,Y,N,2877,2013,West,83608.9,Year,Y,Certified
EZYV2510,Asia,Bachelor's,Y,N,547,2001,Northeast,135059.99,Year,Y,Certified
EZYV11595,North America,Bachelor's,Y,N,3341,2000,West,21557.85,Year,Y,Certified
EZYV19314,Europe,Bachelor's,N,N,1228,1998,Northeast,42870.14,Year,Y,Certified
EZYV2267,Asia,Master's,N,N,23890,1845,South,155492.23,Year,N,Certified
EZYV10246,Asia,Bachelor's,Y,N,1130,2008,South,73807.43,Year,Y,Certified
EZYV19000,Asia,Master's,N,Y,1755,2007,South,68968.47,Year,Y,Certified
EZYV12522,Asia,Bachelor's,N,N,459,2001,South,89894.87,Year,Y,Denied
EZYV16661,Asia,Master's,N,N,2468,1941,West,118091.93,Year,Y,Certified
EZYV15959,Asia,Bachelor's,N,N,459,1968,West,2712.11,Year,Y,Certified
EZYV13504,North America,Master's,Y,N,97022,1892,Island,94958.94,Year,Y,Denied
EZYV16828,Asia,Master's,N,N,582,1991,Northeast,120471.3,Year,Y,Certified
EZYV5813,Asia,Master's,N,N,1157,1945,West,60498.18,Year,Y,Certified
EZYV22464,Europe,Master's,N,N,401,1968,West,31357.04,Year,Y,Denied
EZYV11477,Asia,Bachelor's,N,Y,616,1998,West,117580.38,Year,Y,Certified
EZYV12900,North America,Master's,N,N,5220,1979,West,257966.97,Year,Y,Denied
EZYV23472,Asia,Master's,N,N,3610,2004,Northeast,185167.96,Year,Y,Certified
EZYV23857,North America,Bachelor's,Y,N,1070,2007,West,77236.81,Year,Y,Denied
EZYV6186,Asia,Doctorate,N,Y,3782,1999,Northeast,83273.78,Year,Y,Certified
EZYV16122,Europe,Bachelor's,N,N,2778,1908,South,63642.68,Year,Y,Denied
EZYV18595,Asia,Master's,Y,N,2094,2008,Midwest,12296.58,Year,Y,Certified
EZYV13034,North America,Doctorate,Y,N,2522,2002,Midwest,23.0599,Hour,Y,Certified
EZYV11017,Asia,Bachelor's,Y,N,5819,2003,Northeast,72190.04,Year,Y,Certified
EZYV10276,Asia,Master's,N,N,11284,2006,Island,74723.67,Year,Y,Certified
EZYV22014,Asia,Bachelor's,Y,N,243,1998,West,62628.49,Week,Y,Certified
EZYV24705,North America,Master's,Y,N,4828,1993,Northeast,33820.42,Year,Y,Certified
EZYV1498,North America,Bachelor's,N,N,2869,1958,Northeast,123285.69,Year,N,Denied
EZYV3301,Asia,Master's,Y,N,2567,2003,West,139915.97,Year,Y,Certified
EZYV8010,Asia,High School,Y,Y,1622,1976,Northeast,44127.86,Year,Y,Denied
EZYV19889,Europe,Master's,Y,N,3543,1984,West,96341.87,Year,Y,Certified
EZYV16942,Asia,Master's,N,N,28704,1998,West,80114.27,Year,Y,Denied
EZYV4486,Asia,Master's,N,N,5029,1994,West,1323.9,Year,Y,Denied
EZYV25236,Africa,Master's,N,N,4456,1982,South,128197.11,Year,Y,Certified
EZYV21523,Asia,Bachelor's,Y,N,3270,2010,West,49390.67,Week,Y,Certified
EZYV19479,Asia,Bachelor's,Y,N,3127,1948,Midwest,47800.32,Year,Y,Denied
EZYV23549,Asia,Bachelor's,Y,N,4047,2005,Northeast,85619.98,Year,Y,Certified
EZYV387,Asia,Doctorate,Y,N,3962,2011,Northeast,73225.28,Year,Y,Certified
EZYV19040,Europe,Doctorate,Y,N,987,2003,South,41977.95,Year,Y,Certified
EZYV14875,Asia,Bachelor's,Y,N,1092,1963,Island,63801.37,Year,Y,Denied
EZYV5349,Europe,Bachelor's,N,Y,3351,1997,South,129184.97,Year,Y,Certified
EZYV22872,Asia,Master's,N,N,934,1977,Midwest,98278.36,Year,Y,Denied
EZYV913,Asia,Bachelor's,Y,N,1217,2008,Midwest,71078.6,Year,N,Certified
EZYV290,Asia,Master's,N,Y,3370,2007,West,42761.33,Year,Y,Denied
EZYV22864,North America,Bachelor's,Y,N,5476,1999,West,16306.1,Year,Y,Certified
EZYV16821,South America,Bachelor's,Y,N,1957,1982,Northeast,337.8539,Hour,Y,Denied
EZYV25166,Asia,Bachelor's,N,Y,791,1999,South,82560.28,Year,Y,Certified
EZYV18951,Asia,Bachelor's,Y,N,765,1992,Midwest,107910.48,Year,Y,Certified
EZYV16996,Asia,Bachelor's,Y,N,4202,1999,South,112151.1,Year,Y,Certified
EZYV7342,Europe,Bachelor's,Y,N,3564,2002,West,16800.98,Year,Y,Certified
EZYV744,Europe,Bachelor's,Y,Y,1154,2010,South,75796.85,Year,Y,Certified
EZYV16488,Asia,Master's,N,N,1758,1996,Midwest,67547.13,Year,Y,Certified
EZYV1607,Asia,High School,Y,N,637,2008,South,56618.81,Year,Y,Certified
EZYV10895,Asia,Bachelor's,N,N,13763,1997,West,101614.83,Year,Y,Denied
EZYV10405,North America,High School,N,N,4910,2000,Northeast,321.8313,Hour,Y,Denied
EZYV10872,Asia,Master's,Y,N,90,2006,Northeast,87806.67,Year,Y,Certified
EZYV17392,Asia,Master's,N,N,2542,2013,South,125127.24,Year,N,Certified
EZYV7816,Asia,High School,N,N,2953,1998,Northeast,253.7458,Hour,Y,Denied
EZYV12376,Asia,High School,N,Y,2353,2002,South,88854.13,Year,Y,Denied
EZYV525,Asia,Bachelor's,Y,N,486,2005,South,82450.68,Year,Y,Certified
EZYV13376,Asia,High School,N,N,2997,2013,Midwest,51805.64,Year,Y,Denied
EZYV4327,Asia,Bachelor's,Y,N,1710,1911,Midwest,46531.67,Year,Y,Certified
EZYV471,Asia,Bachelor's,Y,Y,758,1996,Island,50293.83,Year,Y,Certified
EZYV3772,Europe,High School,Y,Y,2167,2007,West,74543.24,Year,Y,Denied
EZYV12793,Asia,Master's,Y,N,1593,2008,Midwest,43571.61,Year,Y,Certified
EZYV22469,Asia,High School,N,N,2428,2003,South,22836.49,Year,Y,Denied
EZYV4450,Europe,Bachelor's,N,N,4763,1927,West,61881.35,Year,Y,Certified
EZYV23836,Africa,Bachelor's,N,N,2957,2013,West,77857.77,Year,Y,Certified
EZYV24127,Asia,High School,Y,N,926,1992,West,72128.36,Year,Y,Denied
EZYV16280,Asia,High School,Y,N,2480,2000,Northeast,105335.76,Week,Y,Certified
EZYV3902,Europe,Doctorate,N,N,3162,1966,Northeast,30476.29,Year,Y,Certified
EZYV22003,Asia,High School,Y,N,32723,1972,South,107985.54,Year,Y,Certified
EZYV21986,Asia,Master's,N,Y,4794,2003,West,120898.37,Year,Y,Certified
EZYV21837,Asia,Master's,Y,N,3383,2008,South,101681.06,Year,N,Certified
EZYV15880,Asia,Master's,N,N,1209,1885,Northeast,87309.71,Year,Y,Certified
EZYV21933,Africa,Master's,Y,N,143,1944,West,45552.8,Year,Y,Certified
EZYV5038,Asia,Bachelor's,Y,N,2960,1995,Midwest,99734.23,Year,Y,Certified
EZYV2953,Asia,Bachelor's,N,N,405,2005,South,115099.12,Year,Y,Denied
EZYV9774,Asia,Bachelor's,Y,N,2969,1998,West,51498.72,Year,Y,Denied
EZYV18274,South America,Bachelor's,N,Y,677,2003,West,52154.61,Year,Y,Certified
EZYV4616,Europe,Doctorate,Y,N,4373,2008,West,85640.7,Year,Y,Certified
EZYV2648,Asia,Master's,N,N,6084,1997,South,108806.25,Year,Y,Denied
EZYV5935,Asia,Master's,N,N,159,1938,Northeast,9736.73,Year,Y,Certified
EZYV7740,Asia,Bachelor's,N,N,3348,1996,South,36451.65,Year,Y,Certified
EZYV6704,Asia,Master's,N,N,2453,1985,Northeast,150293.34,Year,Y,Certified
EZYV11212,Asia,Bachelor's,Y,N,3235,1872,Midwest,107563.55,Year,Y,Certified
EZYV3650,Asia,Bachelor's,Y,N,5388,2011,South,61535.48,Year,Y,Certified
EZYV2499,Asia,Master's,Y,N,2950,1868,Northeast,124974.58,Year,N,Certified
EZYV13924,Asia,Master's,Y,N,919,2003,South,144998.26,Year,Y,Certified
EZYV3768,Asia,Doctorate,N,Y,393,2006,Northeast,144295.59,Year,Y,Denied
EZYV11977,North America,High School,Y,N,2280,1989,Midwest,77698.31,Year,Y,Denied
EZYV2023,Europe,Doctorate,N,N,4797,2010,West,54713.87,Year,Y,Certified
EZYV7253,Europe,Bachelor's,Y,N,2069,2011,South,127892.96,Year,Y,Certified
EZYV3807,North America,Bachelor's,Y,N,1432,2001,Northeast,50266.11,Year,Y,Certified
EZYV10039,Asia,Master's,N,N,14809,2006,South,88702.29,Year,Y,Certified
EZYV14858,Africa,Master's,N,N,4291,2001,West,5627.66,Year,Y,Certified
EZYV8932,Asia,Bachelor's,Y,N,1832,2001,West,83050.2,Year,Y,Denied
EZYV16552,Asia,Bachelor's,Y,N,2378,2003,West,55999.63,Year,Y,Denied
EZYV16459,Europe,Master's,Y,N,3574,1985,West,9329.26,Year,Y,Certified
EZYV9919,Asia,Bachelor's,N,N,1417,1994,South,35611.61,Year,N,Certified
EZYV24517,Asia,Bachelor's,Y,N,2127,2007,South,86630.36,Year,Y,Certified
EZYV2572,Asia,Master's,N,N,2325,1865,West,67889.69,Year,Y,Denied
EZYV4073,North America,Bachelor's,N,N,1559,1986,South,70603.29,Year,Y,Denied
EZYV3172,Asia,Master's,N,N,2002,1877,South,138665.31,Year,N,Denied
EZYV8752,South America,Doctorate,N,Y,1043,1869,Northeast,70027.64,Year,Y,Certified
EZYV22602,Asia,Master's,Y,N,547,1999,Northeast,18037.45,Year,Y,Denied
EZYV9740,Asia,Bachelor's,Y,N,1836,1999,West,60855.83,Year,Y,Denied
EZYV3312,Asia,High School,N,Y,2146,1999,Midwest,183721.46,Year,Y,Denied
EZYV18627,Asia,Bachelor's,N,N,1964,2007,South,58422.64,Year,Y,Certified
EZYV17411,Asia,Bachelor's,N,Y,908,1997,South,96934.66,Year,Y,Certified
EZYV1284,Europe,Doctorate,N,N,127586,1899,South,28790.45,Year,Y,Certified
EZYV6646,North America,Doctorate,N,Y,501,1993,Northeast,70308.53,Year,Y,Certified
EZYV6926,Asia,Master's,N,Y,1330,2013,Midwest,91335.08,Year,Y,Certified
EZYV11640,Asia,Bachelor's,N,N,892,2009,Northeast,962.4853,Hour,Y,Denied
EZYV9861,North America,Bachelor's,Y,N,47094,1838,South,2724.43,Year,Y,Certified
EZYV1239,South America,Doctorate,N,N,1998,1992,West,16.4637,Hour,Y,Denied
EZYV23140,Asia,Bachelor's,Y,N,1167,1998,Midwest,43346.06,Year,Y,Certified
EZYV24686,Asia,Bachelor's,Y,N,1172,1996,South,34778.28,Year,Y,Denied
EZYV1565,Europe,Bachelor's,N,N,1350,2006,Northeast,166189.18,Year,Y,Certified
EZYV19128,Asia,Master's,Y,N,2448,1987,Northeast,23904.67,Year,Y,Certified
EZYV23529,Asia,Master's,N,Y,1411,2011,West,66016.42,Year,Y,Denied
EZYV20028,North America,Bachelor's,Y,N,2128,2003,West,43662.25,Year,Y,Certified
EZYV22836,Africa,Master's,N,Y,3764,1998,Midwest,28669.65,Year,Y,Certified
EZYV1352,South America,Master's,Y,N,1060,1994,Midwest,61134.94,Year,Y,Certified
EZYV5082,Europe,Master's,Y,N,3955,1985,West,119305.23,Year,Y,Certified
EZYV213,Asia,Doctorate,N,Y,111,2008,Northeast,115777.03,Year,Y,Denied
EZYV24798,Asia,Master's,Y,N,4259,2003,Northeast,8107.37,Year,Y,Certified
EZYV496,Asia,Master's,N,Y,46,1948,West,92218.76,Year,Y,Denied
EZYV2909,Asia,Bachelor's,N,Y,1318,1995,South,131629.78,Year,Y,Denied
EZYV5944,Asia,Master's,N,N,4576,2001,Northeast,52750.56,Year,Y,Certified
EZYV19283,South America,Master's,Y,N,553,1998,Northeast,129819.33,Year,Y,Certified
EZYV11846,Asia,Bachelor's,N,N,1227,1850,Midwest,104358.61,Year,N,Certified
EZYV193,North America,Master's,Y,N,4045,1987,West,102909.59,Year,N,Certified
EZYV5340,Asia,Bachelor's,Y,N,3116,1987,West,56972.12,Year,Y,Certified
EZYV9207,Asia,Master's,N,N,405,1987,South,136430.49,Year,Y,Certified
EZYV16217,South America,Bachelor's,Y,Y,87088,2009,South,103860.05,Year,Y,Certified
EZYV18693,Asia,Bachelor's,N,N,859,2001,West,123631.14,Year,Y,Denied
EZYV10209,Asia,Master's,N,N,227,1998,South,99780.38,Year,N,Certified
EZYV2287,Europe,Bachelor's,N,N,2602,1945,South,101046.83,Year,Y,Certified
EZYV890,Europe,Bachelor's,N,N,2931,2001,Northeast,100.1,Hour,Y,Denied
EZYV11834,Asia,Bachelor's,N,N,1718,1838,West,99517.51,Year,Y,Certified
EZYV13286,Asia,Bachelor's,N,N,3691,1967,South,259083.16,Year,Y,Certified
EZYV15148,Asia,Doctorate,Y,N,5838,1934,West,27108.6,Year,Y,Certified
EZYV16176,Asia,Bachelor's,Y,N,966,1992,South,99579.54,Year,Y,Certified
EZYV22363,Europe,Master's,N,Y,58,1946,West,14978.83,Year,Y,Certified
EZYV99,Asia,High School,N,N,1847,1977,Northeast,395.995,Hour,Y,Denied
EZYV9254,Asia,Bachelor's,N,N,3936,1984,South,99203.1,Year,N,Certified
EZYV10248,Asia,Master's,Y,N,269,2013,West,108166.42,Year,Y,Certified
EZYV15412,Asia,Master's,N,N,1635,2007,Northeast,56040.59,Year,Y,Certified
EZYV10144,Asia,High School,Y,N,2330,1998,South,23174.8,Year,Y,Denied
EZYV5876,Asia,Bachelor's,N,N,996,1998,Midwest,88775.9,Year,Y,Denied
EZYV17328,Asia,Doctorate,N,Y,877,1992,Northeast,20793.93,Year,Y,Certified
EZYV3718,Asia,High School,N,N,2739,1979,Midwest,134867.6,Year,Y,Denied
EZYV10716,Europe,Doctorate,N,N,1662,1998,West,92235.44,Year,Y,Certified
EZYV3559,North America,Master's,N,N,1550,2009,Northeast,198.4095,Hour,Y,Denied
EZYV23757,North America,Master's,N,N,880,1961,Northeast,496.3001,Hour,N,Denied
EZYV14056,Europe,Master's,N,N,1666,1991,West,582.45,Year,Y,Certified
EZYV6185,Asia,High School,Y,N,680,1848,Midwest,146548.12,Year,Y,Denied
EZYV12114,Asia,Master's,Y,N,2095,1919,South,41889.96,Year,Y,Certified
EZYV15906,Asia,Doctorate,N,N,1577,2001,South,31587.74,Year,Y,Certified
EZYV13185,Asia,Master's,N,N,112,1995,Midwest,50563.16,Year,Y,Certified
EZYV13786,Asia,Bachelor's,Y,N,3576,2001,Northeast,34543.82,Year,Y,Certified
EZYV7173,Asia,Bachelor's,N,Y,2324,1937,Island,93560.12,Year,Y,Certified
EZYV9873,Europe,Master's,Y,N,-26,1996,South,37397.05,Year,Y,Certified
EZYV12307,Asia,Bachelor's,N,N,1339,1993,West,83303.24,Year,Y,Denied
EZYV636,Asia,Bachelor's,Y,N,1194,1998,South,105225.88,Year,Y,Certified
EZYV21953,Europe,Bachelor's,N,N,1854,1914,South,118482.92,Year,Y,Certified
EZYV9388,Asia,Master's,N,N,1173,2002,Midwest,19581.21,Year,Y,Certified
EZYV21190,Asia,Master's,N,N,1908,1960,Northeast,72183.71,Year,N,Denied
EZYV4410,Asia,High School,Y,N,4032,2007,South,115969.51,Year,Y,Denied
EZYV18196,Europe,Doctorate,Y,N,2371,1994,Northeast,116331.89,Year,Y,Denied
EZYV6428,Asia,High School,Y,N,1589,2014,Midwest,120493.98,Year,Y,Denied
EZYV19155,Asia,Doctorate,Y,N,56774,1994,Northeast,45584.76,Year,Y,Certified
EZYV8858,Europe,Master's,Y,N,1877,2002,South,49389.9,Year,Y,Certified
EZYV6413,Asia,Master's,Y,N,1589,1972,Northeast,80671.3,Year,Y,Certified
EZYV10802,Asia,High School,Y,Y,122255,2014,South,42048.73,Year,Y,Denied
EZYV8590,Asia,Doctorate,N,N,2880,2008,Midwest,101447.99,Year,Y,Certified
EZYV17144,Asia,Master's,N,N,5960,1985,South,192386.89,Year,N,Certified
EZYV22369,Europe,Master's,Y,N,483,1999,Northeast,93562.61,Year,Y,Certified
EZYV12838,Asia,Master's,N,N,2261,2008,Northeast,55389.64,Year,Y,Certified
EZYV18429,Asia,Bachelor's,N,Y,1093,2007,West,62295.99,Year,Y,Denied
EZYV25046,North America,Master's,Y,Y,2007,1962,South,88494.54,Year,Y,Denied
EZYV8304,Europe,Master's,Y,N,792,2007,Northeast,855.9094,Hour,Y,Certified
EZYV20959,Europe,Bachelor's,Y,N,734,1881,West,44179.02,Year,Y,Certified
EZYV24594,Asia,Bachelor's,N,N,793,1993,South,137540.38,Year,Y,Certified
EZYV18363,Asia,Master's,Y,N,1989,2004,Midwest,7485.9,Year,Y,Certified
EZYV21969,Asia,High School,N,Y,1072,1969,Northeast,120.27,Hour,N,Denied
EZYV16644,Asia,Bachelor's,Y,N,2224,2005,Island,51943.75,Year,N,Certified
EZYV16591,Asia,Bachelor's,N,N,2771,2007,South,153921.92,Year,Y,Certified
EZYV9086,Europe,Bachelor's,N,N,116246,1855,West,25612.52,Year,Y,Certified
EZYV1024,Asia,Master's,Y,N,2979,2014,South,117134.84,Year,Y,Certified
EZYV1975,Asia,Master's,N,N,2233,2005,South,87796.81,Year,N,Certified
EZYV14655,North America,Bachelor's,N,N,3223,1983,West,10901.66,Year,Y,Denied
EZYV15082,Asia,Master's,N,N,2402,2000,Midwest,20325.73,Year,Y,Certified
EZYV1403,Asia,Master's,Y,N,1419,1984,Northeast,46333.51,Year,Y,Certified
EZYV14098,Asia,Master's,N,N,1981,1999,West,61865.65,Year,Y,Certified
EZYV7424,Asia,High School,N,N,1129,1999,West,88514.13,Year,Y,Denied
EZYV25038,Africa,Master's,Y,N,123482,1992,Northeast,92305.79,Year,Y,Certified
EZYV13147,North America,High School,Y,N,2751,2001,Northeast,72436.27,Year,Y,Denied
EZYV429,Asia,Master's,Y,N,3696,2001,Northeast,100.98,Hour,Y,Certified
EZYV353,Asia,Bachelor's,Y,N,1610,1962,Midwest,98331.32,Year,Y,Certified
EZYV1991,Asia,Doctorate,Y,Y,290,2012,South,126548.59,Year,Y,Certified
EZYV8695,Asia,Master's,Y,N,4094,2001,Midwest,254361.39,Year,Y,Certified
EZYV4055,Asia,Bachelor's,N,N,2245,2010,Midwest,181808.46,Year,Y,Denied
EZYV1919,Asia,Bachelor's,Y,N,4158,1997,Northeast,46604.34,Year,Y,Certified
EZYV6287,Asia,Master's,N,N,1219,2003,West,154695.04,Year,N,Certified
EZYV6046,South America,Doctorate,N,N,321,2014,Island,111287.14,Year,Y,Certified
EZYV18214,Asia,Master's,Y,N,4662,2012,Northeast,25555.76,Year,Y,Certified
EZYV6255,Europe,Master's,Y,N,2696,2002,West,31708.91,Year,Y,Certified
EZYV15232,North America,Bachelor's,Y,N,24,1902,South,56.1953,Hour,Y,Denied
EZYV22358,Asia,Bachelor's,Y,N,2555,2008,South,225057.61,Year,Y,Certified
EZYV21397,North America,Bachelor's,Y,N,5696,2008,West,86664.91,Year,Y,Certified
EZYV13131,Asia,Master's,N,N,2212,1968,Midwest,88.6958,Hour,Y,Certified
EZYV16959,Asia,Bachelor's,N,N,2179,1888,South,328.5764,Hour,Y,Certified
EZYV17156,Asia,Bachelor's,Y,N,695,2005,West,46897.55,Year,Y,Certified
EZYV4356,Asia,Bachelor's,N,Y,2062,1986,South,41629.7,Year,Y,Denied
EZYV19900,Asia,High School,Y,N,423,1997,Midwest,102141.51,Year,Y,Certified
EZYV8810,North America,Master's,Y,N,5641,1839,Northeast,127279.97,Year,Y,Denied
EZYV11946,Asia,Bachelor's,N,N,377,2000,South,107.65,Hour,Y,Certified
EZYV21058,Asia,High School,Y,N,10137,2006,Midwest,109795.77,Year,Y,Certified
EZYV19511,Asia,Bachelor's,N,N,407,2007,Northeast,133843.64,Year,Y,Denied
EZYV8263,Asia,Master's,Y,N,3059,1977,Midwest,124586.62,Year,Y,Certified
EZYV23744,Asia,High School,N,N,678,1987,South,423.9645,Hour,Y,Certified
EZYV16320,Asia,Master's,Y,N,200,2012,West,117289.19,Year,N,Certified
EZYV12254,Asia,High School,N,N,4039,2003,Northeast,11711.25,Year,Y,Denied
EZYV9429,Asia,High School,N,N,2824,2005,Midwest,102530.82,Year,Y,Denied
EZYV3447,Asia,Master's,N,N,83259,2010,South,90403.39,Year,Y,Denied
EZYV10949,Asia,Bachelor's,Y,N,913,1832,West,12165.84,Year,Y,Certified
EZYV19110,Asia,Master's,Y,N,3180,2008,Midwest,130559.63,Year,Y,Certified
EZYV17491,North America,Bachelor's,N,N,1871,1978,Northeast,42081.55,Year,N,Denied
EZYV4641,Asia,Master's,Y,N,2390,1998,South,111312.4,Year,Y,Certified
EZYV19125,Asia,Bachelor's,Y,N,5723,1999,South,85509.81,Year,Y,Certified
EZYV6396,North America,Bachelor's,Y,N,3831,1976,Northeast,67930.73,Month,Y,Certified
EZYV12608,Asia,High School,Y,N,3406,1853,South,77444.46,Year,Y,Denied
EZYV6422,North America,Master's,Y,Y,686,1981,Northeast,31292.32,Year,Y,Certified
EZYV18458,Asia,Master's,N,N,5767,2006,Northeast,259556.53,Year,Y,Certified
EZYV6380,Asia,Bachelor's,N,N,74,1976,West,59782.98,Year,Y,Denied
EZYV14079,Asia,Master's,Y,N,233852,1872,South,97196.37,Year,Y,Certified
EZYV23566,Asia,Master's,Y,N,279,1993,Midwest,140116.03,Year,Y,Certified
EZYV3032,Europe,High School,Y,N,1348,1968,West,51048.08,Year,Y,Denied
EZYV18682,Asia,Master's,N,N,1361,1968,South,67667.47,Year,Y,Certified
EZYV19795,Asia,Bachelor's,Y,N,3100,1994,South,48983.85,Year,Y,Certified
EZYV16771,Asia,Bachelor's,Y,N,545,2001,Northeast,82898.86,Year,Y,Certified
EZYV16612,Asia,Bachelor's,Y,N,1192,2000,Northeast,99990.96,Year,Y,Certified
EZYV21221,Europe,Master's,Y,N,1822,1999,South,8389.71,Year,Y,Certified
EZYV19751,Asia,Master's,N,N,2518,2007,Midwest,142791.05,Year,N,Certified
EZYV3992,Asia,Bachelor's,N,N,3099,2000,Northeast,142681.48,Year,Y,Denied
EZYV16498,Europe,Bachelor's,Y,N,2397,2006,Northeast,5187.44,Year,Y,Certified
EZYV11360,Asia,Master's,N,N,2080,2004,Midwest,135248.19,Year,Y,Certified
EZYV901,Asia,High School,N,N,1207,1953,Northeast,95920.87,Year,Y,Denied
EZYV14201,North America,Master's,N,N,4916,2000,South,95266.6,Year,Y,Denied
EZYV6795,Asia,Bachelor's,N,N,454,2003,West,61121.26,Year,Y,Certified
EZYV22490,North America,Master's,Y,N,4750,1902,West,79464.64,Year,Y,Denied
EZYV1518,Asia,Master's,Y,N,3388,1946,South,36576.86,Year,Y,Certified
EZYV13953,Asia,Bachelor's,Y,N,1476,1863,West,22110.87,Year,Y,Denied
EZYV1692,Asia,Master's,Y,N,1757,2001,Northeast,149640.44,Year,N,Certified
EZYV8186,Asia,Doctorate,N,Y,910,2012,Northeast,104019.54,Year,Y,Certified
EZYV9975,Asia,Bachelor's,N,N,378,2006,Midwest,40731.85,Year,Y,Certified
EZYV13476,Asia,Bachelor's,Y,N,682,2009,West,32770.88,Year,Y,Certified
EZYV2369,South America,Bachelor's,Y,N,1418,1868,South,68560.91,Year,Y,Certified
EZYV7601,Asia,Bachelor's,N,N,3879,2013,South,109.48,Hour,Y,Certified
EZYV14447,Asia,Master's,Y,N,4470,1984,Northeast,63850.11,Year,N,Certified
EZYV11321,Africa,High School,Y,N,772,1986,Northeast,52696.67,Year,Y,Denied
EZYV13589,North America,Master's,N,N,4567,1904,West,55028.15,Year,Y,Denied
EZYV10040,Asia,Master's,N,N,451,2004,South,39799.26,Year,N,Certified
EZYV9130,Africa,Bachelor's,Y,N,1075,1986,West,63079.56,Year,N,Certified
EZYV11835,Asia,Doctorate,N,N,3878,2003,West,87781.32,Year,Y,Certified
EZYV17885,Asia,High School,Y,N,3606,2008,Midwest,137728.03,Year,Y,Certified
EZYV21461,Asia,Master's,Y,N,2924,1996,Midwest,101448.2,Year,Y,Certified
EZYV7238,Asia,Master's,N,Y,617,2013,West,78524.33,Year,Y,Certified
EZYV14883,Europe,Doctorate,Y,N,5468,1997,South,4643.31,Year,Y,Certified
EZYV11816,North America,Master's,Y,N,195,2009,South,59.848,Hour,Y,Denied
EZYV25360,Asia,Bachelor's,Y,Y,548,2011,Northeast,68510.75,Year,Y,Denied
EZYV9088,Asia,Master's,N,N,1701,2010,South,138.7658,Hour,Y,Certified
EZYV15285,Asia,High School,Y,N,3081,2000,Northeast,107725.69,Year,Y,Denied
EZYV24592,Asia,Master's,Y,N,3061,2004,South,61145.87,Year,Y,Certified
EZYV16407,North America,High School,Y,N,26297,1981,Northeast,65264.79,Year,Y,Certified
EZYV6864,Asia,Master's,Y,N,2902,2013,Midwest,84662.36,Year,Y,Certified
EZYV14649,Europe,Doctorate,N,N,363,2013,West,51657.51,Year,Y,Certified
EZYV11635,North America,Master's,N,N,2782,2007,South,94083.76,Year,Y,Certified
EZYV5357,Asia,Bachelor's,Y,N,3119,2013,Northeast,69343.46,Year,Y,Denied
EZYV672,Asia,High School,Y,N,3361,1993,West,212159.14,Year,Y,Denied
EZYV20726,Europe,Bachelor's,N,N,1139,1961,Midwest,53269.84,Year,Y,Certified
EZYV16107,Asia,Bachelor's,Y,N,391,2009,Northeast,114595.69,Year,Y,Denied
EZYV23668,Asia,Bachelor's,Y,Y,1830,2009,South,48730.22,Year,Y,Certified
EZYV7569,Asia,Master's,N,N,1502,2005,West,103686.03,Year,Y,Certified
EZYV4207,Africa,Master's,N,N,288,2000,West,16849.82,Year,Y,Denied
EZYV20691,Asia,Bachelor's,N,N,3903,2009,South,43010.88,Year,Y,Denied
EZYV14020,Asia,Master's,Y,N,2786,2007,Midwest,122482.33,Year,Y,Certified
EZYV17789,North America,Master's,Y,Y,4168,2010,South,38374.43,Year,Y,Certified
EZYV1541,Asia,Bachelor's,Y,N,2508,2006,South,4728.7,Year,Y,Certified
EZYV947,Asia,Master's,Y,Y,2596,2012,Northeast,36364.29,Year,Y,Certified
EZYV20699,Asia,Bachelor's,Y,N,1227,2005,Northeast,32794.01,Year,Y,Certified
EZYV11691,Asia,Bachelor's,Y,Y,1363,2012,Northeast,180579.19,Year,Y,Certified
EZYV13553,Asia,Master's,Y,N,943,2002,Midwest,77442.57,Year,Y,Certified
EZYV7357,Asia,Bachelor's,Y,N,3519,1952,South,164447.02,Year,Y,Denied
EZYV13960,Asia,Master's,N,N,467,2007,West,63623.46,Year,Y,Denied
EZYV11959,Asia,Bachelor's,Y,N,221303,1995,West,27920.24,Year,Y,Denied
EZYV14714,Asia,High School,N,N,530,1999,Midwest,59240.52,Year,Y,Denied
EZYV22471,Europe,Bachelor's,Y,N,1758,1998,West,39832.98,Year,Y,Certified
EZYV24196,South America,Doctorate,N,N,3445,1988,Northeast,58.7389,Hour,Y,Certified
EZYV24654,Asia,Master's,Y,N,4253,1859,Midwest,75019.22,Year,Y,Certified
EZYV9744,Asia,High School,Y,Y,1611,1854,South,31918.72,Year,Y,Denied
EZYV14628,North America,Bachelor's,N,N,142672,1993,West,77655.72,Year,Y,Denied
EZYV19669,Europe,Bachelor's,Y,N,1857,1971,Midwest,75208.99,Year,Y,Certified
EZYV22121,North America,Bachelor's,Y,N,2691,1969,Northeast,96309.86,Year,Y,Certified
EZYV2534,Europe,Master's,Y,N,1101,1850,West,212371.59,Year,Y,Certified
EZYV4043,Asia,Bachelor's,Y,N,3193,1946,West,658.0041,Hour,Y,Denied
EZYV6918,Asia,Bachelor's,Y,N,1631,2003,Northeast,46998.68,Year,Y,Certified
EZYV4229,Asia,Master's,Y,N,2253,1946,Northeast,7333.24,Year,Y,Certified
EZYV1562,Asia,Bachelor's,Y,N,4367,1877,South,45163.17,Year,Y,Certified
EZYV17081,Asia,Master's,N,N,3022,2006,South,72444.19,Year,Y,Denied
EZYV4426,North America,Bachelor's,Y,N,529,1994,West,287.8058,Hour,Y,Denied
EZYV959,Asia,Master's,Y,N,12692,1998,Midwest,115239.79,Year,Y,Certified
EZYV6036,Europe,Bachelor's,Y,N,4406,1999,West,113.96,Year,Y,Certified
EZYV24651,Asia,Master's,N,N,69331,1875,Northeast,152.91,Hour,Y,Denied
EZYV12648,Asia,Bachelor's,Y,N,2640,1993,Northeast,90616.19,Year,Y,Certified
EZYV3928,Asia,Master's,N,N,4058,2005,Midwest,137996.87,Year,Y,Denied
EZYV3568,Europe,High School,Y,N,834,1995,West,23324.54,Year,Y,Denied
EZYV2446,Asia,High School,N,Y,4241,1988,Northeast,85601.64,Year,Y,Denied
EZYV21891,Asia,Master's,N,N,5980,1877,West,35454.73,Year,Y,Denied
EZYV10787,North America,Bachelor's,N,N,400,1949,Midwest,112393.59,Year,Y,Certified
EZYV22309,South America,Master's,N,N,2238,2005,Northeast,91806.66,Year,N,Denied
EZYV6751,Asia,High School,N,N,2541,1850,West,920.7578,Hour,Y,Denied
EZYV25191,Africa,Doctorate,Y,Y,59581,2014,Northeast,944.61,Year,Y,Denied
EZYV11833,Asia,Bachelor's,N,N,2087,2007,Northeast,55777.72,Year,Y,Certified
EZYV23378,Asia,Master's,Y,N,188,2000,South,13177.37,Year,Y,Certified
EZYV11196,Europe,Doctorate,Y,N,927,1894,West,41512.53,Year,Y,Certified
EZYV6159,North America,High School,N,N,1035,1879,Northeast,81963.14,Year,Y,Certified
EZYV688,North America,Bachelor's,Y,N,2850,1991,South,101086.77,Year,Y,Certified
EZYV23230,Asia,Bachelor's,Y,N,1214,1954,South,148751.04,Year,Y,Certified
EZYV11096,Asia,Bachelor's,N,N,32,1975,West,77872.41,Year,Y,Certified
EZYV15608,Asia,Master's,Y,N,32,2006,South,90136.31,Year,Y,Certified
EZYV19557,Asia,Master's,Y,N,3504,1838,Northeast,78160.6,Year,Y,Denied
EZYV6313,Asia,Bachelor's,N,N,1463,1964,South,73495.67,Year,Y,Denied
EZYV21024,Asia,Master's,N,N,142,2007,South,81273.91,Year,Y,Denied
EZYV10557,North America,Master's,Y,N,2641,2010,West,63502.45,Year,Y,Certified
EZYV5539,Asia,Bachelor's,Y,N,5734,1986,South,1761.19,Year,Y,Certified
EZYV14429,Asia,Master's,Y,N,1809,1953,West,54549.18,Year,Y,Certified
EZYV17865,Asia,Master's,N,N,3871,2010,South,111735.2,Year,N,Certified
EZYV16188,Europe,Master's,N,N,2186,1925,West,137713.41,Year,Y,Certified
EZYV1621,Asia,Bachelor's,Y,N,3302,2002,South,56875.61,Year,Y,Certified
EZYV11688,North America,Master's,N,N,1200,2005,South,55417.77,Year,N,Certified
EZYV12675,Asia,Bachelor's,Y,N,2695,1988,Midwest,12893.99,Year,Y,Certified
EZYV17212,Asia,Master's,Y,N,1587,1948,South,48672.04,Year,Y,Certified
EZYV16456,Asia,High School,N,N,2038,1987,South,15510.9,Year,Y,Denied
EZYV19984,Asia,Bachelor's,N,N,169,1977,Northeast,127.1379,Hour,Y,Denied
EZYV11533,Asia,Master's,N,N,1381,1998,Midwest,75021.96,Year,Y,Certified
EZYV1770,Europe,Master's,N,N,2726,2010,West,78038.23,Year,Y,Certified
EZYV7923,Asia,Master's,Y,N,2445,1997,South,64695.71,Year,Y,Certified
EZYV8018,Asia,Bachelor's,Y,N,2503,1927,West,546.2118,Hour,Y,Denied
EZYV15142,Asia,Doctorate,Y,N,2441,1873,West,131858.18,Year,Y,Certified
EZYV20563,Asia,High School,N,N,2576,2012,Midwest,121685.18,Year,Y,Denied
EZYV7020,Asia,Master's,Y,N,582,1973,South,225.4865,Hour,Y,Certified
EZYV24424,Asia,Master's,Y,N,831,1804,South,68640.62,Year,N,Denied
EZYV9690,Asia,Master's,Y,N,970,2005,South,215193.01,Year,N,Certified
EZYV2683,Asia,Master's,Y,N,2466,2013,Midwest,56399.83,Year,Y,Certified
EZYV21410,Asia,Bachelor's,N,N,2022,1924,Northeast,472.7602,Hour,Y,Denied
EZYV15982,Asia,High School,N,N,28,1983,South,55649.16,Year,Y,Certified
EZYV6024,Asia,Bachelor's,Y,N,2374,2001,South,65561.27,Year,Y,Certified
EZYV21641,Asia,Master's,Y,N,3933,1972,South,86853.57,Year,N,Certified
EZYV742,Asia,High School,Y,N,603,2010,South,45833.71,Year,Y,Certified
EZYV14585,North America,Master's,N,N,2574,1999,Midwest,91679.8,Year,N,Certified
EZYV19753,Asia,Bachelor's,Y,N,2053,1998,Midwest,384.1055,Hour,Y,Certified
EZYV4667,Europe,Master's,N,N,1169,1995,South,46049.98,Year,N,Certified
EZYV6027,Asia,Master's,Y,N,442,1981,South,114331.5,Year,Y,Certified
EZYV24647,Asia,Master's,Y,N,449,2003,West,150416.76,Year,N,Denied
EZYV19774,North America,Bachelor's,N,N,2861,2008,Northeast,26236.03,Year,Y,Certified
EZYV25378,North America,Bachelor's,N,N,2644,1979,West,19131.82,Year,Y,Denied
EZYV15051,Asia,Bachelor's,Y,N,3437,2007,Northeast,42185.68,Year,Y,Certified
EZYV6754,North America,Master's,N,N,1602,1979,South,855.4066,Hour,Y,Certified
EZYV16506,North America,Bachelor's,N,N,2709,2003,South,100280.48,Week,Y,Certified
EZYV10418,Asia,Master's,N,N,63731,1939,South,88969.03,Year,Y,Certified
EZYV9437,Asia,Bachelor's,Y,N,4007,1934,South,107651.48,Year,Y,Certified
EZYV9095,South America,Bachelor's,N,Y,2986,2002,Northeast,228767.83,Year,Y,Certified
EZYV9641,Europe,Bachelor's,Y,N,106,1949,Northeast,211408.11,Year,Y,Denied
EZYV17554,Europe,Doctorate,N,N,3330,2010,West,35952.16,Year,Y,Certified
EZYV15479,Europe,Master's,Y,N,4417,1992,West,113132.97,Year,Y,Certified
EZYV9842,Africa,Master's,N,N,4469,2003,Midwest,131674.19,Year,Y,Certified
EZYV8497,Asia,Doctorate,Y,N,4336,2004,West,46989.57,Year,Y,Certified
EZYV5768,Asia,Bachelor's,Y,N,2601,2004,Northeast,14291.6,Year,Y,Certified
EZYV334,Europe,Bachelor's,Y,N,1738,2011,Midwest,29260.86,Year,Y,Certified
EZYV5571,Asia,Master's,N,N,2029,1934,Northeast,110.28,Hour,Y,Certified
EZYV12599,Asia,Master's,N,N,542,1957,Island,117879.13,Year,Y,Denied
EZYV6860,Asia,High School,Y,N,1932,2008,South,153.4356,Hour,Y,Denied
EZYV11777,Asia,Master's,Y,N,18644,1961,West,100457.73,Year,Y,Certified
EZYV22203,Europe,Master's,N,N,1846,1995,Midwest,59148.31,Year,Y,Denied
EZYV19366,North America,Bachelor's,Y,N,1845,1954,South,101.99,Hour,Y,Denied
EZYV868,Asia,High School,N,N,1943,1886,South,467.5247,Hour,Y,Certified
EZYV25309,North America,Master's,N,N,82953,1977,Northeast,42.7705,Hour,Y,Denied
EZYV3375,Europe,Bachelor's,Y,N,1813,2000,South,103180.38,Year,Y,Denied
EZYV21604,Europe,Master's,N,N,1830,1968,West,59233.78,Year,Y,Certified
EZYV4892,Europe,High School,N,Y,1945,2010,South,25676.21,Year,Y,Denied
EZYV12236,Asia,Bachelor's,N,N,1516,2005,West,33962.2,Year,Y,Certified
EZYV8843,North America,Master's,Y,N,4642,1987,South,40513.81,Year,Y,Certified
EZYV4121,Asia,Doctorate,N,N,421062,1958,Northeast,98970.58,Year,Y,Denied
EZYV9517,Asia,Master's,N,N,4951,1978,West,58992.14,Year,Y,Certified
EZYV16718,Asia,High School,N,N,703,1949,Midwest,92283.08,Year,Y,Certified
EZYV11319,Asia,Master's,Y,N,4335,2015,West,88641.0,Year,Y,Certified
EZYV25,Europe,Doctorate,Y,N,241,1981,Midwest,71286.04,Year,Y,Certified
EZYV17871,Asia,Bachelor's,Y,N,1510,1856,Northeast,859.3788,Hour,Y,Certified
EZYV4324,Asia,High School,Y,Y,943,1858,West,189017.09,Year,Y,Denied
EZYV12111,Asia,Bachelor's,N,N,3738,1984,South,216964.37,Year,N,Certified
EZYV8159,North America,Master's,N,N,2120,2001,Northeast,166144.9,Year,N,Denied
EZYV8333,Asia,Master's,Y,N,1192,1999,Midwest,119004.86,Year,Y,Certified
EZYV3131,Asia,Bachelor's,Y,N,1547,1998,Northeast,452.2859,Hour,Y,Certified
EZYV2123,Asia,Bachelor's,Y,N,721,2008,South,111678.62,Year,Y,Certified
EZYV16301,Europe,Master's,Y,N,2797,2012,Northeast,52603.77,Year,Y,Certified
EZYV13757,North America,Bachelor's,N,N,23617,1911,Midwest,129434.63,Year,N,Certified
EZYV844,Asia,Bachelor's,N,N,2228,2005,West,113260.07,Year,Y,Denied
EZYV25063,Asia,Doctorate,Y,N,580,2003,Northeast,103957.72,Year,Y,Certified
EZYV23063,Asia,Bachelor's,Y,N,1954,2008,Midwest,113491.03,Year,Y,Certified
EZYV4973,North America,High School,Y,N,1736,1857,West,71666.5,Year,N,Certified
EZYV21207,Asia,Bachelor's,N,N,1914,1996,Northeast,45538.92,Year,Y,Certified
EZYV11656,Asia,High School,N,N,2478,1953,Northeast,846.9207,Hour,Y,Denied
EZYV9835,Asia,Bachelor's,N,N,3050,1987,South,72852.01,Year,Y,Denied
EZYV23840,Africa,Doctorate,Y,N,1065,1992,Northeast,36775.17,Year,Y,Certified
EZYV10968,Asia,High School,Y,N,4655,2003,Northeast,193804.42,Year,Y,Denied
EZYV14912,Asia,Master's,Y,N,4011,1855,Northeast,61174.44,Year,Y,Certified
EZYV22719,Asia,Bachelor's,Y,N,2210,2006,Northeast,183741.59,Year,Y,Denied
EZYV23306,Asia,Master's,Y,N,511,1989,West,81569.11,Year,N,Certified
EZYV21587,Asia,Bachelor's,N,N,2995,1997,West,84241.77,Year,Y,Certified
EZYV13628,Asia,Master's,N,Y,2851,1997,West,89575.59,Year,Y,Denied
EZYV23852,Asia,High School,N,N,571,1989,South,46880.69,Year,Y,Denied
EZYV13832,Asia,Master's,Y,N,567,1931,South,140476.62,Year,N,Certified
EZYV25454,Asia,Master's,N,N,2804,1937,South,33641.94,Year,Y,Certified
EZYV2171,Asia,Bachelor's,N,N,2781,1979,Midwest,32805.6,Year,Y,Certified
EZYV17807,Asia,Master's,N,N,14526,2006,Midwest,110294.35,Year,Y,Denied
EZYV17326,Europe,Master's,N,N,4538,1869,Northeast,21849.97,Year,Y,Certified
EZYV15334,Asia,Master's,N,N,1419,1989,West,15184.57,Year,N,Certified
EZYV7019,Asia,Master's,Y,N,3887,1994,West,29538.15,Year,Y,Certified
EZYV16420,Asia,Doctorate,N,Y,680,1965,South,42966.66,Year,Y,Certified
EZYV11574,North America,Master's,Y,N,66,2011,Midwest,253698.68,Year,Y,Certified
EZYV25170,Asia,Master's,N,N,1661,1926,West,137747.51,Year,N,Certified
EZYV3215,Asia,Bachelor's,N,N,438,1991,Midwest,22235.8,Year,Y,Denied
EZYV1983,Asia,High School,Y,N,1258,1838,South,101368.15,Year,Y,Certified
EZYV16404,Asia,Bachelor's,N,N,4226,1998,South,29039.66,Year,Y,Certified
EZYV2120,North America,Bachelor's,N,N,2479,1978,West,108.04,Hour,Y,Denied
EZYV24193,North America,Doctorate,N,N,3558,2006,South,122784.9,Year,Y,Certified
EZYV10826,Asia,Bachelor's,Y,N,730,2007,Midwest,42054.93,Year,N,Certified
EZYV13869,Europe,Master's,Y,N,3855,2005,West,134690.83,Year,N,Denied
EZYV3203,Asia,Bachelor's,Y,N,3360,1999,West,16257.89,Year,Y,Certified
EZYV25425,Asia,Bachelor's,Y,N,3962,1960,South,92848.41,Year,Y,Certified
EZYV3698,Asia,Master's,Y,N,1723,1997,South,124910.26,Year,N,Certified
EZYV24493,South America,Bachelor's,N,N,2716,1911,West,56111.63,Year,Y,Denied
EZYV12932,Asia,Master's,N,N,919,1905,Midwest,72289.98,Year,N,Denied
EZYV20265,Asia,Bachelor's,Y,N,665,1969,Northeast,78686.2,Week,Y,Denied
EZYV22194,Asia,Bachelor's,N,N,1635,1836,South,672.0522,Hour,Y,Denied
EZYV21648,Europe,Bachelor's,N,N,2518,1990,Northeast,56871.05,Year,Y,Denied
EZYV6175,Asia,Bachelor's,N,N,2380,1852,West,103366.25,Year,Y,Denied
EZYV11706,Asia,Bachelor's,N,N,3719,2004,South,18960.72,Year,Y,Denied
EZYV24692,Asia,Bachelor's,Y,N,1229,1996,Northeast,115000.96,Year,Y,Certified
EZYV12957,Asia,Master's,Y,N,2467,2005,Midwest,56139.55,Year,Y,Certified
EZYV6002,Asia,Master's,N,N,2151,1997,Northeast,72647.07,Year,Y,Certified
EZYV9693,Europe,Master's,N,Y,1606,1998,West,49801.16,Year,Y,Denied
EZYV11259,Asia,High School,Y,N,1798,1993,South,76845.5,Year,Y,Denied
EZYV1592,North America,Bachelor's,Y,N,3532,1915,Northeast,53773.75,Year,Y,Certified
EZYV25214,Asia,High School,Y,N,1926,2004,Midwest,80139.69,Year,Y,Certified
EZYV5902,Asia,High School,Y,N,2964,1855,Northeast,61202.27,Year,Y,Denied
EZYV5740,North America,Bachelor's,N,N,3219,1968,Northeast,163428.04,Year,Y,Denied
EZYV20794,Asia,Master's,Y,N,3502,1992,Northeast,71998.64,Year,N,Certified
EZYV3646,Asia,High School,N,Y,1441,1971,West,90725.23,Year,Y,Denied
EZYV18103,Asia,Master's,Y,N,3660,2004,Northeast,42287.49,Year,Y,Certified
EZYV5644,North America,Bachelor's,Y,N,1374,1981,Northeast,60210.11,Year,Y,Certified
EZYV53,Asia,Bachelor's,N,N,1647,1998,Midwest,115014.05,Year,Y,Certified
EZYV20032,North America,Master's,N,N,3651,2010,West,48220.39,Year,Y,Denied
EZYV5830,Asia,Bachelor's,N,N,211,1868,South,304543.67,Year,Y,Certified
EZYV10453,Asia,Doctorate,N,Y,2737,1985,South,49664.08,Year,Y,Certified
EZYV11425,North America,High School,Y,N,5990,2006,West,87312.49,Year,Y,Denied
EZYV12413,Asia,Bachelor's,Y,N,3000,1853,South,6597.07,Year,Y,Denied
EZYV22055,Asia,Bachelor's,Y,N,3951,2001,South,120179.68,Year,Y,Denied
EZYV22575,Asia,Master's,Y,N,172,2005,Island,99474.93,Year,Y,Denied
EZYV10679,Asia,Bachelor's,Y,N,643,1903,South,12488.96,Year,Y,Denied
EZYV19089,Asia,Master's,N,N,3410,1977,South,416.7472,Hour,Y,Denied
EZYV16005,North America,Master's,Y,N,2183,1948,South,4293.28,Year,Y,Certified
EZYV13047,Asia,Master's,Y,N,3513,2006,Midwest,153235.36,Year,Y,Certified
EZYV1095,Asia,Master's,N,N,2084,2007,Midwest,1959.97,Year,N,Certified
EZYV18585,Asia,High School,Y,N,267864,1946,South,143295.11,Year,Y,Denied
EZYV17712,North America,Master's,Y,N,2837,1855,South,18540.94,Year,Y,Certified
EZYV20174,Asia,Master's,N,N,3661,2010,South,57507.03,Year,Y,Certified
EZYV11311,Asia,Bachelor's,N,Y,179,2010,South,85510.91,Year,Y,Certified
EZYV21633,Europe,Bachelor's,Y,Y,878,1999,South,59101.39,Year,Y,Certified
EZYV3981,North America,Master's,Y,N,3050,2006,Northeast,78255.35,Year,Y,Certified
EZYV5410,Asia,Master's,N,N,940,1982,Midwest,11306.78,Year,Y,Certified
EZYV16656,Asia,Master's,N,N,3528,2006,Northeast,887.5735,Hour,Y,Denied
EZYV22210,Asia,Bachelor's,Y,Y,278,2009,Northeast,51392.45,Year,Y,Denied
EZYV16000,Asia,Master's,N,N,1628,2004,Midwest,150435.59,Year,N,Certified
EZYV13987,Africa,Master's,Y,N,785,2007,West,47177.5,Year,Y,Certified
EZYV8674,Asia,Master's,N,N,3014,1838,South,152346.84,Year,N,Certified
EZYV11265,Europe,Master's,N,N,1260,1977,Northeast,125796.3,Year,N,Certified
EZYV1858,Europe,Doctorate,Y,N,2375,2014,Northeast,8818.82,Year,Y,Certified
EZYV5446,Asia,Doctorate,N,N,4947,2005,Midwest,122056.25,Year,Y,Certified
EZYV22828,North America,Master's,Y,N,3585,2003,South,27248.21,Year,Y,Certified
EZYV5540,North America,Master's,N,N,5331,2005,Midwest,136598.28,Year,N,Certified
EZYV20538,Europe,Master's,Y,N,1582,1997,South,64495.7,Year,Y,Certified
EZYV8299,Asia,Master's,Y,N,5175,1962,Midwest,47797.7,Year,N,Certified
EZYV21430,Asia,Master's,Y,N,3217,1986,South,4861.35,Year,Y,Certified
EZYV6095,Asia,Bachelor's,N,Y,4566,1963,South,133743.63,Year,Y,Certified
EZYV5061,Asia,Doctorate,N,Y,2166,1994,South,208373.95,Year,Y,Certified
EZYV9124,Asia,Master's,Y,N,2668,2009,Northeast,143125.61,Year,Y,Certified
EZYV14430,Europe,Bachelor's,Y,N,252,2000,West,10700.4,Year,Y,Certified
EZYV15066,Asia,Bachelor's,Y,N,1218,1924,Midwest,78506.57,Year,Y,Certified
EZYV21640,Asia,Bachelor's,Y,N,2610,1923,South,68745.61,Year,Y,Denied
EZYV5386,Asia,Bachelor's,N,N,1283,2011,Northeast,89083.79,Year,Y,Denied
EZYV12375,Asia,Bachelor's,N,N,344,1994,South,73753.17,Year,Y,Certified
EZYV9891,Asia,High School,N,N,4296,1968,West,69869.4,Month,Y,Denied
EZYV21993,South America,Master's,Y,N,1096,1999,West,27657.93,Year,Y,Denied
EZYV4286,Asia,Master's,Y,N,82,2006,Northeast,15082.64,Year,Y,Certified
EZYV25249,Asia,Bachelor's,N,N,2705,1959,West,115260.73,Year,Y,Denied
EZYV11793,Asia,Master's,Y,N,463,1985,Northeast,234755.9,Year,N,Certified
EZYV20587,North America,Master's,Y,N,4557,2008,Northeast,13994.66,Year,Y,Certified
EZYV22027,North America,Master's,N,N,2473,1993,Midwest,396.825,Hour,Y,Denied
EZYV13552,Asia,Bachelor's,Y,N,1554,2006,West,111614.8,Year,Y,Certified
EZYV23777,Asia,High School,N,N,523,2003,South,202.4744,Hour,Y,Denied
EZYV23490,Europe,Bachelor's,N,N,892,1997,West,26816.83,Year,Y,Denied
EZYV1614,Asia,Bachelor's,Y,N,1438,1911,West,133493.49,Year,Y,Certified
EZYV17601,South America,Doctorate,N,Y,516,2005,South,145878.28,Year,Y,Certified
EZYV14251,Asia,Master's,N,N,3387,2007,West,101613.45,Year,N,Certified
EZYV3099,Europe,Doctorate,Y,N,4328,1973,West,23234.02,Year,Y,Certified
EZYV5952,Europe,Bachelor's,N,Y,1226,1987,South,124760.92,Year,Y,Certified
EZYV15456,Asia,Master's,N,N,3658,1991,Midwest,110510.16,Year,Y,Certified
EZYV1532,Oceania,Bachelor's,Y,N,2357,1887,Northeast,139973.63,Month,Y,Certified
EZYV20306,Asia,High School,N,N,974,2007,Midwest,7251.37,Year,Y,Certified
EZYV8794,Asia,Master's,N,N,5395,1995,Midwest,115546.49,Year,Y,Certified
EZYV16715,Asia,Bachelor's,Y,N,3958,1895,South,30488.79,Year,Y,Certified
EZYV12042,Europe,Doctorate,Y,N,161,1998,Northeast,38103.98,Year,Y,Certified
EZYV12862,Asia,Bachelor's,N,N,2607,2002,South,921.3556,Hour,Y,Denied
EZYV16830,Asia,Bachelor's,N,N,2221,1937,Midwest,124264.83,Year,Y,Denied
EZYV15174,Asia,Master's,Y,N,382,2009,Northeast,70594.59,Year,N,Certified
EZYV16834,Africa,Master's,N,N,4850,1998,Midwest,95281.14,Year,Y,Certified
EZYV7867,Asia,Bachelor's,Y,N,5826,1993,West,126739.96,Year,Y,Certified
EZYV24331,Asia,Bachelor's,N,N,1532,2009,Northeast,987.9284,Hour,Y,Certified
EZYV7459,North America,High School,N,Y,632,1882,Island,50485.1,Year,Y,Certified
EZYV3594,Asia,Master's,Y,N,3268,2007,Northeast,89508.33,Year,N,Certified
EZYV11415,North America,Master's,N,N,618,1945,South,65971.41,Week,Y,Denied
EZYV17191,Europe,Doctorate,Y,N,213,2012,West,18299.42,Year,Y,Certified
EZYV13783,Europe,Bachelor's,Y,N,98336,1902,Northeast,11093.54,Year,Y,Certified
EZYV4801,Africa,Master's,N,N,563,1993,South,71466.63,Year,Y,Certified
EZYV14759,Asia,Master's,N,N,3709,1982,Midwest,97137.03,Year,Y,Certified
EZYV16322,Asia,Bachelor's,N,N,338,2000,South,57763.72,Year,Y,Certified
EZYV8119,Asia,Bachelor's,Y,N,1927,1981,South,184.74,Hour,Y,Denied
EZYV1370,Asia,Bachelor's,Y,N,1117,2006,Midwest,54076.89,Year,Y,Certified
EZYV14683,Europe,Bachelor's,Y,N,2945,1920,South,167385.56,Year,Y,Certified
EZYV11610,Asia,Bachelor's,Y,N,9268,2003,West,31416.69,Year,Y,Denied
EZYV17011,Asia,Master's,N,N,5376,1985,Northeast,109203.64,Year,Y,Denied
EZYV7181,Asia,Master's,Y,N,2332,2005,South,231936.29,Year,Y,Certified
EZYV14249,Asia,Bachelor's,Y,N,1661,1993,West,36654.59,Year,Y,Certified
EZYV4749,Asia,Master's,N,N,1117,1993,Midwest,64645.62,Year,Y,Certified
EZYV9700,Asia,Master's,Y,N,2231,1847,South,150020.1,Year,N,Certified
EZYV24908,Europe,High School,N,N,1863,1962,South,49685.14,Year,Y,Certified
EZYV21271,Europe,Doctorate,Y,N,70,2009,South,36221.79,Year,Y,Certified
EZYV5643,Europe,Master's,N,N,2715,1986,Northeast,53628.06,Year,Y,Denied
EZYV639,Europe,Bachelor's,Y,N,213,2000,West,90643.93,Year,Y,Certified
EZYV2450,Europe,Bachelor's,Y,N,80,2003,West,59766.82,Year,Y,Certified
EZYV4728,Asia,Master's,N,N,1594,2004,South,117782.91,Year,N,Certified
EZYV2977,North America,Bachelor's,Y,Y,2182,1989,West,115225.08,Year,Y,Denied
EZYV19465,Africa,Bachelor's,N,N,358,1965,Northeast,334.4413,Hour,Y,Denied
EZYV2279,Europe,Doctorate,Y,N,930,1855,West,36991.74,Year,Y,Certified
EZYV13862,Asia,Master's,N,N,5339,2005,West,34660.1,Year,Y,Denied
EZYV4186,Asia,Master's,Y,N,3770,1996,Northeast,177335.17,Year,Y,Certified
EZYV19267,Asia,High School,Y,N,450,1994,Northeast,99341.35,Year,Y,Certified
EZYV11652,North America,Master's,Y,N,2527,2002,South,99330.82,Year,N,Denied
EZYV17266,Asia,Master's,Y,N,5287,1971,West,21229.23,Year,Y,Certified
EZYV15612,Asia,Bachelor's,Y,N,2970,1997,South,29061.54,Year,Y,Certified
EZYV12947,North America,Master's,Y,N,193,2003,Northeast,1695.33,Year,Y,Certified
EZYV2118,Asia,Doctorate,Y,N,69962,1996,Midwest,92817.04,Year,N,Certified
EZYV2464,Asia,Bachelor's,N,N,3115,1998,South,87250.5,Year,Y,Certified
EZYV5861,Europe,High School,N,N,2557,1999,South,108239.95,Year,Y,Denied
EZYV9341,Asia,Bachelor's,Y,N,3244,2005,South,74880.88,Year,Y,Certified
EZYV22015,Asia,Doctorate,N,N,1453,1994,South,125683.03,Week,Y,Certified
EZYV13923,Asia,Doctorate,Y,N,1136,2009,West,80780.28,Year,Y,Certified
EZYV3418,Asia,Master's,N,Y,546,1989,Midwest,161785.43,Year,Y,Denied
EZYV10007,North America,Master's,N,N,2816,1974,Northeast,9.5331,Hour,Y,Denied
EZYV20753,Europe,Master's,N,N,2681,1911,Northeast,6955.38,Year,Y,Certified
EZYV11887,Asia,Master's,Y,N,2048,1959,Midwest,48373.2,Week,Y,Certified
EZYV2850,Asia,Bachelor's,Y,N,8699,1997,South,118313.22,Year,Y,Certified
EZYV14528,Asia,Master's,N,N,1008,1958,South,141219.22,Year,N,Certified
EZYV11847,Asia,Master's,Y,N,1427,1998,South,301.8538,Hour,Y,Certified
EZYV23013,Asia,Bachelor's,N,Y,3715,2006,South,163591.2,Year,Y,Denied
EZYV15440,Europe,Bachelor's,Y,N,5345,2006,West,43666.54,Year,Y,Certified
EZYV24709,Europe,Master's,Y,N,3439,1876,West,53016.75,Year,Y,Certified
EZYV21760,Europe,High School,N,N,17388,1988,West,16911.35,Year,Y,Certified
EZYV3587,Asia,High School,Y,N,3419,2005,Midwest,155913.89,Year,Y,Denied
EZYV2644,Asia,Bachelor's,Y,N,2707,1990,Northeast,76780.29,Year,Y,Certified
EZYV10700,Asia,Bachelor's,Y,Y,93173,2001,South,65321.58,Year,Y,Certified
EZYV1653,Asia,Master's,N,N,29948,1972,West,118840.44,Year,N,Denied
EZYV20163,Asia,Bachelor's,Y,N,3061,1986,West,40953.27,Year,Y,Certified
EZYV15365,Europe,Master's,N,N,1014,1997,South,12283.68,Year,Y,Certified
EZYV11207,Asia,Master's,Y,N,439,2000,Midwest,171777.29,Year,Y,Certified
EZYV6861,Asia,Bachelor's,N,N,1773,2005,South,44534.73,Year,Y,Denied
EZYV3426,Asia,Master's,Y,N,3351,1995,South,58379.77,Year,Y,Certified
EZYV16287,Asia,Bachelor's,N,N,2593,2007,Northeast,148879.14,Year,N,Denied
EZYV15351,Europe,Doctorate,Y,N,2959,1848,West,14624.29,Year,Y,Certified
EZYV9219,North America,Doctorate,N,N,496,1975,Midwest,24444.25,Year,Y,Certified
EZYV9274,North America,Master's,N,N,3060,1982,Northeast,90569.35,Year,N,Denied
EZYV1676,Asia,Bachelor's,Y,N,3598,1921,Northeast,99875.92,Year,Y,Certified
EZYV17054,Asia,Master's,Y,N,2478,2001,West,79466.38,Year,Y,Denied
EZYV24197,Asia,Master's,Y,N,3461,2010,Midwest,123642.69,Year,Y,Certified
EZYV12309,Asia,Master's,N,N,132142,1992,West,153972.54,Year,Y,Denied
EZYV2370,Asia,Bachelor's,N,N,1383,1980,South,117156.21,Year,Y,Certified
EZYV20671,Asia,Bachelor's,N,N,3529,1909,South,53387.16,Year,Y,Certified
EZYV4597,North America,Master's,Y,N,4299,1823,Northeast,66405.19,Year,Y,Certified
EZYV15786,Asia,Master's,Y,Y,2601,2005,West,54894.31,Year,Y,Certified
EZYV4907,Asia,Bachelor's,Y,N,1978,1923,South,67981.68,Year,Y,Certified
EZYV18376,Asia,Doctorate,Y,N,3562,1991,Northeast,58505.36,Year,Y,Certified
EZYV21940,Asia,Bachelor's,N,N,2696,2007,South,65906.82,Year,Y,Certified
EZYV18171,Asia,Master's,Y,N,788,2006,Northeast,109375.33,Week,N,Certified
EZYV16429,Asia,High School,N,Y,3538,2003,Northeast,98692.59,Year,Y,Certified
EZYV25255,Europe,Bachelor's,Y,N,1007,2010,South,69400.11,Year,Y,Certified
EZYV11994,Asia,Doctorate,N,Y,287,1999,West,29114.91,Year,Y,Certified
EZYV7508,Asia,Bachelor's,Y,N,2417,1986,West,18551.0,Year,Y,Denied
EZYV21485,Asia,Bachelor's,N,N,1106,2010,Northeast,27703.09,Year,Y,Certified
EZYV21679,Asia,Master's,Y,Y,64658,1973,West,66824.43,Year,Y,Certified
EZYV21980,Asia,Doctorate,Y,Y,18,1950,South,65932.54,Year,Y,Certified
EZYV22550,Asia,Master's,N,N,1557,1997,Midwest,71980.61,Year,Y,Certified
EZYV19536,Asia,Master's,N,N,1032,2004,Island,42537.27,Year,Y,Denied
EZYV7351,Asia,Bachelor's,N,N,373,1997,South,452.037,Hour,Y,Denied
EZYV15931,Asia,Master's,Y,N,1636,2004,South,65095.9,Year,Y,Certified
EZYV2927,Asia,Master's,N,N,1110,1994,West,124873.74,Year,Y,Denied
EZYV12718,Asia,Bachelor's,N,Y,2440,2010,Midwest,131126.46,Year,N,Denied
EZYV7489,Europe,Doctorate,Y,N,4987,1999,Northeast,50758.41,Year,Y,Certified
EZYV21842,Europe,High School,N,N,1934,2005,South,943.7374,Hour,Y,Certified
EZYV6653,Asia,Master's,Y,N,2624,2013,Northeast,43628.17,Year,Y,Certified
EZYV9598,Asia,Bachelor's,Y,N,157,2010,Northeast,20507.21,Year,Y,Certified
EZYV10369,Asia,Bachelor's,N,N,4450,2004,West,64968.42,Year,Y,Denied
EZYV638,Europe,Bachelor's,Y,N,878,1966,Midwest,58800.76,Year,Y,Certified
EZYV15313,Asia,High School,Y,N,1742,2001,Midwest,72826.71,Year,Y,Denied
EZYV15752,Asia,Bachelor's,Y,N,2875,2001,Midwest,233790.85,Year,Y,Certified
EZYV19760,Asia,Bachelor's,N,N,2538,1969,West,116.04,Hour,Y,Certified
EZYV2021,Europe,Bachelor's,Y,N,3265,1994,South,18190.72,Year,Y,Certified
EZYV10508,Africa,Bachelor's,N,N,1557,1997,Northeast,12228.44,Year,Y,Certified
EZYV11592,Asia,Bachelor's,N,N,3147,1898,Northeast,82057.87,Year,Y,Denied
EZYV18878,South America,Bachelor's,N,N,33552,1947,Northeast,734.3756,Hour,Y,Denied
EZYV6934,Asia,Master's,N,N,17692,2010,Midwest,75867.09,Year,Y,Certified
EZYV19072,Europe,Doctorate,Y,N,3186,1944,Northeast,31983.29,Year,Y,Certified
EZYV3742,Asia,Master's,Y,N,1433,1984,Midwest,126055.3,Year,Y,Certified
EZYV15843,Asia,Master's,Y,N,39,1999,South,55120.64,Year,Y,Certified
EZYV16758,North America,Bachelor's,N,N,1179,1990,West,165.8365,Hour,Y,Denied
EZYV6269,North America,Bachelor's,Y,Y,1444,2010,South,105507.4,Year,Y,Denied
EZYV2314,Asia,Master's,Y,N,1011,2001,West,34111.84,Year,Y,Certified
EZYV15347,Asia,Master's,Y,N,308,1989,West,121910.14,Year,Y,Certified
EZYV8921,North America,Bachelor's,Y,N,2281,1994,West,44563.92,Year,Y,Certified
EZYV18094,Asia,Master's,N,Y,76342,2006,South,40369.43,Year,Y,Denied
EZYV2172,Asia,Bachelor's,N,Y,2203,2013,West,133738.13,Year,Y,Denied
EZYV17786,Asia,Master's,N,N,741,1998,South,25621.98,Year,Y,Certified
EZYV5201,Asia,Master's,Y,N,2566,1993,South,895.0806,Hour,Y,Certified
EZYV11842,Asia,Bachelor's,N,N,57424,2007,South,494.9521,Hour,Y,Certified
EZYV6643,Asia,Master's,N,N,3157,2008,West,18039.9,Year,Y,Certified
EZYV25101,Asia,Master's,N,N,3018,1959,Midwest,69449.42,Year,Y,Certified
EZYV24009,Asia,Bachelor's,Y,N,1927,2000,Northeast,123480.07,Year,Y,Denied
EZYV10719,Asia,Bachelor's,Y,N,1428,1990,West,70680.32,Year,Y,Certified
EZYV2967,Asia,Bachelor's,N,N,2395,2008,South,74475.65,Year,Y,Denied
EZYV11943,Asia,High School,Y,N,3260,2001,South,190523.51,Year,Y,Denied
EZYV1783,Oceania,Master's,Y,N,732,2003,Northeast,28565.97,Year,Y,Certified
EZYV17004,Asia,Bachelor's,Y,N,3155,1973,Northeast,118.49,Hour,Y,Certified
EZYV3507,Asia,High School,N,N,1525,1989,Midwest,223492.85,Year,Y,Denied
EZYV15914,Asia,High School,Y,N,1335,2003,Northeast,154191.81,Year,Y,Certified
EZYV155,Europe,High School,Y,Y,22,1999,Midwest,37751.51,Year,Y,Certified
EZYV1385,Asia,Bachelor's,Y,N,3172,1909,West,46353.61,Year,Y,Certified
EZYV2615,Africa,Master's,Y,N,1854,1990,West,95547.28,Year,Y,Certified
EZYV22196,North America,High School,Y,N,3382,1993,Northeast,13632.09,Year,Y,Certified
EZYV17990,Asia,Bachelor's,Y,N,1824,1996,South,135425.43,Year,N,Certified
EZYV18268,North America,Master's,Y,N,5167,1996,Northeast,11603.58,Year,Y,Certified
EZYV9289,Asia,Bachelor's,Y,N,1054,1927,South,91028.52,Year,Y,Denied
EZYV2616,Asia,Master's,Y,N,3591,1977,South,53735.72,Year,Y,Certified
EZYV8739,Asia,Bachelor's,N,N,6137,1999,South,26952.98,Year,Y,Certified
EZYV19594,Asia,Master's,N,N,528,2004,Northeast,5.4108,Hour,Y,Certified
EZYV943,North America,High School,N,N,2449,1974,Northeast,229950.7,Week,Y,Denied
EZYV10651,Asia,Master's,Y,N,2578,1889,West,51089.92,Year,Y,Certified
EZYV356,Asia,Bachelor's,N,Y,114,1851,West,69228.82,Year,Y,Denied
EZYV13165,Asia,Master's,Y,N,2273,2004,South,98800.62,Year,Y,Certified
EZYV6657,Asia,Bachelor's,Y,N,466,1998,South,23799.68,Year,Y,Denied
EZYV5209,Europe,Bachelor's,Y,N,5011,2010,West,100466.23,Year,Y,Denied
EZYV12671,Europe,Bachelor's,N,Y,4029,1997,Northeast,82547.84,Year,Y,Denied
EZYV10610,Asia,Master's,Y,N,4585,1997,South,4860.1,Year,N,Certified
EZYV19899,Asia,Master's,Y,N,723,2006,West,266.7472,Hour,Y,Denied
EZYV21491,Asia,Doctorate,Y,N,2017,1963,Northeast,55124.32,Year,Y,Certified
EZYV22282,Asia,Master's,Y,N,1439,1987,Northeast,116534.17,Year,Y,Certified
EZYV3736,Asia,Bachelor's,N,N,1923,2005,Northeast,42621.43,Year,Y,Denied
EZYV22950,Asia,Bachelor's,Y,N,3972,2007,West,94419.08,Year,Y,Certified
EZYV24870,Asia,High School,Y,N,3119,2000,Midwest,79875.86,Year,Y,Certified
EZYV125,Asia,Master's,Y,N,960,2012,Northeast,40256.03,Year,Y,Certified
EZYV25110,North America,Master's,N,N,2592,1996,West,85429.66,Year,Y,Certified
EZYV16851,Europe,Bachelor's,Y,Y,8003,2007,Northeast,71565.18,Year,Y,Certified
EZYV188,Europe,High School,Y,N,600,2009,Northeast,138032.0,Year,Y,Denied
EZYV15564,Asia,Bachelor's,Y,N,388,2015,Island,27357.69,Year,Y,Denied
EZYV19618,Asia,Master's,Y,N,184,1981,Midwest,178241.97,Year,Y,Certified
EZYV964,Asia,Master's,Y,N,1606,2012,Midwest,3435.99,Year,Y,Certified
EZYV22314,Asia,Bachelor's,Y,N,239,2000,West,105857.49,Year,Y,Certified
EZYV20793,Asia,Bachelor's,Y,N,854,2011,Northeast,112967.31,Year,Y,Certified
EZYV9780,Asia,Bachelor's,N,N,6366,1999,South,32371.89,Year,Y,Certified
EZYV3678,Asia,Bachelor's,N,N,654,1999,Northeast,33798.77,Year,Y,Denied
EZYV12180,South America,Master's,N,Y,2938,2011,South,154697.95,Year,Y,Certified
EZYV14115,Asia,High School,N,N,380,1996,Midwest,146194.06,Year,Y,Denied
EZYV15190,Asia,Master's,Y,N,1010,2000,Northeast,115380.88,Year,Y,Certified
EZYV10754,Asia,Master's,Y,N,1244,2005,West,58441.15,Year,Y,Certified
EZYV2208,Asia,High School,N,N,4329,2001,West,78496.93,Year,Y,Denied
EZYV15762,North America,Doctorate,Y,N,1296,2005,West,281590.41,Year,N,Certified
EZYV24429,North America,Bachelor's,Y,N,3594,1911,West,71047.5,Year,Y,Denied
EZYV22670,Europe,High School,N,N,760,1902,South,55828.05,Year,Y,Denied
EZYV24673,Asia,Bachelor's,N,N,349,2004,South,58.5781,Hour,Y,Certified
EZYV22953,Asia,Bachelor's,N,N,7640,1986,South,137742.05,Year,Y,Denied
EZYV3601,North America,Master's,Y,N,6082,1998,West,33143.81,Year,Y,Certified
EZYV13065,Asia,Bachelor's,Y,N,4570,1998,South,16502.53,Year,Y,Certified
EZYV23055,Asia,Master's,Y,N,1107,1880,South,39798.65,Year,Y,Certified
EZYV6726,North America,Master's,Y,N,3392,2005,South,116057.62,Year,N,Certified
EZYV19284,North America,Master's,N,N,4694,2009,Northeast,112392.11,Year,N,Certified
EZYV5538,North America,High School,Y,N,2279,1994,Midwest,130994.76,Year,Y,Certified
EZYV25250,Europe,High School,Y,N,3169,1948,West,216949.21,Year,Y,Denied
EZYV17131,Asia,Bachelor's,N,Y,1986,1952,South,70243.79,Year,Y,Certified
EZYV16934,Asia,Bachelor's,Y,N,960,1993,South,90257.41,Year,N,Certified
EZYV1397,Asia,Bachelor's,Y,N,14728,1911,West,261.9979,Hour,Y,Certified
EZYV18290,Asia,Master's,Y,N,109056,1997,West,125560.71,Year,Y,Denied
EZYV9471,South America,Bachelor's,Y,N,523,1993,West,198976.98,Year,Y,Denied
EZYV17421,Asia,Doctorate,Y,Y,1701,1997,West,25684.28,Year,Y,Denied
EZYV5211,Asia,High School,Y,N,2096,2005,Midwest,104855.71,Year,N,Denied
EZYV6243,Asia,Master's,N,N,2294,1984,South,87618.43,Year,Y,Certified
EZYV22212,Asia,Master's,Y,N,526,2005,South,114496.76,Year,Y,Certified
EZYV20280,Asia,Master's,N,N,1641,2009,Midwest,64276.74,Year,Y,Denied
EZYV8663,Europe,Doctorate,N,Y,2038,2008,Northeast,98692.58,Year,Y,Certified
EZYV16786,Asia,Bachelor's,Y,N,5170,1997,West,174044.62,Year,Y,Denied
EZYV5515,Asia,Bachelor's,Y,Y,868,1995,South,39140.91,Year,Y,Denied
EZYV11019,North America,Master's,Y,N,1713,2015,Midwest,9586.46,Year,N,Denied
EZYV24166,Asia,High School,N,N,2054,2008,South,142390.45,Year,N,Certified
EZYV22935,Europe,Bachelor's,N,N,1216,2012,West,207380.13,Year,Y,Certified
EZYV2423,Europe,Doctorate,N,Y,723,2001,South,46083.89,Year,Y,Certified
EZYV6110,Europe,High School,N,Y,229,2010,South,6071.6,Year,Y,Denied
EZYV24448,Asia,Bachelor's,Y,N,471,1977,Northeast,57773.42,Year,Y,Certified
EZYV23319,Asia,High School,Y,N,3948,1880,Northeast,80098.97,Year,Y,Certified
EZYV9511,Asia,High School,N,N,1570,2010,West,24354.69,Year,Y,Denied
EZYV20502,Europe,Bachelor's,Y,N,1407,2000,Northeast,955.736,Hour,Y,Denied
EZYV10375,North America,Bachelor's,N,N,38,1993,Island,111337.27,Year,Y,Denied
EZYV25467,Europe,Bachelor's,Y,N,1938,2005,West,6973.4,Year,Y,Denied
EZYV5657,Asia,Master's,N,N,2932,2005,West,233642.47,Year,N,Certified
EZYV7979,North America,High School,Y,N,1743,1866,South,234.4957,Hour,Y,Certified
EZYV9175,Europe,Master's,Y,N,444,1959,South,79023.41,Year,Y,Certified
EZYV2674,Asia,High School,N,N,1570,1991,South,706.1603,Hour,Y,Denied
EZYV8894,Asia,High School,Y,N,203,1977,Midwest,169681.12,Year,Y,Denied
EZYV18413,North America,Bachelor's,Y,N,4016,1984,Northeast,62709.39,Year,Y,Certified
EZYV11468,North America,Bachelor's,N,N,3308,1978,West,39473.02,Year,Y,Denied
EZYV16496,Asia,Bachelor's,N,N,988,1996,Midwest,69906.56,Year,Y,Certified
EZYV22835,Asia,Master's,Y,N,2434,1993,South,145658.24,Year,N,Certified
EZYV22261,Asia,Doctorate,N,N,1577,1998,Northeast,322.3961,Hour,Y,Denied
EZYV25002,Asia,Master's,N,Y,3501,1993,South,80912.78,Year,Y,Certified
EZYV24056,Asia,Bachelor's,Y,N,2966,2005,Midwest,87083.42,Year,Y,Certified
EZYV10215,Asia,Bachelor's,Y,N,2877,1984,West,22280.79,Year,Y,Denied
EZYV2743,Asia,Master's,Y,N,1172,2002,West,158.5,Year,Y,Certified
EZYV2402,Asia,Bachelor's,N,N,439,1874,Midwest,75483.07,Year,Y,Certified
EZYV923,Europe,Master's,N,Y,143036,2012,Northeast,90939.96,Year,Y,Certified
EZYV12085,Europe,Doctorate,Y,N,8808,1991,Northeast,3879.69,Year,Y,Certified
EZYV8836,Asia,High School,N,N,4193,1979,South,65971.09,Year,Y,Denied
EZYV5432,Asia,Bachelor's,Y,N,4512,1975,West,30755.28,Year,Y,Denied
EZYV16513,Asia,Master's,N,N,946,1979,Northeast,36250.42,Year,Y,Certified
EZYV12924,North America,Master's,Y,N,1610,2004,South,101407.61,Year,N,Certified
EZYV5526,North America,Bachelor's,Y,N,4432,1956,South,502.9275,Hour,Y,Denied
EZYV23474,Asia,Bachelor's,N,Y,240,1997,South,87694.78,Year,Y,Certified
EZYV9054,Asia,Master's,N,N,4098,2010,South,11314.68,Year,Y,Certified
EZYV14107,Asia,High School,Y,N,20292,2005,Northeast,67857.9,Year,Y,Denied
EZYV14289,Asia,Bachelor's,N,N,2101,1925,Midwest,120784.2,Year,Y,Certified
EZYV17439,Asia,Master's,Y,N,1776,1999,Midwest,87959.39,Year,Y,Certified
EZYV20700,North America,Bachelor's,N,N,2894,2005,Island,93496.26,Year,Y,Certified
EZYV973,Asia,Bachelor's,N,N,3336,1994,Midwest,65227.99,Year,Y,Certified
EZYV8805,Asia,Master's,Y,N,480,1998,South,42771.49,Year,Y,Certified
EZYV24483,North America,Master's,Y,Y,28098,2008,South,176127.02,Year,Y,Certified
EZYV13452,Asia,Master's,N,N,3083,2009,South,131943.22,Year,N,Denied
EZYV14422,Asia,Bachelor's,N,N,3196,2005,Midwest,109681.5,Year,Y,Certified
EZYV5021,North America,Bachelor's,N,N,1526,2004,Northeast,42011.94,Year,Y,Certified
EZYV14942,Asia,Bachelor's,Y,N,2755,2007,South,119351.61,Year,N,Certified
EZYV23358,Europe,Doctorate,N,N,1942,1838,Northeast,58490.53,Year,Y,Certified
EZYV11915,Asia,Bachelor's,Y,N,1255,1924,Midwest,41310.35,Year,Y,Certified
EZYV23447,Europe,Bachelor's,N,N,23,2002,West,118940.86,Year,Y,Denied
EZYV6408,Asia,Master's,N,N,4135,2009,Northeast,14276.19,Year,Y,Certified
EZYV19570,North America,High School,N,Y,1116,2008,West,51691.34,Year,Y,Denied
EZYV15855,Asia,Master's,N,N,222,2001,West,52712.41,Year,Y,Denied
EZYV18604,Asia,Bachelor's,Y,N,3248,1977,South,89643.09,Year,Y,Certified
EZYV14693,North America,Master's,Y,N,6300,1963,South,116212.55,Year,N,Certified
EZYV22398,Asia,Bachelor's,Y,N,4018,2006,South,11693.34,Year,Y,Certified
EZYV1474,Europe,High School,Y,N,2198,1934,West,74094.48,Year,Y,Denied
EZYV10912,Asia,Bachelor's,Y,N,1322,1985,Northeast,52459.78,Year,Y,Certified
EZYV15098,Asia,Bachelor's,N,Y,3627,1968,South,33969.49,Year,Y,Denied
EZYV24138,Oceania,Master's,N,Y,256,1969,Northeast,101073.48,Year,Y,Certified
EZYV8061,Asia,Master's,Y,N,2716,1976,Northeast,176480.88,Year,Y,Certified
EZYV19997,Asia,Master's,N,N,2611,1934,Northeast,67532.5,Week,Y,Certified
EZYV19524,Asia,Master's,Y,N,1390,1994,Northeast,19652.08,Year,N,Certified
EZYV5778,Asia,Bachelor's,Y,N,843,2003,West,148221.54,Year,Y,Certified
EZYV14548,Asia,Bachelor's,N,N,3862,1989,South,238165.9,Year,Y,Certified
EZYV3771,Asia,Bachelor's,Y,N,7902,1909,West,84701.27,Year,Y,Certified
EZYV21690,Asia,Doctorate,Y,N,2027,1984,West,216307.74,Year,Y,Denied
EZYV10150,South America,High School,Y,N,3673,1986,Midwest,34574.25,Year,Y,Denied
EZYV8232,Asia,Bachelor's,Y,N,581,1895,West,166164.21,Year,Y,Certified
EZYV18065,Asia,High School,N,N,1563,1984,Northeast,71491.75,Year,Y,Certified
EZYV14293,Europe,Master's,Y,N,4493,2013,West,44728.73,Year,Y,Certified
EZYV14113,Asia,Master's,Y,N,3178,2001,Northeast,1056.95,Year,Y,Certified
EZYV335,Asia,Master's,Y,N,4614,1911,Northeast,84716.62,Year,N,Certified
EZYV15988,Asia,Bachelor's,Y,N,1006,1849,West,95773.39,Year,Y,Certified
EZYV18212,North America,Master's,Y,N,3665,1968,South,69620.49,Year,Y,Certified
EZYV15222,Europe,Doctorate,Y,N,785,1994,Northeast,26799.46,Year,Y,Certified
EZYV9418,Asia,Bachelor's,Y,N,3309,2004,Northeast,39941.49,Year,Y,Denied
EZYV15018,Asia,Master's,Y,N,1426,1999,Northeast,54028.03,Year,Y,Certified
EZYV16422,Europe,Master's,N,Y,1912,1997,Northeast,56169.55,Year,Y,Certified
EZYV24121,Europe,Master's,Y,N,4731,1979,West,40197.55,Year,Y,Certified
EZYV12653,Asia,Master's,Y,N,1557,2012,West,16183.73,Year,Y,Certified
EZYV2453,Asia,Master's,Y,N,15383,2004,West,82540.63,Year,Y,Certified
EZYV13876,Asia,Master's,Y,N,5107,1998,Northeast,38609.07,Year,Y,Certified
EZYV15652,Asia,Master's,N,N,2324,2006,Midwest,115365.49,Year,Y,Certified
EZYV18054,Asia,Bachelor's,N,N,4590,1998,Northeast,77988.29,Year,Y,Denied
EZYV14523,Europe,Master's,N,Y,14976,1968,Northeast,88929.8,Year,Y,Denied
EZYV7589,Asia,High School,Y,N,29233,1947,Midwest,106033.41,Year,Y,Denied
EZYV5234,Asia,Bachelor's,N,N,4606,2010,West,120285.87,Year,N,Denied
EZYV657,North America,Bachelor's,Y,N,2477,1970,West,15506.4,Week,Y,Certified
EZYV7991,North America,Bachelor's,N,N,31005,2001,West,56545.48,Year,Y,Certified
EZYV7200,North America,Bachelor's,N,Y,155,1982,West,128600.87,Year,Y,Denied
EZYV18291,Asia,Doctorate,Y,N,14839,2010,South,19829.34,Year,Y,Certified
EZYV2923,North America,Bachelor's,N,N,203,1847,West,41009.64,Year,Y,Denied
EZYV3701,Europe,Doctorate,Y,N,3647,1997,Northeast,86937.71,Year,Y,Certified
EZYV2092,Europe,High School,Y,Y,849,2010,West,31653.71,Year,Y,Denied
EZYV20659,North America,Master's,Y,N,2702,2011,West,77058.55,Year,N,Certified
EZYV3767,North America,Master's,Y,N,1584,1977,Northeast,46927.41,Year,N,Certified
EZYV4189,North America,Bachelor's,N,N,636,2001,West,75697.34,Year,Y,Denied
EZYV23814,Asia,Bachelor's,N,N,348,1970,South,113.6,Hour,Y,Certified
EZYV17201,North America,Bachelor's,N,N,2432,1960,South,25591.83,Year,Y,Denied
EZYV20834,Asia,Doctorate,Y,N,795,1994,West,5187.9,Year,Y,Certified
EZYV4262,Asia,High School,Y,N,2491,1841,South,98292.99,Year,Y,Denied
EZYV1295,Asia,Master's,Y,N,134518,1967,West,91344.69,Year,Y,Certified
EZYV6490,Europe,Bachelor's,N,N,2725,2008,Northeast,130645.36,Year,Y,Certified
EZYV9177,Asia,High School,Y,Y,20526,1997,West,73303.09,Year,Y,Denied
EZYV25188,North America,Doctorate,N,N,3673,1987,Midwest,78874.3,Year,Y,Certified
EZYV15216,Asia,Bachelor's,Y,N,12542,2007,West,141526.86,Year,Y,Denied
EZYV7883,Asia,Master's,Y,N,3637,1848,Northeast,70307.89,Year,Y,Certified
EZYV17846,North America,Master's,Y,N,5546,1996,South,29592.4,Year,Y,Certified
EZYV18045,Asia,Bachelor's,N,N,2141,1968,Midwest,274.253,Hour,Y,Denied
EZYV22869,North America,Master's,Y,N,3587,2008,Northeast,134588.94,Year,Y,Certified
EZYV11067,Europe,Bachelor's,N,Y,1003,1997,Northeast,48428.17,Year,Y,Certified
EZYV10327,Asia,Master's,Y,Y,911,2007,South,77328.05,Year,Y,Certified
EZYV22574,North America,Doctorate,N,N,1088,1991,West,135438.36,Year,Y,Certified
EZYV21680,Asia,Bachelor's,Y,N,2216,1988,Northeast,133618.07,Year,Y,Certified
EZYV9650,Europe,Doctorate,Y,N,3481,2014,West,46551.27,Year,Y,Certified
EZYV19965,Asia,Bachelor's,Y,N,78,1963,South,357.0275,Hour,Y,Denied
EZYV3988,Asia,Bachelor's,N,Y,3354,1952,South,51889.65,Year,Y,Denied
EZYV7762,Asia,Master's,N,N,-11,2009,Midwest,38457.51,Year,Y,Certified
EZYV13950,Asia,Bachelor's,N,N,2365,2010,South,588.3469,Hour,Y,Denied
EZYV2244,Asia,Master's,N,N,5578,2003,Northeast,37125.6,Year,Y,Denied
EZYV4913,Asia,Bachelor's,Y,N,4182,1996,West,65568.91,Year,Y,Certified
EZYV15072,Asia,Bachelor's,N,N,123,1974,West,32714.4,Year,Y,Denied
EZYV13792,Europe,Master's,Y,N,3098,2001,South,12896.35,Year,Y,Certified
EZYV13478,Asia,Master's,N,N,4626,2000,Midwest,202399.59,Year,Y,Certified
EZYV6278,Asia,Bachelor's,N,N,4478,1997,Northeast,49071.8,Year,Y,Denied
EZYV4822,Asia,Bachelor's,Y,N,905,1971,Midwest,117431.5,Year,Y,Certified
EZYV19896,Asia,Master's,N,Y,4281,2007,West,105120.63,Year,Y,Denied
EZYV1077,Asia,Master's,Y,N,1024,1954,South,123953.16,Year,Y,Certified
EZYV6115,Asia,High School,N,N,1268,2012,Northeast,21888.82,Year,Y,Denied
EZYV6532,Asia,Master's,Y,N,5534,2006,Northeast,48584.1,Year,Y,Certified
EZYV20059,Asia,Master's,Y,N,250,1967,West,124529.59,Week,Y,Certified
EZYV6803,Asia,Bachelor's,Y,N,2111,1988,West,73213.86,Year,Y,Certified
EZYV6012,Europe,Doctorate,N,N,2793,1997,West,11594.9,Year,Y,Certified
EZYV4896,Asia,Bachelor's,N,N,1972,1997,Northeast,13358.9,Year,Y,Denied
EZYV4111,North America,Bachelor's,Y,N,4519,2001,West,53833.15,Year,Y,Denied
EZYV6589,Asia,Bachelor's,N,N,1377,1970,South,136647.15,Year,N,Certified
EZYV20788,Asia,Master's,Y,N,97,2003,South,150107.26,Year,Y,Certified
EZYV17780,Oceania,High School,N,N,1451,2010,South,51840.67,Year,Y,Denied
EZYV25072,Asia,Master's,N,N,768,1998,South,72220.6,Year,N,Denied
EZYV2144,North America,Bachelor's,Y,N,136307,1838,Northeast,113721.48,Year,Y,Certified
EZYV13139,North America,Bachelor's,Y,N,955,1884,South,126123.79,Year,N,Certified
EZYV25285,Asia,Bachelor's,N,N,2526,1962,West,29596.54,Year,Y,Denied
EZYV22373,Europe,Master's,Y,N,121,2003,West,31033.42,Year,Y,Certified
EZYV6187,Asia,Master's,Y,N,2386,2008,Northeast,418.8264,Hour,Y,Certified
EZYV13149,Europe,Doctorate,Y,N,1139,2012,South,26188.23,Year,Y,Certified
EZYV8846,Asia,Doctorate,N,Y,3006,1822,South,92050.86,Year,Y,Certified
EZYV15770,Asia,Bachelor's,N,N,1119,2006,South,80798.44,Year,Y,Certified
EZYV5258,Asia,Doctorate,N,N,1209,2005,Northeast,145.74,Hour,Y,Certified
EZYV25057,Asia,Doctorate,N,N,41694,1998,South,104797.74,Year,Y,Certified
EZYV10767,Europe,Bachelor's,Y,N,417,1994,Midwest,27729.73,Year,Y,Denied
EZYV19767,Asia,Bachelor's,N,N,2769,2002,South,65292.96,Year,Y,Denied
EZYV24074,North America,Bachelor's,Y,N,2595,2011,Northeast,114256.22,Year,Y,Denied
EZYV21039,Asia,Master's,N,N,1044,2008,West,187394.72,Year,N,Denied
EZYV7885,Asia,Bachelor's,Y,N,3201,2000,Northeast,143008.27,Year,Y,Certified
EZYV20539,Asia,High School,Y,N,2641,1990,West,66752.76,Year,Y,Denied
EZYV5380,North America,Bachelor's,Y,N,15159,1977,South,60267.29,Year,Y,Certified
EZYV3165,Asia,Bachelor's,Y,N,5025,2000,West,141649.16,Year,Y,Certified
EZYV22893,Asia,Bachelor's,Y,N,599,2009,South,25364.07,Year,Y,Denied
EZYV11573,Europe,Bachelor's,Y,N,197,1998,Northeast,1006.15,Year,Y,Certified
EZYV13678,South America,Master's,Y,N,2884,2010,West,373.16,Year,Y,Certified
EZYV9093,Asia,Master's,Y,N,2805,1951,Northeast,84247.91,Year,Y,Certified
EZYV24246,Europe,Bachelor's,Y,N,296,2013,Northeast,130896.26,Year,Y,Denied
EZYV10930,Europe,Doctorate,Y,N,1885,1999,Northeast,14515.06,Year,Y,Certified
EZYV1503,Asia,High School,Y,N,90791,1987,Northeast,139260.01,Year,Y,Denied
EZYV10162,North America,Master's,N,N,1600,1943,Northeast,230.14,Hour,Y,Certified
EZYV9326,North America,Doctorate,Y,N,3519,2009,West,50756.15,Year,Y,Certified
EZYV15829,Asia,Bachelor's,N,N,2007,1965,Northeast,189025.14,Year,Y,Certified
EZYV14522,Asia,Bachelor's,Y,N,2698,1993,Midwest,190509.06,Year,Y,Certified
EZYV21967,Asia,Bachelor's,Y,N,1889,2005,West,115310.83,Year,N,Denied
EZYV11426,Asia,Master's,N,N,1447,1999,West,212950.63,Year,N,Certified
EZYV11487,North America,Bachelor's,Y,N,104636,1995,Northeast,54337.0,Year,Y,Denied
EZYV11780,Asia,Master's,N,N,995,1988,Northeast,63750.28,Year,Y,Denied
EZYV10494,Asia,Master's,N,N,5157,1999,West,115910.18,Year,Y,Certified
EZYV19632,Europe,Master's,Y,N,1867,1994,South,24843.47,Year,Y,Certified
EZYV12158,Asia,Master's,N,N,3419,2001,Northeast,181137.25,Year,Y,Certified
EZYV23952,Oceania,Bachelor's,N,N,619,1938,Midwest,66419.98,Year,Y,Certified
EZYV22193,Asia,Master's,N,N,272,1999,Midwest,25892.63,Year,Y,Denied
EZYV10001,Asia,Bachelor's,N,N,1925,1986,West,51993.82,Year,Y,Denied
EZYV24293,Asia,Master's,Y,Y,2006,1970,Northeast,35188.38,Year,Y,Denied
EZYV2520,Asia,Master's,Y,N,2454,2007,South,280661.13,Year,Y,Certified
EZYV16069,Asia,High School,Y,N,1994,2009,Midwest,82251.74,Year,Y,Certified
EZYV20060,Asia,Doctorate,N,N,2110,1974,Northeast,60485.19,Year,Y,Denied
EZYV15198,Asia,Bachelor's,Y,N,2873,1899,South,363.574,Hour,Y,Denied
EZYV21069,Asia,High School,Y,N,1824,2009,South,104161.29,Year,Y,Certified
EZYV18283,Europe,Doctorate,Y,Y,1902,1999,Northeast,205901.68,Year,Y,Certified
EZYV15494,North America,High School,N,N,3692,1947,South,21268.18,Year,Y,Denied
EZYV892,Asia,Master's,N,N,1118,2008,Midwest,51408.57,Year,Y,Certified
EZYV3677,Asia,Bachelor's,Y,N,122,1923,Northeast,131969.66,Year,N,Certified
EZYV23548,Europe,Doctorate,N,N,3001,1998,West,79802.25,Year,Y,Denied
EZYV8406,Asia,High School,N,N,1624,2006,Midwest,3057.83,Year,Y,Denied
EZYV19200,Asia,Bachelor's,Y,N,3510,1980,South,84976.22,Year,Y,Certified
EZYV3674,Asia,Doctorate,N,N,1586,1997,Northeast,64375.73,Year,Y,Denied
EZYV14301,Asia,Master's,Y,N,3556,1998,Midwest,42578.58,Year,Y,Certified
EZYV17452,Asia,Bachelor's,Y,N,3249,2006,West,48155.94,Year,Y,Certified
EZYV24072,North America,Doctorate,N,N,459450,2001,Northeast,115296.62,Year,Y,Certified
EZYV13821,Asia,Bachelor's,Y,N,2518,2007,Northeast,53303.34,Year,Y,Certified
EZYV23946,Asia,Master's,N,N,1354,1998,Northeast,123039.99,Year,N,Certified
EZYV21774,Europe,High School,N,Y,1476,2015,Northeast,62905.54,Year,Y,Denied
EZYV9538,Asia,Bachelor's,Y,N,6041,1968,Northeast,60317.14,Year,Y,Certified
EZYV24469,Asia,Bachelor's,Y,N,452,2012,Northeast,37046.81,Year,Y,Certified
EZYV8378,Asia,Master's,Y,N,3994,2004,Midwest,153524.1,Year,N,Certified
EZYV9723,Asia,Bachelor's,N,N,4870,1855,Northeast,764.8895,Hour,Y,Certified
EZYV9816,North America,Master's,Y,N,4172,1902,South,143269.07,Year,Y,Certified
EZYV6373,Asia,Bachelor's,N,N,1269,1892,Northeast,115494.19,Year,Y,Denied
EZYV3049,North America,Bachelor's,N,N,518,2012,Northeast,66410.77,Year,Y,Denied
EZYV1489,Asia,Master's,Y,N,1536,1994,Northeast,92564.34,Year,Y,Certified
EZYV18584,Asia,Bachelor's,Y,N,4722,1986,West,166845.91,Year,Y,Certified
EZYV6738,Asia,Master's,N,N,2639,1974,West,63055.44,Year,Y,Certified
EZYV23436,Asia,Master's,N,N,886,1939,South,134414.03,Year,N,Certified
EZYV2586,Asia,High School,N,N,2221,2005,Midwest,47432.12,Month,Y,Certified
EZYV6153,Europe,Bachelor's,Y,N,375,2000,Midwest,43999.82,Year,Y,Denied
EZYV12918,Asia,Bachelor's,N,N,725,1981,Midwest,149740.13,Year,Y,Certified
EZYV1745,North America,Bachelor's,Y,N,2342,1979,Northeast,212.2737,Hour,Y,Certified
EZYV1599,Europe,High School,N,N,4722,2007,Northeast,85488.02,Year,N,Denied
EZYV21077,Africa,Master's,Y,Y,1231,2007,Northeast,58058.32,Year,Y,Denied
EZYV25133,Asia,Bachelor's,Y,N,489,1934,Midwest,99576.31,Year,N,Denied
EZYV7551,North America,Bachelor's,Y,N,3784,2000,South,80394.57,Year,Y,Certified
EZYV22988,Asia,Master's,Y,N,2226,1965,Northeast,93833.62,Year,Y,Certified
EZYV14546,North America,Master's,N,N,543,1884,Northeast,351.3848,Hour,Y,Denied
EZYV2325,Asia,Bachelor's,Y,N,3735,2013,West,45435.38,Year,Y,Certified
EZYV4639,Africa,High School,Y,N,3619,1996,West,48937.95,Year,Y,Denied
EZYV3786,Europe,Master's,N,N,1652,1947,Northeast,105382.74,Year,Y,Certified
EZYV5413,Asia,Bachelor's,N,N,3365,2004,Northeast,36140.17,Year,Y,Certified
EZYV12581,Asia,Bachelor's,Y,N,1067,1984,West,25711.95,Year,Y,Denied
EZYV7431,Africa,High School,N,Y,284,1855,West,102492.08,Year,Y,Denied
EZYV2626,Europe,Bachelor's,Y,N,43,1980,South,43048.6,Year,Y,Certified
EZYV23594,Asia,Master's,Y,N,2167,1929,Northeast,52965.55,Year,Y,Denied
EZYV17486,Asia,High School,Y,N,221,2001,Midwest,163808.33,Year,Y,Certified
EZYV8351,North America,High School,N,N,597,2005,West,131.12,Hour,Y,Certified
EZYV13827,Asia,Doctorate,Y,N,3446,1994,West,141407.77,Year,Y,Certified
EZYV4877,Europe,Master's,Y,N,14912,1996,South,33854.39,Year,Y,Certified
EZYV14918,Asia,Master's,N,N,2613,2013,Northeast,16.7318,Hour,Y,Denied
EZYV16620,Europe,Master's,Y,N,1471,1985,West,62209.76,Year,Y,Certified
EZYV12486,Asia,Master's,Y,N,1658,2012,South,62758.74,Year,Y,Certified
EZYV12813,Asia,Bachelor's,Y,N,2800,1955,Northeast,47427.99,Year,Y,Denied
EZYV21393,Europe,Master's,Y,N,88,1989,West,37837.28,Year,Y,Denied
EZYV15314,North America,Master's,N,N,2155,1868,Northeast,77964.8,Year,N,Certified
EZYV10466,Europe,Master's,N,N,3037,2001,Midwest,89506.69,Week,Y,Certified
EZYV12707,Asia,Master's,N,N,17757,1994,West,101826.78,Year,Y,Denied
EZYV24811,Asia,Doctorate,Y,N,3970,2012,Midwest,46784.59,Year,Y,Certified
EZYV14727,Asia,Master's,N,N,-11,2000,Midwest,167851.8,Year,Y,Certified
EZYV7128,North America,Master's,Y,N,1349,2013,South,69.6449,Hour,Y,Certified
EZYV2028,South America,Doctorate,Y,N,2337,1996,South,104664.5,Year,Y,Certified
EZYV7440,Asia,Master's,Y,N,750,1978,South,35573.27,Year,Y,Certified
EZYV19149,North America,Master's,Y,N,76723,2004,Midwest,61362.74,Year,Y,Certified
EZYV25294,North America,Bachelor's,N,N,350,1996,South,154.53,Hour,Y,Denied
EZYV16144,Europe,Bachelor's,Y,N,5576,1908,Northeast,44396.01,Year,Y,Certified
EZYV3543,Asia,Bachelor's,N,N,3423,1915,Northeast,28120.75,Year,Y,Denied
EZYV4593,Asia,Master's,Y,N,663,2012,Northeast,61892.39,Year,Y,Certified
EZYV1917,Asia,Bachelor's,Y,N,15095,2011,West,115614.14,Year,Y,Certified
EZYV17933,Asia,Master's,Y,N,1765,2003,South,74364.1,Year,Y,Certified
EZYV19988,Asia,Bachelor's,N,N,4554,2001,Northeast,77009.82,Year,Y,Denied
EZYV10988,North America,Bachelor's,Y,N,5292,2003,West,95254.97,Year,Y,Denied
EZYV4643,Asia,Master's,N,N,5108,1922,West,116040.7,Year,Y,Denied
EZYV7416,Asia,Master's,Y,N,3068,1990,South,44022.48,Year,N,Certified
EZYV12434,Asia,Bachelor's,N,N,1170,1995,Midwest,104265.37,Year,N,Certified
EZYV14051,Asia,Bachelor's,Y,N,4118,2001,West,81513.74,Year,Y,Certified
EZYV17909,Asia,Bachelor's,N,N,3633,1974,Midwest,56197.6,Year,Y,Certified
EZYV16171,Asia,Bachelor's,Y,N,4923,2001,Northeast,115026.7,Year,Y,Denied
EZYV19938,Europe,Bachelor's,N,N,3864,2010,West,61589.57,Year,Y,Certified
EZYV16917,Asia,Bachelor's,Y,N,2031,1916,West,633.679,Hour,Y,Certified
EZYV15487,Europe,Bachelor's,N,N,16425,2005,West,17411.95,Year,Y,Certified
EZYV7163,Asia,Master's,Y,N,673,2005,South,128758.39,Year,Y,Certified
EZYV8772,Asia,Bachelor's,N,N,1432,2005,West,79202.36,Year,Y,Certified
EZYV18122,North America,Master's,N,N,3374,1997,Midwest,4164.47,Year,Y,Denied
EZYV18749,Asia,Bachelor's,Y,N,1095,1908,South,41109.32,Year,Y,Certified
EZYV2426,Asia,Master's,Y,N,3083,2005,Midwest,80224.21,Year,Y,Certified
EZYV14529,North America,Master's,Y,N,3559,1931,Northeast,62264.87,Year,Y,Certified
EZYV11416,Asia,Master's,Y,N,1925,1972,South,111123.75,Year,Y,Certified
EZYV4640,Asia,High School,N,N,682,2013,Northeast,513.7152,Hour,Y,Denied
EZYV23569,Europe,Bachelor's,Y,N,1733,1886,West,6584.97,Year,Y,Certified
EZYV21863,Asia,High School,N,Y,12944,1984,West,83539.1,Year,Y,Certified
EZYV7614,South America,High School,Y,N,2459,1995,Northeast,206.3,Hour,Y,Certified
EZYV14329,Asia,Master's,Y,N,1839,1998,South,65592.5,Year,Y,Certified
EZYV22041,Asia,Bachelor's,Y,N,812,1978,South,73338.25,Year,Y,Certified
EZYV11920,Europe,Doctorate,N,N,3262,1977,Northeast,20611.46,Year,Y,Certified
EZYV20286,Asia,Doctorate,N,Y,8474,1994,South,143623.66,Year,Y,Certified
EZYV21822,Asia,Doctorate,N,N,563,2001,West,120052.47,Year,Y,Denied
EZYV20771,Asia,Bachelor's,N,N,401,2004,Northeast,104261.64,Year,Y,Denied
EZYV7729,Asia,High School,Y,Y,1704,1997,South,136534.18,Year,Y,Denied
EZYV15220,Asia,Bachelor's,N,N,1742,1950,Northeast,153.0232,Hour,Y,Denied
EZYV14898,Asia,Bachelor's,Y,N,9748,2009,South,81606.0,Year,Y,Certified
EZYV344,Asia,Master's,N,N,1741,1950,Northeast,20687.36,Year,Y,Denied
EZYV15126,Asia,Bachelor's,Y,Y,1856,1998,West,88424.47,Year,Y,Certified
EZYV24685,Asia,Master's,Y,N,109616,1926,Northeast,100210.7,Year,Y,Certified
EZYV25220,North America,Master's,N,N,4844,2005,Northeast,13949.76,Year,Y,Certified
EZYV25314,Asia,Doctorate,Y,N,419,1998,South,68360.3,Year,Y,Certified
EZYV22630,North America,Bachelor's,Y,N,4848,2011,South,70046.35,Year,Y,Certified
EZYV21538,Asia,Master's,Y,N,883,2007,South,16925.21,Year,Y,Certified
EZYV15281,Europe,Master's,Y,N,4848,1947,Midwest,70271.25,Year,Y,Certified
EZYV6468,Asia,Master's,Y,N,738,1932,South,36976.34,Year,Y,Certified
EZYV2783,North America,Bachelor's,Y,N,4065,2001,Midwest,23712.22,Year,Y,Certified
EZYV18038,North America,Master's,N,Y,2222,1999,Northeast,46874.93,Year,Y,Denied
EZYV14816,Asia,Bachelor's,Y,N,3639,2003,Northeast,115322.06,Year,Y,Denied
EZYV23021,South America,Bachelor's,N,N,2425,2005,West,109.24,Hour,Y,Denied
EZYV19837,Asia,Master's,Y,N,1784,1904,South,98244.09,Week,Y,Denied
EZYV4457,Europe,Doctorate,Y,Y,2952,1989,Northeast,3781.71,Year,Y,Certified
EZYV11605,Asia,Bachelor's,Y,N,4707,2007,West,50826.91,Year,Y,Certified
EZYV16352,Europe,Bachelor's,Y,N,6453,1968,South,2511.32,Year,Y,Certified
EZYV23908,North America,Master's,Y,N,310628,1986,West,101619.15,Year,Y,Denied
EZYV3946,Asia,Bachelor's,Y,N,2705,2007,Northeast,798.9479,Hour,Y,Denied
EZYV21471,Asia,Bachelor's,Y,N,4309,1985,West,68534.3,Year,Y,Certified
EZYV14241,Asia,Master's,Y,N,2402,1901,South,52372.19,Year,Y,Certified
EZYV1016,Asia,Doctorate,Y,Y,639,1868,South,45799.41,Year,Y,Certified
EZYV5378,Asia,Bachelor's,N,N,141,1994,South,10.9041,Hour,Y,Denied
EZYV5330,Asia,Master's,Y,N,95849,1919,West,59802.43,Year,N,Certified
EZYV13582,Asia,Master's,N,N,1737,2000,Midwest,859.8988,Hour,Y,Denied
EZYV2386,Asia,Bachelor's,Y,N,1614,2000,South,106312.69,Year,Y,Certified
EZYV11446,Asia,Bachelor's,N,N,1357,1984,Northeast,839.9962,Hour,Y,Denied
EZYV20140,Asia,High School,N,N,488,1985,Midwest,217969.78,Year,Y,Denied
EZYV2700,Asia,Doctorate,Y,N,1337,2005,Northeast,40806.44,Year,Y,Certified
EZYV5476,Asia,Master's,Y,N,1353,2011,Northeast,133777.65,Week,Y,Certified
EZYV24275,Asia,Bachelor's,Y,N,376,1999,West,78352.3,Year,Y,Certified
EZYV3389,Asia,Bachelor's,N,N,981,1947,Northeast,98089.76,Year,Y,Denied
EZYV8139,Asia,Bachelor's,N,N,823,1982,South,1369.14,Year,Y,Denied
EZYV8769,North America,Master's,Y,N,4973,1962,West,58547.35,Year,N,Certified
EZYV19898,Asia,Bachelor's,N,N,444,1989,Midwest,57570.44,Year,Y,Denied
EZYV3814,North America,Master's,N,N,4521,1965,South,82094.94,Year,N,Denied
EZYV18852,Asia,High School,N,N,3914,2010,Midwest,54308.85,Year,Y,Denied
EZYV8154,Asia,Master's,N,N,1526,2001,Midwest,52960.56,Year,N,Certified
EZYV20620,North America,Bachelor's,N,N,5903,1986,Island,165628.74,Year,Y,Denied
EZYV13071,Asia,High School,Y,N,6001,2001,Northeast,46693.54,Year,Y,Denied
EZYV15625,Africa,Master's,Y,N,2002,1970,Northeast,36737.19,Year,Y,Certified
EZYV22698,South America,Master's,Y,N,4611,1991,Northeast,58753.87,Year,Y,Certified
EZYV5362,Asia,Bachelor's,N,N,953,2000,West,492.6745,Hour,Y,Denied
EZYV20624,Asia,Doctorate,N,N,3835,2004,Northeast,93967.44,Year,Y,Certified
EZYV1516,South America,Master's,N,N,2360,2009,Midwest,107464.31,Year,Y,Certified
EZYV17001,Europe,Bachelor's,Y,Y,1284,2001,Northeast,72138.39,Year,Y,Certified
EZYV24519,Asia,Master's,Y,N,1441,1998,South,29247.44,Year,Y,Certified
EZYV24966,Europe,Master's,N,N,1574,2009,Midwest,110040.9,Year,Y,Certified
EZYV11432,North America,High School,N,N,216,1999,South,110160.2,Year,Y,Denied
EZYV7506,North America,Bachelor's,N,N,292,2009,Northeast,2183.23,Week,Y,Certified
EZYV8897,Asia,Master's,Y,N,1459,1951,South,107533.82,Year,Y,Certified
EZYV24612,Asia,High School,Y,N,91938,1984,Northeast,19671.58,Year,Y,Denied
EZYV16651,Asia,Master's,N,N,665,1988,Island,50875.4,Year,Y,Denied
EZYV4179,Asia,Master's,Y,N,4551,1996,West,14761.95,Year,Y,Certified
EZYV19383,Asia,Bachelor's,Y,N,997,1979,Midwest,189249.05,Year,Y,Certified
EZYV21796,Europe,Bachelor's,Y,N,171,2009,West,112654.43,Year,Y,Certified
EZYV23910,Asia,Master's,Y,N,986,2001,Northeast,3363.9,Year,Y,Certified
EZYV21470,Asia,Bachelor's,Y,N,1992,2004,West,56852.0,Year,Y,Denied
EZYV18216,Europe,High School,Y,N,2504,2011,Northeast,21119.55,Year,Y,Certified
EZYV23254,Asia,Bachelor's,Y,N,3344,2007,South,64033.33,Year,Y,Certified
EZYV7903,Asia,Bachelor's,Y,N,2077,2005,Midwest,98428.88,Year,Y,Denied
EZYV17115,Asia,High School,Y,N,2872,2004,Midwest,105526.48,Year,Y,Certified
EZYV5361,North America,Master's,N,N,2616,1985,Northeast,146.3,Hour,Y,Certified
EZYV25117,Asia,Bachelor's,N,Y,309,1916,Northeast,40702.38,Year,Y,Certified
EZYV23002,Asia,Master's,N,N,1744,2000,Northeast,325.9922,Hour,Y,Denied
EZYV10423,Asia,Master's,Y,N,4018,1995,Northeast,96244.01,Year,Y,Certified
EZYV10925,Asia,Master's,Y,N,151090,2000,West,71869.19,Year,Y,Certified
EZYV5637,Asia,Bachelor's,N,N,267,1997,Northeast,139404.91,Year,Y,Certified
EZYV21711,Asia,Bachelor's,Y,N,1659,2007,West,62267.04,Year,Y,Denied
EZYV10690,Africa,Master's,N,N,2037,1992,South,73328.34,Year,N,Certified
EZYV13767,Asia,High School,Y,N,5498,1896,West,105347.24,Year,Y,Denied
EZYV18503,Asia,Bachelor's,Y,N,3522,1853,West,96273.78,Year,Y,Certified
EZYV7426,Asia,High School,N,Y,577,2005,South,123597.59,Year,Y,Denied
EZYV17890,North America,Master's,Y,Y,291,2006,West,43139.46,Year,Y,Certified
EZYV7617,Asia,High School,Y,N,966,2010,South,15327.16,Year,Y,Denied
EZYV17034,Asia,Master's,Y,N,2587,1989,South,7.0647,Hour,Y,Certified
EZYV10390,Asia,Bachelor's,Y,N,1601,1994,West,76240.43,Year,Y,Denied
EZYV15201,Asia,High School,N,Y,104262,1853,Midwest,53026.38,Year,Y,Denied
EZYV21942,Asia,Master's,Y,N,286,1895,Northeast,715.4601,Hour,Y,Certified
EZYV2684,Asia,Bachelor's,N,N,3334,2002,South,105438.48,Year,N,Denied
EZYV22599,Europe,Doctorate,N,N,1402,1989,West,75841.08,Year,Y,Certified
EZYV10288,Asia,Doctorate,Y,N,1955,1966,Northeast,312.7783,Hour,Y,Certified
EZYV15891,South America,High School,Y,N,3489,1981,Northeast,18569.93,Year,Y,Certified
EZYV16321,Asia,High School,N,N,298,2008,Midwest,229874.06,Year,Y,Certified
EZYV7982,Asia,Master's,Y,Y,86,1969,West,114438.68,Year,Y,Certified
EZYV20673,Asia,Master's,Y,N,4929,2006,South,60676.5,Year,Y,Certified
EZYV18174,Africa,Master's,N,N,3819,1968,Northeast,47470.12,Year,Y,Certified
EZYV2061,Asia,Bachelor's,Y,N,2667,1963,Midwest,69085.63,Year,Y,Certified
EZYV13373,Asia,Bachelor's,Y,N,2929,1992,Northeast,113622.41,Year,Y,Certified
EZYV8417,North America,High School,Y,N,558,2012,South,16029.76,Year,Y,Certified
EZYV1838,Europe,Master's,Y,N,631,2008,West,123214.48,Month,Y,Certified
EZYV5912,Asia,Bachelor's,Y,N,1096,1869,South,111552.1,Year,N,Certified
EZYV17119,North America,Master's,Y,N,3455,1998,South,37077.45,Year,Y,Certified
EZYV19458,North America,High School,Y,N,3832,2005,Midwest,128821.76,Year,Y,Certified
EZYV15384,Asia,Bachelor's,Y,N,2293,1987,Midwest,85861.54,Year,Y,Certified
EZYV10417,Asia,Bachelor's,Y,N,656,1960,South,110638.6,Year,Y,Certified
EZYV9005,South America,Bachelor's,N,N,759,2004,Northeast,14092.3,Year,Y,Denied
EZYV24527,Asia,Master's,Y,N,3201,1985,West,99576.82,Year,Y,Denied
EZYV3094,Asia,High School,N,N,2727,1989,Midwest,106156.37,Year,Y,Denied
EZYV24632,Asia,Master's,Y,N,34907,2012,Midwest,75216.48,Year,Y,Certified
EZYV14669,Europe,Master's,N,N,431,1838,Midwest,33833.61,Year,Y,Certified
EZYV20816,Asia,Bachelor's,N,Y,-17,1990,West,91897.57,Year,Y,Certified
EZYV23601,Asia,Master's,N,N,2020,1993,Northeast,227683.38,Year,N,Certified
EZYV8884,Asia,Bachelor's,Y,N,4226,2010,West,87728.56,Year,Y,Certified
EZYV23841,Asia,Bachelor's,N,N,7462,1838,Northeast,133953.16,Year,Y,Denied
EZYV2529,Europe,Doctorate,Y,Y,3723,1998,West,50812.14,Year,Y,Certified
EZYV17335,Europe,High School,Y,N,1559,1989,Island,129972.45,Year,Y,Denied
EZYV3154,Asia,Bachelor's,Y,N,1652,2013,South,77184.46,Year,Y,Certified
EZYV12778,Asia,Bachelor's,N,Y,613,1941,West,34306.4,Year,Y,Certified
EZYV18843,Asia,Master's,Y,N,3402,1821,South,96519.22,Year,Y,Certified
EZYV14224,North America,Master's,Y,N,1967,1847,West,18634.55,Year,Y,Certified
EZYV8567,Asia,Bachelor's,Y,N,1624,2009,Northeast,83247.2,Year,Y,Certified
EZYV4796,Asia,Bachelor's,Y,N,2650,1981,South,60349.24,Year,N,Certified
EZYV21887,Asia,Bachelor's,N,N,9697,1996,South,89763.86,Year,Y,Denied
EZYV16324,Asia,Bachelor's,N,N,3719,1997,West,109359.52,Year,Y,Certified
EZYV17830,Asia,Bachelor's,Y,N,3597,1972,West,79043.28,Week,Y,Certified
EZYV9720,Europe,Doctorate,Y,N,3735,2005,South,9519.29,Year,Y,Certified
EZYV1442,Asia,Master's,Y,N,6245,2002,Northeast,30991.38,Year,Y,Certified
EZYV16831,Asia,Bachelor's,Y,N,3387,2000,South,39547.89,Year,Y,Certified
EZYV21862,Europe,Bachelor's,Y,N,223,1882,Northeast,196.4283,Hour,Y,Denied
EZYV1048,Asia,Doctorate,Y,N,4448,2001,Northeast,45594.69,Year,Y,Certified
EZYV3744,North America,High School,N,Y,2157,2001,West,136075.59,Year,Y,Denied
EZYV25301,South America,Bachelor's,N,Y,3474,1909,South,179592.42,Year,Y,Certified
EZYV3001,Asia,High School,Y,N,3138,2005,West,114979.89,Year,Y,Denied
EZYV7557,North America,Bachelor's,Y,N,1437,1968,South,115704.99,Year,N,Denied
EZYV6441,Europe,Doctorate,Y,N,3969,2004,Midwest,69732.24,Year,Y,Certified
EZYV9897,Asia,Master's,N,N,1127,1998,West,31320.59,Year,Y,Certified
EZYV7145,Asia,Master's,Y,N,657,1980,South,112538.43,Year,N,Certified
EZYV10307,Europe,Bachelor's,Y,N,2981,1989,Northeast,10171.6,Year,Y,Certified
EZYV14617,Asia,Master's,N,N,256640,1871,West,22939.32,Year,Y,Denied
EZYV14901,Europe,Master's,Y,N,2158,1985,Northeast,195129.39,Year,Y,Certified
EZYV20256,North America,Master's,N,N,3250,2006,West,78724.09,Year,N,Certified
EZYV6787,Asia,Bachelor's,Y,N,724,2011,Midwest,118923.51,Year,Y,Certified
EZYV2713,Asia,Bachelor's,N,N,3529,2007,South,100989.94,Year,Y,Denied
EZYV25279,Asia,Bachelor's,N,N,319,1982,South,43573.51,Year,Y,Denied
EZYV3489,North America,High School,N,N,1913,2005,South,63801.03,Year,Y,Denied
EZYV14904,Europe,Bachelor's,N,Y,847,1999,West,7959.97,Year,Y,Certified
EZYV4017,Asia,Bachelor's,N,N,1638,2003,Midwest,119365.41,Year,Y,Denied
EZYV14784,Asia,High School,N,N,1132,2010,Midwest,78399.09,Year,Y,Denied
EZYV3523,Asia,Master's,N,N,121,1899,Northeast,76994.41,Year,Y,Denied
EZYV5392,Asia,Master's,N,N,1991,1976,Northeast,91457.65,Year,Y,Certified
EZYV10779,Asia,Bachelor's,Y,N,565,1981,Northeast,67954.04,Year,Y,Certified
EZYV10991,Asia,Doctorate,N,N,475,1992,Midwest,153.77,Hour,Y,Certified
EZYV18043,Asia,Bachelor's,Y,N,1289,1956,West,87035.55,Year,Y,Certified
EZYV19600,Europe,Bachelor's,N,N,2459,1983,Midwest,166149.05,Year,Y,Certified
EZYV48,Asia,High School,Y,N,226,1991,Midwest,156251.17,Year,Y,Certified
EZYV1342,North America,Bachelor's,N,N,2016,1991,Northeast,92662.95,Year,Y,Denied
EZYV8698,North America,High School,Y,N,2248,1875,Northeast,40648.51,Year,Y,Certified
EZYV4863,North America,Bachelor's,Y,N,187,1838,West,79462.83,Week,Y,Denied
EZYV8877,Asia,Bachelor's,Y,N,724,2008,Northeast,101118.4,Year,Y,Certified
EZYV9414,Asia,High School,N,N,889,2011,Northeast,118.39,Hour,Y,Denied
EZYV19398,North America,Bachelor's,N,N,3217,1979,Northeast,47940.75,Year,Y,Denied
EZYV13082,Asia,Master's,Y,N,142,1848,South,156419.98,Year,Y,Certified
EZYV5908,Asia,Master's,N,N,5449,2007,West,63738.24,Year,Y,Certified
EZYV14894,Asia,Bachelor's,Y,N,833,2007,Northeast,85801.9,Year,Y,Denied
EZYV6829,Africa,Bachelor's,N,N,3402,1929,Northeast,94270.24,Year,Y,Denied
EZYV20048,Asia,Bachelor's,N,N,2084,2003,West,86025.48,Year,Y,Certified
EZYV20303,Asia,Master's,Y,N,4185,2010,South,86941.39,Year,Y,Certified
EZYV9312,Asia,High School,N,N,1445,2006,West,109517.41,Year,Y,Denied
EZYV2768,Asia,Bachelor's,Y,N,5266,1974,South,120669.76,Year,Y,Certified
EZYV6723,Asia,Master's,N,N,3717,1923,Northeast,68344.49,Year,Y,Certified
EZYV12103,Asia,High School,N,Y,808,1800,West,127303.96,Year,Y,Denied
EZYV23784,Asia,Bachelor's,N,Y,652,2000,South,93006.58,Year,Y,Denied
EZYV9394,Asia,Master's,Y,N,1775,1999,Midwest,91696.75,Year,Y,Certified
EZYV3966,Oceania,Bachelor's,N,N,323,1998,West,111862.85,Year,Y,Denied
EZYV10726,Asia,Doctorate,Y,N,835,2005,West,18680.34,Year,Y,Certified
EZYV19205,Asia,High School,Y,Y,1228,2008,South,37925.91,Year,Y,Certified
EZYV14062,Europe,Bachelor's,N,N,2738,1947,Northeast,58910.11,Year,Y,Certified
EZYV18776,Asia,Master's,Y,Y,421,2004,South,34809.45,Year,Y,Certified
EZYV13292,Asia,Bachelor's,Y,N,3936,2005,Northeast,72002.31,Year,Y,Certified
EZYV1097,Asia,Bachelor's,Y,N,4457,1986,Northeast,44966.61,Year,Y,Certified
EZYV18862,Asia,Master's,Y,N,2287,2001,West,80920.24,Year,Y,Denied
EZYV5060,North America,Bachelor's,N,N,2286,2007,Northeast,370.3349,Hour,Y,Denied
EZYV3378,Asia,Master's,Y,N,4312,2001,West,85556.83,Year,N,Certified
EZYV12215,Oceania,Master's,Y,Y,2128,2000,West,37915.63,Year,Y,Certified
EZYV2679,Asia,High School,N,N,3673,2009,South,65274.27,Year,Y,Denied
EZYV24667,Asia,Master's,Y,N,2561,1990,Northeast,113138.5,Year,N,Denied
EZYV25059,Asia,Bachelor's,N,N,93,1996,South,84941.83,Year,Y,Denied
EZYV5059,Asia,High School,Y,N,1333,1999,West,22791.31,Year,Y,Denied
EZYV7373,Asia,Bachelor's,Y,N,727,2007,Northeast,140986.28,Year,Y,Certified
EZYV1525,Asia,Bachelor's,Y,N,2678,2009,West,68918.58,Year,Y,Certified
EZYV2686,North America,Master's,N,N,627,1994,Northeast,94618.77,Year,Y,Denied
EZYV14974,Asia,Master's,Y,Y,1071,1993,West,53166.19,Year,Y,Certified
EZYV12476,South America,High School,Y,Y,1818,2006,Midwest,22300.68,Year,Y,Denied
EZYV10994,Asia,High School,N,Y,1199,2009,West,103.07,Hour,Y,Denied
EZYV1277,North America,Bachelor's,Y,N,2596,2001,South,73989.7,Year,N,Certified
EZYV1475,Asia,Master's,Y,N,706,1994,Midwest,58285.07,Year,Y,Certified
EZYV23635,Africa,Bachelor's,Y,N,213,2012,Northeast,156.4177,Hour,Y,Denied
EZYV24773,Asia,Bachelor's,N,N,2853,1984,Northeast,396.932,Hour,Y,Denied
EZYV14581,Asia,Master's,Y,N,1987,2006,South,159244.73,Year,N,Certified
EZYV7339,Asia,Bachelor's,Y,N,361,2005,Northeast,114646.69,Year,Y,Certified
EZYV23574,Asia,Bachelor's,N,N,1074,2004,Midwest,522.3493,Hour,Y,Denied
EZYV6990,Asia,Master's,N,N,2076,2005,Midwest,238893.91,Year,Y,Certified
EZYV13388,South America,Master's,N,N,2662,1877,Northeast,327.6936,Hour,Y,Denied
EZYV25102,Asia,Bachelor's,Y,N,3788,2006,South,64227.55,Year,Y,Certified
EZYV14550,Asia,Bachelor's,N,N,2215,1985,Northeast,55969.91,Year,Y,Certified
EZYV15073,Asia,Bachelor's,Y,N,692,2005,Northeast,30896.18,Year,Y,Certified
EZYV9937,North America,Bachelor's,Y,N,1539,1884,South,72287.41,Year,Y,Denied
EZYV16379,Asia,High School,N,N,2627,2015,Midwest,82526.87,Year,Y,Certified
EZYV1796,Asia,Master's,Y,N,1769,2005,South,22362.38,Year,N,Certified
EZYV8048,Asia,Master's,N,N,2986,1999,South,118359.06,Year,N,Certified
EZYV22780,Asia,Bachelor's,N,N,2383,2005,West,70678.86,Year,Y,Certified
EZYV14538,Europe,Bachelor's,N,Y,1689,1880,South,44428.4,Year,Y,Certified
EZYV9186,South America,Master's,N,N,1193,1972,South,82923.63,Year,N,Certified
EZYV20910,North America,Bachelor's,N,Y,801,1983,West,67228.19,Year,Y,Certified
EZYV6699,Asia,Master's,Y,N,3272,2012,West,150845.9,Year,Y,Certified
EZYV5706,Asia,Master's,N,N,2537,1966,West,67384.42,Year,N,Certified
EZYV2857,Asia,Bachelor's,N,Y,20682,1997,Northeast,198071.34,Year,N,Denied
EZYV9575,Asia,Bachelor's,Y,N,298,1968,Northeast,92074.16,Year,Y,Certified
EZYV14841,Europe,Master's,N,N,684,1949,Northeast,78456.54,Year,Y,Denied
EZYV14118,Asia,Bachelor's,Y,Y,1535,2003,South,128294.66,Year,Y,Certified
EZYV34,Asia,High School,N,N,2395,2000,South,81921.18,Year,Y,Certified
EZYV6439,Asia,Master's,Y,N,815,2011,South,3232.72,Year,Y,Certified
EZYV15935,North America,High School,Y,N,174,2004,South,72986.07,Year,Y,Certified
EZYV6916,Europe,High School,Y,N,4896,1997,West,183053.93,Year,Y,Denied
EZYV14992,Asia,Bachelor's,N,N,5816,2012,Northeast,98525.42,Year,Y,Denied
EZYV6325,North America,Master's,Y,N,15190,1940,South,67120.04,Year,Y,Certified
EZYV8550,Europe,Master's,Y,N,857,2006,South,72161.02,Year,Y,Certified
EZYV6929,Europe,Master's,Y,N,1674,1998,West,517.271,Hour,Y,Certified
EZYV13190,Asia,Master's,Y,N,1087,2013,Midwest,70910.04,Year,N,Certified
EZYV22733,Asia,Bachelor's,Y,N,370,2005,Midwest,73806.47,Year,Y,Denied
EZYV6275,Asia,Master's,Y,N,2088,2012,Northeast,80886.4,Week,Y,Certified
EZYV2761,Asia,Master's,Y,N,1136,2010,Midwest,940.4745,Hour,Y,Certified
EZYV18747,Asia,Bachelor's,Y,Y,925,1950,South,112835.92,Year,Y,Certified
EZYV23233,Asia,Bachelor's,Y,N,1974,1989,Midwest,109746.21,Year,Y,Certified
EZYV4129,Europe,Master's,N,N,2372,1997,Northeast,39279.47,Year,Y,Certified
EZYV4764,Asia,Master's,N,N,2732,2009,South,106394.65,Year,Y,Certified
EZYV6668,Asia,Bachelor's,Y,N,2692,1992,South,135251.97,Year,Y,Certified
EZYV11000,Europe,Bachelor's,N,N,1961,1964,Midwest,90028.66,Year,Y,Denied
EZYV2445,North America,Master's,Y,N,4703,2001,Northeast,11709.44,Year,Y,Certified
EZYV10958,North America,Master's,Y,N,2316,2004,South,35361.6,Year,N,Certified
EZYV4472,North America,Bachelor's,N,N,2347,1999,West,95496.49,Year,Y,Denied
EZYV14606,Asia,Bachelor's,N,Y,559,2010,South,71753.14,Year,Y,Certified
EZYV10011,Asia,Master's,Y,N,2344,1985,Midwest,849.9988,Hour,Y,Certified
EZYV3616,Asia,Master's,N,N,74599,1992,Midwest,68978.65,Year,Y,Denied
EZYV3337,Asia,Master's,Y,N,3774,1989,Midwest,123773.37,Year,Y,Certified
EZYV274,Africa,Master's,N,N,1608,2009,West,118.84,Hour,Y,Denied
EZYV25353,Asia,Bachelor's,Y,N,732,2005,Midwest,98270.27,Year,Y,Certified
EZYV4285,Asia,Master's,Y,N,2503,1855,South,99846.26,Year,Y,Certified
EZYV8014,Asia,Bachelor's,N,N,293,2005,Midwest,157243.55,Year,Y,Certified
EZYV14383,North America,High School,Y,N,2940,2003,Northeast,60310.32,Year,Y,Denied
EZYV7717,Asia,High School,N,Y,1985,1979,West,41351.1,Year,Y,Denied
EZYV16627,Asia,Bachelor's,N,N,12,2009,South,53879.06,Year,Y,Denied
EZYV6511,North America,Master's,N,N,922,1987,Midwest,309.606,Hour,Y,Denied
EZYV21674,Africa,Master's,Y,N,1953,1896,Midwest,222177.4,Year,N,Certified
EZYV7429,Asia,Bachelor's,Y,N,6060,2010,West,54538.9,Year,Y,Certified
EZYV7271,Asia,Bachelor's,Y,N,464,1931,South,51003.31,Year,Y,Denied
EZYV11852,Asia,Bachelor's,Y,N,87,1897,South,277104.8,Year,Y,Denied
EZYV5325,Europe,Bachelor's,N,Y,715,2001,South,30155.88,Year,Y,Certified
EZYV8609,Asia,Master's,Y,N,3114,1804,South,42301.85,Year,Y,Certified
EZYV3956,North America,Master's,Y,N,1052,2012,Northeast,54020.8,Year,N,Certified
EZYV12510,Asia,Master's,Y,N,692,1994,Midwest,90161.57,Year,Y,Certified
EZYV7860,Asia,Bachelor's,Y,N,1734,1981,Midwest,45096.64,Year,Y,Certified
EZYV3255,Europe,Bachelor's,Y,N,1391,1990,West,62700.13,Year,Y,Certified
EZYV7013,South America,High School,N,N,2255,1879,Northeast,807.5226,Hour,Y,Certified
EZYV16354,Asia,Master's,N,N,3649,1998,South,64740.62,Year,Y,Denied
EZYV7897,Asia,Master's,Y,N,172,1996,Midwest,85525.52,Year,Y,Certified
EZYV19501,Asia,Bachelor's,N,N,1471,2003,South,357.4301,Hour,Y,Denied
EZYV14075,Asia,Master's,Y,N,4225,1989,Northeast,128093.42,Year,N,Denied
EZYV22311,Europe,High School,Y,N,28,1868,South,29387.85,Year,Y,Certified
EZYV4502,Asia,High School,Y,N,2058,1977,South,36456.21,Year,Y,Denied
EZYV17851,Asia,High School,Y,N,1456,1998,West,29755.58,Year,Y,Certified
EZYV11721,Asia,Bachelor's,Y,N,546,1913,South,105068.54,Year,N,Certified
EZYV21452,Asia,High School,N,Y,840,1969,West,120461.75,Year,Y,Certified
EZYV18247,North America,Master's,Y,N,290,1965,Northeast,97716.09,Year,N,Certified
EZYV20013,Asia,Bachelor's,Y,N,51,2007,Midwest,81750.32,Year,Y,Denied
EZYV14104,Europe,Doctorate,N,N,4080,1990,West,6778.45,Year,Y,Certified
EZYV20609,North America,Bachelor's,N,N,915,1995,South,124160.54,Year,N,Denied
EZYV20465,North America,Master's,N,N,1154,1977,South,52.0516,Hour,Y,Denied
EZYV23772,Asia,High School,Y,N,3483,1980,Northeast,43352.31,Year,Y,Certified
EZYV6812,South America,Master's,Y,N,3670,2004,South,16452.12,Year,Y,Certified
EZYV13611,Asia,Bachelor's,N,N,5746,1991,Northeast,145475.92,Year,Y,Certified
EZYV236,North America,High School,N,N,2147,1986,West,87390.54,Year,Y,Denied
EZYV22653,Asia,High School,N,N,1437,1986,Midwest,68305.11,Year,Y,Certified
EZYV4280,Europe,Bachelor's,N,N,4290,1916,West,144289.68,Year,Y,Certified
EZYV3281,Asia,Master's,N,Y,2380,1997,Northeast,171059.56,Year,Y,Denied
EZYV4337,Asia,Doctorate,Y,N,328,1960,West,37650.38,Year,Y,Certified
EZYV8566,South America,Master's,Y,N,78199,1972,South,107713.29,Year,Y,Certified
EZYV4006,North America,High School,N,N,11150,1981,South,329.0075,Hour,Y,Denied
EZYV9268,North America,High School,Y,N,1803,2000,South,414.9863,Hour,Y,Certified
EZYV18068,Europe,Master's,N,N,1106,2010,Midwest,89419.65,Year,Y,Denied
EZYV2515,South America,Doctorate,Y,N,854,1996,South,86736.35,Year,Y,Certified
EZYV18313,Asia,Master's,Y,N,5255,2008,West,47178.53,Year,Y,Certified
EZYV9694,North America,Master's,N,N,19686,1873,Midwest,75144.36,Year,N,Certified
EZYV9267,Asia,Master's,Y,N,2064,2009,Midwest,67562.69,Week,Y,Certified
EZYV247,Europe,Doctorate,Y,Y,1025,2005,Northeast,80580.97,Year,Y,Certified
EZYV18331,Europe,Master's,Y,N,2044,1975,West,52066.67,Year,Y,Certified
EZYV10311,Asia,High School,Y,Y,8947,1982,West,128434.3,Year,Y,Denied
EZYV21237,Asia,Bachelor's,Y,N,2835,1980,South,31425.15,Year,Y,Denied
EZYV21132,Asia,Bachelor's,N,N,1438,1998,West,219.0587,Hour,Y,Denied
EZYV4563,Asia,Master's,N,N,1762,2000,Midwest,82835.52,Year,Y,Denied
EZYV22340,North America,Master's,Y,N,4566,1855,Northeast,34951.03,Year,Y,Certified
EZYV18556,South America,Bachelor's,N,N,3029,2006,South,63466.47,Year,Y,Denied
EZYV23590,North America,Master's,Y,N,2091,1946,South,78442.42,Year,N,Certified
EZYV19540,Asia,High School,Y,N,4006,2003,South,27952.76,Year,Y,Denied
EZYV23782,Asia,Bachelor's,Y,N,5139,1993,Northeast,55044.58,Year,N,Certified
EZYV14588,Asia,Master's,Y,N,532,1999,West,69290.74,Year,Y,Certified
EZYV10704,Asia,Bachelor's,Y,N,3120,1878,Northeast,35964.36,Year,Y,Certified
EZYV17757,North America,Bachelor's,Y,N,3808,1997,Northeast,76253.83,Year,Y,Denied
EZYV330,Asia,Bachelor's,Y,N,2698,1970,West,34168.31,Year,Y,Certified
EZYV842,Asia,High School,N,N,8315,1994,South,105974.33,Year,Y,Certified
EZYV24670,Europe,Master's,Y,N,3121,1983,West,27658.53,Year,Y,Certified
EZYV21978,Asia,Master's,Y,N,1919,1999,Midwest,58744.25,Year,Y,Certified
EZYV3352,Asia,Bachelor's,N,N,569,1840,Northeast,111155.99,Year,Y,Denied
EZYV21213,Asia,Bachelor's,N,N,43580,1997,West,119.03,Hour,Y,Denied
EZYV21788,Europe,Bachelor's,N,N,1708,1989,South,118.1343,Hour,Y,Denied
EZYV18619,Europe,Bachelor's,Y,N,348,1872,South,401.478,Hour,Y,Denied
EZYV19768,Asia,Master's,Y,N,1574,1870,Northeast,23358.1,Year,Y,Certified
EZYV5812,Asia,Master's,Y,N,160,2006,Midwest,54076.88,Year,N,Certified
EZYV2903,Asia,Master's,N,Y,2632,1995,West,66822.96,Year,Y,Denied
EZYV20845,Asia,Master's,N,N,1734,1990,Northeast,232462.72,Year,N,Certified
EZYV12154,Asia,Master's,Y,Y,1048,2001,Northeast,73275.41,Year,Y,Certified
EZYV5063,Asia,Master's,Y,N,5685,1854,Midwest,99679.29,Year,Y,Certified
EZYV272,North America,Master's,Y,N,1233,2001,South,141129.7,Year,N,Certified
EZYV18937,North America,Master's,N,N,2974,1976,South,255.9271,Hour,Y,Denied
EZYV8641,Asia,Master's,N,N,2185,2013,Midwest,141040.99,Year,Y,Certified
EZYV6591,Europe,Bachelor's,N,Y,780,1944,Northeast,58230.32,Year,Y,Certified
EZYV1040,Europe,High School,Y,Y,2970,1976,South,62170.47,Year,Y,Certified
EZYV16494,Asia,Bachelor's,Y,N,4181,1911,South,48416.38,Year,N,Certified
EZYV5263,Asia,Master's,Y,N,3266,2006,Midwest,30384.52,Year,Y,Certified
EZYV1064,Europe,Doctorate,Y,N,4102,1854,West,5245.16,Year,Y,Certified
EZYV24229,Asia,Master's,Y,N,405,2003,South,117309.25,Year,Y,Certified
EZYV11861,Asia,High School,Y,N,3991,2013,Midwest,49909.86,Year,Y,Denied
EZYV19050,Asia,Master's,Y,N,3022,1998,Northeast,149323.57,Year,N,Denied
EZYV22537,Asia,Bachelor's,Y,N,1520,1977,West,430.4693,Hour,Y,Certified
EZYV4646,Europe,Doctorate,N,Y,2320,1872,West,4011.29,Year,Y,Certified
EZYV3137,Asia,Bachelor's,N,N,2602,2005,West,93477.81,Year,Y,Denied
EZYV24957,South America,Master's,N,N,2168,2001,Midwest,82306.02,Year,Y,Certified
EZYV6730,Asia,Doctorate,Y,N,2867,2003,Midwest,64826.49,Year,Y,Certified
EZYV12586,Asia,Bachelor's,N,N,247,2001,Northeast,59328.04,Year,Y,Certified
EZYV1720,Asia,High School,Y,Y,3422,2010,Midwest,24076.35,Year,Y,Certified
EZYV12844,Asia,Doctorate,N,Y,2927,1970,West,69019.9,Year,Y,Certified
EZYV7823,Asia,Bachelor's,Y,N,48821,1989,Northeast,28035.83,Year,Y,Certified
EZYV10322,Asia,Bachelor's,N,N,245,1977,West,20901.58,Year,Y,Denied
EZYV58,Asia,Bachelor's,Y,N,2825,1996,Northeast,14174.04,Year,Y,Certified
EZYV21123,Asia,Bachelor's,N,N,3534,2010,West,120174.36,Year,Y,Denied
EZYV11900,Asia,Master's,Y,N,3963,2005,West,75028.34,Year,N,Certified
EZYV13135,Europe,Doctorate,Y,N,1147,2009,South,49087.04,Year,Y,Certified
EZYV11094,Asia,Master's,Y,N,2539,1993,West,458.9084,Hour,Y,Certified
EZYV13973,North America,High School,N,N,1062,2001,Midwest,124883.71,Year,Y,Denied
EZYV10753,Asia,Master's,N,N,2690,1994,South,33614.19,Year,Y,Denied
EZYV21331,Asia,High School,Y,N,128655,2004,West,22844.38,Year,Y,Denied
EZYV8152,Asia,Master's,N,N,1032,1963,Northeast,134507.5,Year,N,Certified
EZYV14961,Asia,Bachelor's,N,N,880,1838,Northeast,225.6105,Hour,Y,Certified
EZYV23303,Asia,Bachelor's,Y,N,5803,2012,South,36915.9,Year,N,Denied
EZYV21135,North America,Bachelor's,N,N,1038,2006,Midwest,9189.48,Year,Y,Denied
EZYV5230,Asia,Master's,N,Y,4473,1983,Northeast,163519.84,Year,Y,Certified
EZYV19068,Asia,Doctorate,Y,N,4216,2004,Northeast,35628.54,Year,Y,Certified
EZYV25139,Asia,Bachelor's,Y,N,2813,2000,West,78506.61,Year,Y,Certified
EZYV16515,Africa,High School,N,N,239,1999,South,11591.28,Year,Y,Denied
EZYV19660,Asia,Master's,Y,N,2749,1855,West,63788.18,Year,Y,Certified
EZYV10540,Asia,Bachelor's,N,N,652,2005,Midwest,95868.76,Year,N,Certified
EZYV22456,North America,Bachelor's,N,N,1905,2012,South,62561.71,Year,N,Certified
EZYV4115,Asia,Bachelor's,Y,N,2700,2000,Midwest,77049.94,Year,Y,Certified
EZYV16682,Asia,Master's,N,N,4503,2001,South,108114.13,Year,N,Certified
EZYV13427,Europe,Doctorate,N,Y,561,2013,Midwest,25571.18,Year,Y,Certified
EZYV14936,North America,Bachelor's,Y,N,4595,1969,Northeast,388.5618,Hour,Y,Denied
EZYV14379,Asia,Bachelor's,N,Y,3863,1958,West,66835.19,Year,Y,Denied
EZYV13860,Europe,Bachelor's,N,N,2138,1948,Midwest,111923.44,Year,Y,Denied
EZYV22209,Asia,High School,Y,N,127,2003,Midwest,66641.85,Year,Y,Certified
EZYV10562,Asia,High School,N,Y,4501,1926,South,106202.1,Year,Y,Denied
EZYV24810,Asia,Bachelor's,Y,N,76775,1992,Northeast,95169.1,Year,Y,Certified
EZYV5355,Asia,High School,Y,N,32,1855,Midwest,307410.02,Year,Y,Denied
EZYV10931,Asia,Bachelor's,N,N,512,1950,Northeast,61246.03,Year,Y,Denied
EZYV13538,Asia,Master's,Y,N,1273,2006,Midwest,117089.71,Year,Y,Certified
EZYV3777,Europe,Bachelor's,N,N,1220,2010,Midwest,125799.78,Year,Y,Certified
EZYV14239,North America,Bachelor's,N,N,2079,1963,South,56.6515,Hour,Y,Denied
EZYV23350,North America,Master's,Y,N,553,2007,Northeast,56209.21,Year,Y,Certified
EZYV14955,South America,High School,N,N,4360,2009,West,55713.88,Year,Y,Denied
EZYV1860,Oceania,Bachelor's,Y,Y,5066,1987,Northeast,68411.23,Year,Y,Denied
EZYV6100,Europe,High School,Y,N,1258,1970,West,12503.66,Year,Y,Denied
EZYV5564,Asia,Master's,Y,N,1596,2003,West,47249.12,Year,Y,Certified
EZYV18817,Asia,Master's,Y,N,3841,2007,West,79655.33,Year,Y,Denied
EZYV8962,Asia,Master's,Y,N,358,2009,South,105159.8,Year,N,Certified
EZYV23801,Asia,Master's,Y,N,1035,1867,South,146371.91,Year,Y,Certified
EZYV15237,Asia,Bachelor's,N,Y,519,1993,South,142311.74,Year,Y,Denied
EZYV15615,Asia,Master's,Y,N,2888,1926,Midwest,32171.13,Year,Y,Certified
EZYV7236,Asia,Doctorate,Y,N,1227,2010,West,128008.3,Year,Y,Certified
EZYV6381,Asia,Bachelor's,N,N,3903,1988,South,115400.82,Year,Y,Certified
EZYV9542,Asia,Master's,Y,N,3071,1924,Northeast,87988.83,Year,Y,Certified
EZYV22565,Europe,Doctorate,Y,N,1822,2012,South,77372.83,Year,Y,Certified
EZYV23798,Asia,Bachelor's,Y,N,347,1989,Northeast,191522.61,Year,N,Certified
EZYV21071,South America,Doctorate,Y,Y,4242,1840,Northeast,76172.83,Year,Y,Certified
EZYV24693,Asia,Bachelor's,N,N,2245,1998,Midwest,145088.3,Year,Y,Certified
EZYV21511,Europe,Bachelor's,N,N,2378,2002,Northeast,743.8071,Hour,Y,Certified
EZYV12874,Asia,High School,Y,N,3420,1948,Northeast,14115.27,Year,Y,Denied
EZYV3475,Asia,High School,Y,N,697,1997,Island,114518.73,Year,Y,Denied
EZYV6786,Asia,Master's,N,N,2368,1881,West,126.1176,Hour,Y,Certified
EZYV4064,Asia,Master's,Y,N,2172,1868,West,83449.6,Year,Y,Certified
EZYV12500,Oceania,High School,N,N,1497,1993,Northeast,132930.51,Year,Y,Denied
EZYV11798,Asia,Bachelor's,Y,N,903,2011,West,73995.95,Year,Y,Certified
EZYV23958,Asia,Master's,N,N,1436,1911,South,67102.71,Year,Y,Denied
EZYV11857,Asia,Master's,Y,N,2732,2011,West,720.7702,Hour,Y,Certified
EZYV21745,Europe,Master's,N,N,1872,2005,South,14943.16,Year,Y,Certified
EZYV1394,North America,Master's,N,N,1922,1992,Northeast,746.2808,Hour,Y,Denied
EZYV16289,Asia,Bachelor's,Y,N,1668,2004,Northeast,56342.83,Year,Y,Denied
EZYV22718,Asia,Bachelor's,N,N,298,1962,Northeast,28188.27,Week,Y,Denied
EZYV24460,Asia,Master's,N,N,838,2009,West,132681.91,Week,Y,Certified
EZYV25130,Asia,Bachelor's,N,N,2256,2012,South,118776.18,Year,Y,Denied
EZYV8110,Asia,Master's,Y,N,4607,2012,Midwest,129261.95,Year,Y,Certified
EZYV25076,Asia,High School,N,N,184,1969,West,65383.86,Year,Y,Certified
EZYV13717,Asia,Master's,Y,N,4831,2013,South,219465.03,Year,Y,Certified
EZYV3865,Europe,Doctorate,N,N,412207,1984,South,9789.32,Year,Y,Certified
EZYV4621,Europe,Bachelor's,Y,N,1906,2007,West,6925.92,Year,Y,Certified
EZYV21342,North America,Doctorate,Y,N,2974,1888,Midwest,115975.86,Year,Y,Certified
EZYV11419,Europe,Master's,N,N,1993,2008,Midwest,55665.53,Year,Y,Certified
EZYV23724,Asia,Master's,Y,N,1305,1994,Northeast,94569.83,Year,Y,Denied
EZYV24983,Asia,Master's,N,N,852,1977,Midwest,86573.9,Year,Y,Denied
EZYV6028,Asia,Master's,Y,Y,1900,2005,Northeast,72782.53,Year,Y,Certified
EZYV10593,Asia,Bachelor's,N,N,1103,1998,West,33573.69,Year,Y,Denied
EZYV15755,Asia,Bachelor's,Y,N,1647,1969,South,129676.9,Year,Y,Denied
EZYV8178,Europe,Master's,N,N,575,2009,West,7402.21,Year,Y,Certified
EZYV12455,Asia,Doctorate,Y,N,2636,1881,Northeast,57365.7,Year,Y,Certified
EZYV13206,Asia,Master's,N,N,358,2006,Midwest,41706.32,Year,Y,Certified
EZYV16490,Asia,Master's,Y,N,946,1960,South,24351.87,Year,Y,Certified
EZYV20723,Europe,High School,N,N,3340,1986,Midwest,80503.57,Year,Y,Certified
EZYV18533,North America,Master's,Y,N,430,1955,South,37050.2,Year,Y,Certified
EZYV13361,South America,Doctorate,N,N,2029,1853,Northeast,45160.77,Year,Y,Denied
EZYV15321,Asia,Bachelor's,Y,N,3587,1993,Northeast,46928.77,Year,Y,Denied
EZYV23294,North America,Master's,Y,N,5031,1997,West,8602.9,Year,Y,Certified
EZYV21738,Asia,Bachelor's,Y,N,2500,1998,South,78956.76,Year,N,Denied
EZYV13362,Asia,Doctorate,N,N,1874,1888,South,164556.19,Year,Y,Denied
EZYV2928,Asia,Master's,Y,N,2005,1889,South,35368.29,Week,Y,Certified
EZYV20597,Asia,Bachelor's,Y,N,3712,2012,Northeast,135642.72,Year,Y,Certified
EZYV186,Asia,High School,Y,Y,557,2010,Northeast,313.835,Hour,Y,Denied
EZYV4505,Asia,Master's,N,N,894,1996,Northeast,82152.69,Year,Y,Denied
EZYV5618,Asia,Master's,Y,N,2423,1991,South,126768.92,Year,Y,Certified
EZYV16719,Europe,Doctorate,N,N,1546,1997,South,110248.49,Year,Y,Certified
EZYV6074,Asia,Master's,N,N,4679,1998,West,85248.54,Year,N,Certified
EZYV23158,Asia,High School,N,N,2995,1981,Midwest,115651.81,Month,Y,Denied
EZYV18264,Asia,Master's,Y,N,2453,2005,South,15408.0,Year,Y,Certified
EZYV23056,Asia,Bachelor's,N,N,1214,1994,Northeast,31405.29,Year,Y,Certified
EZYV13630,South America,Bachelor's,Y,N,334,1855,Midwest,46.0198,Hour,Y,Certified
EZYV5095,Asia,Bachelor's,N,Y,2219,1885,South,145800.71,Year,Y,Denied
EZYV19556,Asia,Bachelor's,Y,N,1628,2006,South,42972.11,Year,N,Certified
EZYV9885,Europe,Bachelor's,Y,N,984,1892,South,20643.7,Year,Y,Certified
EZYV20364,Asia,Master's,Y,N,5392,1999,West,154598.13,Year,N,Certified
EZYV6597,Africa,Master's,N,N,4649,2004,Northeast,125357.27,Year,Y,Certified
EZYV12553,Asia,High School,N,N,1320,2012,Northeast,3209.68,Year,Y,Denied
EZYV1812,Europe,Doctorate,N,N,108200,1994,South,1469.21,Year,Y,Certified
EZYV8892,Asia,Bachelor's,Y,N,1248,2013,South,61037.74,Year,Y,Certified
EZYV11080,North America,Master's,N,N,2782,2003,Northeast,44908.7,Year,Y,Certified
EZYV14542,Asia,Master's,Y,N,1543,1997,South,141681.65,Year,Y,Certified
EZYV14540,Europe,Doctorate,Y,N,2428,2012,Midwest,60083.76,Year,Y,Certified
EZYV6510,North America,Master's,Y,N,968,2009,West,95290.58,Year,Y,Denied
EZYV15303,Asia,Doctorate,Y,N,837,1998,South,59585.99,Year,Y,Certified
EZYV2033,Asia,Doctorate,Y,Y,3111,2006,South,76006.93,Year,Y,Certified
EZYV22452,Asia,Bachelor's,N,N,294,2003,West,27803.06,Year,Y,Denied
EZYV19118,Asia,Bachelor's,Y,N,1387,1984,West,53782.48,Year,Y,Denied
EZYV17463,Asia,Bachelor's,Y,N,1289,1988,Northeast,16145.79,Year,Y,Certified
EZYV12558,Asia,High School,Y,N,1047,1995,South,50327.15,Year,N,Denied
EZYV2548,Asia,High School,Y,N,3490,2005,South,56520.43,Month,Y,Certified
EZYV22367,Europe,Bachelor's,N,N,1622,2009,South,99373.06,Year,Y,Certified
EZYV5691,Asia,Bachelor's,Y,N,320,2007,South,284.1352,Hour,Y,Denied
EZYV14058,Europe,High School,N,N,28714,1999,South,110504.11,Year,Y,Denied
EZYV7900,Europe,High School,N,N,121550,1999,West,334.46,Year,Y,Denied
EZYV15086,North America,Bachelor's,N,N,76161,1985,Northeast,48391.44,Year,Y,Certified
EZYV1855,Asia,Master's,Y,N,320,1994,Northeast,104717.32,Year,N,Certified
EZYV3145,Asia,Master's,Y,N,2582,2001,Midwest,97048.91,Year,Y,Certified
EZYV25069,Asia,Bachelor's,Y,N,68586,1992,South,88078.43,Year,Y,Certified
EZYV12871,Asia,Master's,N,Y,2137,1972,South,60675.54,Year,Y,Certified
EZYV15309,North America,Bachelor's,Y,N,3055,2000,South,875.4869,Hour,Y,Certified
EZYV1595,Asia,Bachelor's,Y,N,3667,2011,South,109575.72,Year,Y,Certified
EZYV15027,Asia,Master's,Y,N,5578,2007,Northeast,73920.82,Year,Y,Certified
EZYV17701,Asia,Bachelor's,N,N,1860,2010,Midwest,142852.07,Year,Y,Certified
EZYV19969,Europe,Bachelor's,N,N,2123,1993,Midwest,43006.74,Year,Y,Denied
EZYV22805,Africa,High School,N,Y,1834,2006,South,71444.97,Year,Y,Certified
EZYV2352,Asia,High School,Y,Y,594,2002,Midwest,13459.87,Year,Y,Certified
EZYV6010,Asia,Master's,Y,N,3967,2006,West,36902.54,Year,Y,Certified
EZYV14346,Asia,Bachelor's,N,N,324,1996,Midwest,62502.85,Year,Y,Certified
EZYV20642,Asia,Master's,Y,N,2796,1889,South,100563.87,Year,N,Certified
EZYV11471,Europe,Doctorate,Y,N,4970,1996,Northeast,10517.0,Year,Y,Certified
EZYV1841,Asia,Master's,N,N,2093,1980,Northeast,73697.87,Year,Y,Denied
EZYV2673,Asia,Master's,Y,N,1341,2006,South,49402.34,Year,N,Certified
EZYV23638,Asia,Bachelor's,N,N,3658,1997,Midwest,146429.5,Year,Y,Certified
EZYV19424,Asia,Master's,Y,N,1512,1999,West,100862.21,Year,Y,Denied
EZYV24889,Asia,High School,Y,N,3112,1996,South,15871.25,Year,Y,Certified
EZYV16152,Asia,Bachelor's,Y,N,3411,2007,Midwest,96261.1,Year,N,Denied
EZYV19235,Asia,Master's,Y,N,59,2013,Midwest,136191.93,Year,Y,Certified
EZYV8906,Asia,Master's,Y,N,1080,1974,Northeast,44593.41,Year,Y,Certified
EZYV20259,Asia,Bachelor's,Y,N,1493,1968,South,95892.37,Year,Y,Certified
EZYV4772,North America,Bachelor's,Y,N,477,2006,Northeast,119980.4,Year,N,Certified
EZYV8939,Asia,Bachelor's,Y,N,2678,1986,West,181850.95,Year,Y,Certified
EZYV10952,Asia,Bachelor's,N,N,1174,1998,West,26669.46,Year,Y,Denied
EZYV15569,Asia,Bachelor's,Y,N,1927,2005,South,114151.37,Year,Y,Denied
EZYV13789,Europe,Bachelor's,Y,N,1928,2004,West,184892.13,Year,Y,Denied
EZYV15989,Asia,Bachelor's,Y,Y,1859,2001,South,107545.49,Year,Y,Certified
EZYV15295,Asia,Bachelor's,N,N,3090,1973,West,33213.0,Year,Y,Certified
EZYV10829,Europe,Master's,Y,N,2936,1998,Northeast,46086.74,Year,Y,Certified
EZYV17434,Asia,Bachelor's,Y,N,216,2012,South,43000.39,Year,Y,Denied
EZYV6317,Asia,Master's,Y,N,5106,2001,South,53144.96,Year,Y,Certified
EZYV6449,Asia,High School,Y,N,2998,1922,Northeast,106705.86,Year,Y,Denied
EZYV24789,Asia,Master's,Y,N,3653,1932,West,115078.4,Year,N,Denied
EZYV4604,Asia,Bachelor's,N,N,2357,2006,Midwest,29254.71,Year,Y,Denied
EZYV14246,Asia,Master's,N,N,1436,2009,South,116388.77,Year,Y,Denied
EZYV12032,Europe,Bachelor's,Y,Y,2491,2001,West,67928.05,Year,Y,Certified
EZYV20555,North America,Master's,Y,N,3377,2008,South,190747.48,Year,Y,Certified
EZYV24303,Asia,Bachelor's,N,Y,3921,1999,West,177686.81,Year,Y,Denied
EZYV14681,Europe,Bachelor's,Y,N,2586,1999,Northeast,9801.82,Year,Y,Certified
EZYV5528,Oceania,Master's,N,N,343,1984,West,60181.19,Year,Y,Certified
EZYV6838,Asia,Master's,Y,N,4504,1997,Northeast,106592.06,Year,N,Certified
EZYV12630,North America,Master's,N,N,3101,2003,South,181137.69,Year,N,Certified
EZYV5243,Asia,Master's,Y,Y,7359,2010,South,79762.37,Year,Y,Certified
EZYV23728,Asia,Master's,N,N,1606,2006,Midwest,128913.55,Year,Y,Certified
EZYV1308,North America,Master's,Y,N,1139,1998,Northeast,92869.47,Year,N,Certified
EZYV1204,Asia,Bachelor's,Y,N,34554,2013,Midwest,246705.0,Year,N,Certified
EZYV8424,Asia,Bachelor's,N,N,1698,1997,South,52926.0,Year,Y,Certified
EZYV24307,Europe,Master's,Y,N,3824,1970,Northeast,99518.69,Year,N,Certified
EZYV20006,Europe,Bachelor's,N,N,1810,2010,Northeast,84680.26,Year,Y,Certified
EZYV4495,Asia,High School,N,N,379,2007,South,70191.7,Year,Y,Denied
EZYV21671,Asia,Master's,Y,N,1225,1945,West,2978.8,Year,Y,Certified
EZYV14004,North America,Master's,Y,N,1638,2001,Midwest,152197.59,Year,Y,Certified
EZYV13013,Europe,Bachelor's,N,N,5033,2007,Northeast,9662.34,Year,Y,Certified
EZYV14417,Asia,Master's,Y,N,376,1963,Northeast,7178.49,Year,Y,Certified
EZYV10688,Europe,Doctorate,Y,N,2642,1998,West,23613.92,Year,Y,Certified
EZYV9878,Asia,Bachelor's,Y,N,818,1995,South,587.7049,Hour,Y,Certified
EZYV4659,North America,Bachelor's,N,N,2239,1966,West,32853.44,Year,Y,Denied
EZYV5126,Asia,Master's,N,N,4116,2003,South,605.1812,Hour,Y,Certified
EZYV21979,North America,Bachelor's,N,N,2153,1856,West,86018.9,Year,Y,Denied
EZYV7791,Asia,Master's,Y,N,1052,1998,Midwest,43354.49,Year,N,Certified
EZYV3838,Europe,Doctorate,Y,N,13333,2013,West,96377.18,Year,Y,Certified
EZYV21761,Asia,Bachelor's,Y,N,-25,2000,West,100463.58,Year,Y,Certified
EZYV15606,South America,High School,N,N,2020,1999,Island,221.6987,Hour,Y,Denied
EZYV11371,Europe,Bachelor's,N,N,3350,2008,Northeast,127065.45,Year,Y,Certified
EZYV18850,Asia,High School,Y,N,2685,2001,West,51463.0,Year,Y,Certified
EZYV7496,Europe,Master's,Y,Y,1347,1997,West,219351.89,Year,Y,Certified
EZYV18474,Asia,Master's,Y,N,2138,2010,South,69557.01,Year,Y,Certified
EZYV6451,North America,High School,N,N,2383,2011,Midwest,56263.37,Year,Y,Certified
EZYV23110,Asia,Master's,N,N,3520,2009,Northeast,86764.79,Year,Y,Denied
EZYV18049,Asia,Master's,N,N,172,2007,Midwest,80512.92,Year,Y,Certified
EZYV21741,Asia,Bachelor's,N,N,3055,2001,South,52185.85,Year,Y,Certified
EZYV1670,North America,Bachelor's,N,N,1297,1956,South,41969.87,Year,Y,Certified
EZYV1423,North America,High School,N,N,1667,2005,Northeast,86751.87,Year,Y,Denied
EZYV11998,Asia,Bachelor's,N,N,2850,1874,Midwest,80076.94,Year,Y,Denied
EZYV22325,Europe,Master's,N,N,4348,2001,South,29636.78,Year,Y,Certified
EZYV14390,Asia,Master's,N,N,346,1995,Northeast,57972.3,Year,Y,Certified
EZYV24542,Asia,Bachelor's,N,N,1768,1902,Midwest,128019.96,Year,Y,Certified
EZYV20940,North America,Bachelor's,N,N,3972,2007,West,63152.63,Year,Y,Denied
EZYV18856,South America,Master's,Y,N,4334,1998,West,53538.37,Year,Y,Certified
EZYV8019,Asia,Master's,N,N,157,1987,Midwest,103393.93,Year,N,Certified
EZYV19202,Europe,Bachelor's,N,N,1216,1994,West,83693.1,Year,Y,Certified
EZYV16891,Europe,Bachelor's,N,Y,1902,1997,Northeast,111288.81,Year,Y,Certified
EZYV16191,Asia,Bachelor's,Y,N,2668,2008,Midwest,462.8803,Hour,Y,Denied
EZYV2122,Asia,Bachelor's,Y,Y,965,2012,South,49956.79,Year,Y,Certified
EZYV13998,South America,Bachelor's,Y,N,300,1987,South,109.13,Hour,Y,Denied
EZYV3989,Africa,High School,N,N,2365,1885,South,596.5164,Hour,Y,Denied
EZYV19399,Asia,Master's,Y,N,2217,1971,West,97334.1,Year,Y,Denied
EZYV24416,Asia,Master's,N,Y,3952,1945,West,22593.13,Year,Y,Certified
EZYV19836,Asia,Master's,N,N,5795,2000,Northeast,136521.72,Year,Y,Certified
EZYV9098,Asia,Master's,N,N,377,1838,Midwest,74541.55,Year,Y,Certified
EZYV6343,Asia,High School,N,N,2315,2010,West,743.7198,Hour,Y,Denied
EZYV20799,Europe,Bachelor's,Y,N,449,1998,South,117414.03,Year,Y,Certified
EZYV6771,South America,Bachelor's,N,N,2675,1977,Northeast,46.5932,Hour,Y,Denied
EZYV24384,Asia,Bachelor's,N,N,468,1996,South,130680.27,Year,N,Certified
EZYV21622,Asia,Bachelor's,N,N,90282,2001,South,76000.34,Year,Y,Certified
EZYV10664,Europe,Doctorate,N,N,2234,1978,Northeast,124998.3,Year,Y,Certified
EZYV16248,Asia,High School,Y,N,2664,2004,South,76416.02,Year,Y,Denied
EZYV19217,North America,High School,Y,N,1300,1987,South,870.6717,Hour,Y,Certified
EZYV16866,Europe,Bachelor's,Y,Y,1254,2001,West,18809.94,Year,Y,Certified
EZYV2000,Asia,High School,Y,N,1879,2008,Midwest,90443.24,Year,Y,Certified
EZYV1360,South America,Doctorate,Y,Y,320,2000,South,254604.08,Year,Y,Certified
EZYV24514,Asia,Bachelor's,Y,N,1357,2007,West,111244.54,Year,Y,Certified
EZYV20130,Europe,Bachelor's,N,N,3222,2007,Northeast,883.8057,Hour,Y,Denied
EZYV4264,Asia,Bachelor's,N,N,93,2006,West,59630.87,Year,Y,Denied
EZYV14187,North America,Master's,N,N,2091,1999,Midwest,74868.2,Year,N,Certified
EZYV24033,Asia,Bachelor's,N,N,96,1969,Midwest,72274.95,Year,Y,Certified
EZYV4071,Asia,Master's,Y,N,2408,2011,Northeast,142730.89,Year,N,Certified
EZYV15812,Asia,High School,Y,N,3311,1992,Northeast,94376.97,Year,Y,Denied
EZYV9215,Asia,Bachelor's,Y,Y,317,2009,Northeast,244938.45,Year,Y,Denied
EZYV15325,Asia,High School,Y,N,640,2012,Midwest,39103.3,Year,Y,Denied
EZYV9869,South America,Doctorate,N,Y,2019,1997,South,40137.78,Year,Y,Certified
EZYV2697,North America,Bachelor's,N,Y,144,2013,West,70516.48,Year,Y,Denied
EZYV13502,Asia,Master's,Y,N,4059,2009,Northeast,65934.83,Year,Y,Certified
EZYV1197,Asia,Bachelor's,Y,N,1684,1912,Northeast,40743.49,Year,N,Certified
EZYV21306,Asia,High School,Y,N,3695,1820,South,55986.04,Year,Y,Certified
EZYV1512,Europe,Master's,Y,N,1497,1997,West,8533.38,Year,Y,Certified
EZYV2238,Europe,Master's,N,Y,4057,2013,West,87783.38,Year,Y,Certified
EZYV15518,Asia,High School,N,Y,2131,2011,West,155137.62,Year,Y,Denied
EZYV7121,Europe,Doctorate,N,N,303,1981,Northeast,113658.69,Year,Y,Certified
EZYV11075,Europe,Master's,Y,N,1704,1971,Midwest,97838.47,Year,Y,Certified
EZYV21890,Asia,Master's,Y,N,82211,2006,South,106516.1,Year,Y,Certified
EZYV22382,Asia,Master's,N,N,97,1981,Northeast,17912.63,Year,Y,Certified
EZYV3220,North America,High School,N,N,1672,2001,Northeast,799.1258,Hour,Y,Denied
EZYV19835,Asia,Master's,Y,N,4557,2011,West,44348.56,Year,N,Certified
EZYV20061,North America,Bachelor's,N,N,2078,2005,South,72052.65,Year,Y,Denied
EZYV20207,Asia,Bachelor's,Y,Y,3184,1986,Northeast,49435.8,Year,Y,Certified
EZYV19786,Asia,Master's,N,N,644,1996,Midwest,23431.76,Year,Y,Certified
EZYV175,Europe,Bachelor's,Y,N,3207,1995,Midwest,61031.95,Year,Y,Certified
EZYV22579,Europe,Master's,N,N,1129,1840,West,163294.02,Year,N,Certified
EZYV23222,Europe,Master's,Y,Y,206,1920,West,32648.34,Year,Y,Certified
EZYV10708,North America,Master's,Y,N,2098,1997,West,69044.52,Year,Y,Denied
EZYV995,Asia,Bachelor's,Y,N,273,2001,West,56495.99,Year,Y,Certified
EZYV7913,Asia,Bachelor's,N,N,413,2000,South,148197.3,Year,Y,Certified
EZYV22384,Asia,High School,Y,N,949,2011,West,26590.54,Year,Y,Denied
EZYV14017,North America,Master's,Y,N,698,1888,West,131229.32,Year,Y,Denied
EZYV22049,Africa,Bachelor's,Y,N,691,2009,Northeast,64972.41,Year,Y,Certified
EZYV16946,Asia,High School,Y,N,4043,1895,South,38308.17,Year,Y,Certified
EZYV7344,North America,Bachelor's,N,N,3456,1992,Northeast,126744.96,Year,Y,Denied
EZYV11894,Asia,Bachelor's,Y,N,3074,2001,South,85596.97,Year,Y,Certified
EZYV7943,Asia,Bachelor's,N,N,1341,1990,West,81613.81,Year,Y,Denied
EZYV22663,North America,High School,Y,N,782,1925,Island,152721.27,Year,Y,Certified
EZYV7632,Asia,Master's,Y,N,4529,2008,Midwest,126727.45,Year,Y,Certified
EZYV15199,Asia,Bachelor's,N,N,2964,2004,South,100458.31,Year,Y,Denied
EZYV18601,Asia,Master's,Y,N,230,1997,South,166702.27,Year,Y,Certified
EZYV8049,Asia,Bachelor's,Y,N,3114,2007,South,90170.32,Year,Y,Certified
EZYV10580,Asia,Master's,Y,N,877,1962,Midwest,729.8391,Hour,Y,Certified
EZYV17050,Asia,High School,N,N,908,2007,Northeast,41669.93,Year,Y,Denied
EZYV17163,Europe,Master's,Y,N,1600,2001,West,9712.84,Year,Y,Certified
EZYV24582,Asia,Master's,Y,N,4503,2000,Midwest,154937.84,Year,Y,Certified
EZYV13830,Asia,Bachelor's,Y,N,583,2000,Northeast,118412.59,Week,N,Denied
EZYV13795,Asia,Master's,Y,N,918,1999,Midwest,114810.63,Year,Y,Certified
EZYV6090,Asia,Bachelor's,Y,N,2108,1998,Midwest,60579.46,Year,Y,Denied
EZYV20426,Asia,Bachelor's,N,N,1533,1984,South,107629.63,Year,Y,Denied
EZYV13386,Asia,Master's,Y,N,1645,1998,Midwest,37952.89,Year,Y,Certified
EZYV13509,Asia,Master's,N,N,1139,2008,Northeast,77169.96,Year,Y,Denied
EZYV20779,Asia,Master's,N,N,117,2010,South,60121.7,Year,Y,Denied
EZYV15662,Asia,Bachelor's,Y,N,5338,2005,West,61838.26,Year,Y,Certified
EZYV25127,Asia,Master's,N,N,1085,1989,Midwest,205180.27,Year,Y,Denied
EZYV1965,Asia,Bachelor's,Y,N,3731,1999,South,156564.13,Year,N,Certified
EZYV24553,Asia,Master's,N,N,1277,2007,Midwest,78379.31,Year,Y,Certified
EZYV5384,Africa,Master's,Y,N,3469,1998,Northeast,112626.08,Year,Y,Certified
EZYV6995,Europe,Master's,N,N,1122,1902,West,127429.32,Year,Y,Certified
EZYV10430,North America,Bachelor's,Y,N,5871,1980,West,98264.58,Year,Y,Certified
EZYV15268,Asia,High School,Y,N,1534,1945,West,18516.78,Year,Y,Denied
EZYV4384,Africa,Master's,N,N,2361,2006,West,128215.82,Year,Y,Denied
EZYV3631,South America,High School,N,N,252,1977,Island,473.5168,Hour,Y,Denied
EZYV22139,Europe,Doctorate,Y,N,2022,2005,Northeast,58606.24,Year,Y,Certified
EZYV17331,Europe,Bachelor's,N,Y,190167,1986,Northeast,41160.63,Year,Y,Certified
EZYV16717,Asia,Master's,Y,N,367311,2010,West,63916.39,Year,Y,Certified
EZYV24644,Asia,Bachelor's,Y,N,2285,2008,Northeast,110880.87,Year,Y,Certified
EZYV25293,North America,Master's,Y,N,2058,1998,West,143564.1,Year,Y,Certified
EZYV4507,Asia,Bachelor's,Y,N,4533,2000,Northeast,77899.94,Year,Y,Certified
EZYV13182,Europe,High School,N,N,2991,2007,Northeast,1114.02,Year,Y,Denied
EZYV25221,Asia,High School,Y,N,19911,1993,Midwest,57520.05,Year,Y,Certified
EZYV19680,Africa,Master's,Y,N,209,2012,Midwest,16167.34,Year,Y,Certified
EZYV13270,Asia,Master's,N,N,2917,1994,South,78447.05,Year,Y,Certified
EZYV14985,Asia,Bachelor's,N,N,3684,2007,South,126189.3,Year,Y,Certified
EZYV19673,Asia,Master's,Y,N,1608,2009,Midwest,44612.19,Year,Y,Certified
EZYV16205,Asia,Bachelor's,Y,N,793,2010,South,100743.36,Year,Y,Certified
EZYV4454,Europe,Doctorate,N,Y,24536,1996,South,52250.72,Year,Y,Certified
EZYV5057,Asia,High School,N,Y,2209,2000,West,106335.17,Year,Y,Denied
EZYV20043,Asia,Doctorate,N,Y,3141,1885,West,43925.57,Year,Y,Certified
EZYV25165,Asia,Bachelor's,Y,N,756,2006,West,43904.48,Year,Y,Denied
EZYV15573,South America,Bachelor's,Y,N,1164,1995,South,100679.87,Year,Y,Certified
EZYV22899,Asia,Bachelor's,Y,N,1160,1992,South,103456.12,Year,Y,Certified
EZYV2288,Asia,Master's,Y,N,1551,2002,Island,68263.86,Year,Y,Certified
EZYV21889,North America,Bachelor's,Y,N,6607,1978,Northeast,58336.71,Year,Y,Certified
EZYV10274,Asia,Master's,Y,N,2089,2003,West,124525.47,Year,Y,Certified
EZYV12355,Asia,Bachelor's,Y,N,663,1991,South,140476.86,Year,Y,Certified
EZYV21321,Asia,Master's,N,N,2076,1893,Northeast,134669.2,Year,N,Certified
EZYV1756,Asia,Master's,N,N,2091,2000,Midwest,118233.78,Year,Y,Certified
EZYV20077,Europe,Master's,Y,N,6046,1996,Northeast,35708.93,Year,Y,Certified
EZYV10500,Asia,Bachelor's,Y,N,3771,1987,South,60752.42,Year,Y,Certified
EZYV24733,Asia,Bachelor's,Y,N,2707,1855,West,205512.84,Year,N,Denied
EZYV4940,Asia,High School,N,N,1336,2004,West,93153.75,Year,Y,Denied
EZYV10590,South America,Bachelor's,Y,N,646,2002,Northeast,101800.89,Year,Y,Certified
EZYV18943,Europe,Doctorate,Y,N,129,1998,West,88728.53,Year,Y,Certified
EZYV6109,Africa,Master's,N,N,5432,1984,Northeast,77179.1,Year,Y,Certified
EZYV21106,Europe,Doctorate,Y,Y,2208,1981,South,45234.24,Year,Y,Certified
EZYV24071,Asia,Bachelor's,N,N,3644,1986,Northeast,22716.32,Year,Y,Denied
EZYV25174,Asia,Bachelor's,Y,N,1991,1995,Northeast,108486.6,Year,Y,Denied
EZYV7807,Asia,Bachelor's,Y,N,2877,2004,West,42530.67,Year,Y,Certified
EZYV14175,Asia,Bachelor's,Y,N,102925,2005,West,32546.45,Year,Y,Denied
EZYV1862,Asia,Master's,Y,N,516,1986,Midwest,156500.0,Year,Y,Certified
EZYV15772,Asia,High School,N,N,182,1855,South,60237.35,Year,Y,Denied
EZYV24929,Asia,Bachelor's,N,N,2613,1995,West,76517.69,Year,Y,Denied
EZYV13883,North America,Master's,Y,N,3497,1995,Midwest,99337.13,Year,Y,Certified
EZYV582,North America,Bachelor's,N,N,4668,1975,West,37049.34,Year,Y,Denied
EZYV21325,Asia,High School,N,N,2213,1940,West,71637.77,Year,Y,Denied
EZYV3263,Asia,Bachelor's,N,N,2114,2012,South,29090.92,Year,Y,Denied
EZYV404,Asia,Master's,N,N,525,2001,West,113911.27,Year,N,Denied
EZYV3914,North America,Master's,Y,Y,1180,2013,Northeast,10831.75,Year,Y,Certified
EZYV1702,Oceania,Master's,N,N,1518,1992,Midwest,54019.29,Year,Y,Certified
EZYV12545,Asia,Bachelor's,Y,N,293,1992,Northeast,107942.37,Year,N,Certified
EZYV20784,Asia,Bachelor's,N,N,3115,2010,South,99116.24,Year,Y,Denied
EZYV17224,Asia,Bachelor's,Y,N,1973,1992,West,78371.47,Year,Y,Denied
EZYV18772,Asia,Master's,N,N,476,1985,Northeast,399.2752,Hour,Y,Denied
EZYV19411,Asia,High School,N,N,1100,2012,South,54956.97,Year,Y,Denied
EZYV18021,Asia,Bachelor's,Y,N,453,1884,Midwest,134089.1,Year,Y,Denied
EZYV7739,Asia,Master's,N,N,5806,2006,South,83102.31,Year,N,Certified
EZYV23647,Europe,Bachelor's,N,N,3100,2010,West,150920.96,Year,Y,Certified
EZYV21686,Asia,Bachelor's,N,N,2901,2009,West,79123.23,Year,Y,Denied
EZYV6335,Asia,Doctorate,N,N,4375,2006,West,95530.67,Year,Y,Certified
EZYV10512,Asia,Bachelor's,Y,N,1921,2000,West,71594.44,Year,Y,Denied
EZYV21692,Asia,Bachelor's,Y,N,1149,2007,Northeast,89661.82,Year,Y,Certified
EZYV1084,Asia,Master's,Y,N,4001,1968,Midwest,147951.05,Year,Y,Certified
EZYV7523,Asia,Bachelor's,Y,N,1561,2011,Midwest,9415.12,Year,Y,Denied
EZYV15318,Asia,Bachelor's,N,Y,2087,1999,Northeast,40715.4,Year,Y,Denied
EZYV10010,South America,Doctorate,Y,N,3025,1995,South,33501.54,Year,Y,Certified
EZYV25179,Asia,Master's,N,N,1892,1994,Northeast,268376.5,Year,N,Certified
EZYV4765,Europe,High School,Y,N,3019,2010,West,14861.98,Year,Y,Denied
EZYV25142,Europe,Doctorate,Y,Y,3823,1875,West,52775.38,Year,Y,Certified
EZYV12019,North America,Master's,N,N,2025,2004,Midwest,10363.74,Year,Y,Denied
EZYV7636,Europe,Master's,Y,Y,4025,2012,Northeast,22484.47,Year,Y,Certified
EZYV14415,Asia,Master's,Y,N,1385,2004,Northeast,41167.36,Year,Y,Certified
EZYV19103,Asia,Master's,Y,N,683,2002,South,57736.71,Year,Y,Certified
EZYV12002,Asia,Master's,N,N,2221,1993,South,495.294,Hour,Y,Denied
EZYV4221,Asia,High School,N,N,1597,2007,Midwest,158591.39,Year,Y,Denied
EZYV15976,Asia,Bachelor's,N,Y,1172,1880,South,79220.54,Year,Y,Certified
EZYV4312,Asia,Master's,Y,N,2885,1986,Northeast,101388.93,Year,Y,Certified
EZYV17760,Asia,Master's,Y,N,1157,2001,Midwest,115332.68,Year,Y,Certified
EZYV6501,North America,Master's,Y,N,4921,1987,Northeast,154224.71,Year,Y,Certified
EZYV2502,Asia,Master's,Y,N,2583,2007,Midwest,40209.75,Year,N,Certified
EZYV18700,Asia,Bachelor's,Y,N,528,2007,West,40201.08,Year,Y,Certified
EZYV21280,Asia,Bachelor's,N,N,625,1978,West,51105.9,Year,Y,Denied
EZYV9421,Europe,Doctorate,N,Y,1291,1830,Midwest,88925.34,Year,Y,Certified
EZYV10333,Europe,Doctorate,N,Y,2066,2004,South,44311.05,Year,Y,Certified
EZYV7437,Asia,High School,N,N,1681,1990,West,328.9246,Hour,Y,Denied
EZYV1940,Asia,Master's,N,N,711,1998,Northeast,77546.8,Year,Y,Denied
EZYV19486,Asia,Bachelor's,Y,N,3288,1896,Northeast,56908.21,Year,Y,Certified
EZYV19286,Europe,High School,N,Y,2033,1892,Midwest,35965.12,Year,Y,Certified
EZYV17776,Europe,Bachelor's,Y,Y,404,1970,West,53546.52,Year,Y,Certified
EZYV13107,North America,High School,N,N,896,2000,Midwest,138472.52,Year,N,Denied
EZYV22888,Europe,Bachelor's,Y,N,1098,2001,West,51178.44,Year,Y,Certified
EZYV1733,Asia,Master's,Y,N,939,1946,West,115939.73,Year,Y,Certified
EZYV25036,Asia,Master's,Y,N,1396,1993,South,21089.45,Year,N,Certified
EZYV5236,Europe,Master's,N,N,4928,2006,Northeast,86648.26,Year,Y,Certified
EZYV4601,Asia,Bachelor's,Y,N,389,2009,West,83766.6,Year,Y,Denied
EZYV289,Oceania,Bachelor's,N,N,2288,2011,West,82385.6,Year,Y,Denied
EZYV21080,Europe,Bachelor's,Y,N,831,1998,South,70269.84,Year,Y,Certified
EZYV23346,Asia,Master's,N,N,102,1997,South,26081.4,Year,Y,Certified
EZYV17206,Asia,Master's,N,N,942,2007,Northeast,40138.03,Year,Y,Denied
EZYV23019,Asia,Bachelor's,Y,N,1739,1998,South,113962.82,Year,Y,Denied
EZYV10099,North America,Doctorate,Y,Y,1307,2001,South,25838.77,Year,Y,Certified
EZYV6011,Europe,Master's,N,Y,3160,2005,West,22392.51,Year,Y,Certified
EZYV23936,Asia,Bachelor's,N,N,2211,2000,South,73844.29,Year,Y,Denied
EZYV12883,Asia,High School,Y,N,3676,2005,South,76422.16,Year,Y,Denied
EZYV21805,Asia,High School,Y,N,12,2004,South,53310.41,Year,Y,Denied
EZYV19457,Asia,Bachelor's,Y,N,386278,1997,West,130352.78,Year,Y,Denied
EZYV18083,Asia,Master's,Y,N,4524,1856,Northeast,47077.85,Year,Y,Certified
EZYV12722,Europe,Bachelor's,Y,N,4310,2010,Midwest,121.65,Year,Y,Certified
EZYV22388,Asia,Master's,Y,N,3364,1997,Northeast,1073.47,Year,Y,Certified
EZYV6766,Europe,High School,Y,N,1972,1949,West,149869.85,Year,Y,Denied
EZYV18616,Asia,Master's,Y,N,2687,2011,South,89749.62,Year,Y,Certified
EZYV19641,Asia,Bachelor's,Y,N,2879,1963,Midwest,134983.05,Year,Y,Certified
EZYV6222,Asia,Master's,Y,N,29560,1968,Northeast,69009.97,Year,Y,Certified
EZYV2500,Europe,Bachelor's,Y,Y,1887,2008,South,107097.3,Year,Y,Certified
EZYV4644,Asia,Bachelor's,Y,N,2030,2007,Northeast,87049.16,Year,Y,Certified
EZYV4774,North America,Master's,Y,N,92,1968,Northeast,55920.4,Year,Y,Denied
EZYV23005,Africa,Doctorate,Y,N,54,1974,West,28954.98,Year,Y,Certified
EZYV10373,Asia,Master's,N,N,1315,2000,South,117838.55,Year,N,Denied
EZYV18437,Asia,Bachelor's,Y,N,126587,1998,South,105192.02,Year,Y,Certified
EZYV9645,Asia,Master's,Y,N,2902,1999,Midwest,13703.71,Year,Y,Certified
EZYV9884,North America,High School,N,N,2688,2000,South,590.1546,Hour,Y,Denied
EZYV15567,Asia,Master's,Y,Y,988,1991,Midwest,95778.28,Year,Y,Certified
EZYV16512,Asia,Doctorate,N,Y,3441,1984,West,87360.02,Year,Y,Certified
EZYV10867,Asia,High School,N,N,2253,1988,Northeast,971.1404,Hour,Y,Denied
EZYV8050,Asia,Bachelor's,Y,N,2496,2003,South,163.07,Hour,Y,Denied
EZYV7047,Europe,Bachelor's,Y,N,2832,1947,South,18965.12,Year,Y,Certified
EZYV22854,Africa,High School,Y,N,27882,1988,West,184099.94,Year,Y,Certified
EZYV4390,Asia,Bachelor's,N,N,426,1991,West,85012.84,Year,Y,Denied
EZYV22547,Asia,Master's,N,N,6595,2001,Midwest,114036.66,Year,Y,Denied
EZYV3697,Asia,Bachelor's,Y,N,4518,1970,Northeast,21727.94,Year,Y,Certified
EZYV18692,Asia,Bachelor's,N,N,3224,2007,Midwest,36684.43,Year,Y,Denied
EZYV15559,Asia,Bachelor's,Y,Y,2909,2011,West,12778.22,Year,Y,Certified
EZYV6157,Asia,Master's,N,N,3583,2013,West,12922.47,Year,Y,Certified
EZYV15886,North America,High School,Y,N,565,1998,Island,108590.26,Year,Y,Certified
EZYV1053,Africa,High School,Y,N,5838,1910,Midwest,114592.85,Year,Y,Certified
EZYV10049,Europe,Bachelor's,N,Y,20174,1997,West,125144.74,Year,Y,Certified
EZYV14080,Asia,Master's,Y,N,2399,1989,Northeast,58830.56,Year,Y,Certified
EZYV19258,Europe,Doctorate,Y,N,1468,2008,Midwest,63361.18,Year,Y,Certified
EZYV7896,Asia,Master's,N,N,1921,1996,West,193514.82,Year,N,Certified
EZYV13912,Asia,Master's,N,Y,428,2009,South,61737.14,Year,Y,Certified
EZYV3627,Asia,Master's,N,N,510,2001,Northeast,60625.81,Year,Y,Denied
EZYV7022,South America,Bachelor's,Y,N,1913,1886,West,135983.58,Year,Y,Denied
EZYV4178,Asia,High School,Y,Y,2589,1976,Northeast,53783.2,Year,Y,Denied
EZYV3125,North America,Bachelor's,N,Y,2739,2001,West,30068.71,Year,Y,Denied
EZYV9922,North America,Doctorate,Y,N,1447,1988,Northeast,71441.63,Year,Y,Certified
EZYV21652,Europe,Master's,N,N,1712,1961,Northeast,832.7642,Hour,Y,Denied
EZYV8728,Asia,Bachelor's,Y,N,488,1996,West,124138.9,Year,Y,Certified
EZYV4987,Europe,High School,Y,N,2611,2002,West,90866.01,Year,Y,Denied
EZYV865,North America,Bachelor's,N,Y,241,1994,Northeast,20211.1,Year,Y,Denied
EZYV14325,Asia,Bachelor's,N,N,1986,2001,Northeast,121512.06,Year,Y,Certified
EZYV23092,Europe,Doctorate,N,N,4802,1989,South,2088.36,Year,Y,Denied
EZYV12391,Asia,Master's,Y,N,94,2000,Northeast,238065.59,Year,Y,Certified
EZYV11696,Europe,High School,Y,N,4777,1977,West,75095.62,Year,Y,Denied
EZYV25256,Asia,Master's,N,N,144,2007,Island,135705.37,Year,Y,Certified
EZYV9249,Asia,Master's,Y,N,1365,1984,West,33063.18,Year,Y,Certified
EZYV20387,Asia,Master's,N,Y,346,2005,Northeast,119486.97,Year,Y,Certified
EZYV14444,Asia,Master's,N,N,14063,2006,South,188651.38,Year,Y,Certified
EZYV24753,Asia,Bachelor's,Y,N,1742,1875,South,16925.4,Year,Y,Certified
EZYV12936,Asia,High School,Y,N,2125,1892,West,28227.82,Year,Y,Denied
EZYV2452,Asia,Master's,Y,N,3688,2005,Northeast,96787.67,Year,Y,Certified
EZYV6420,North America,High School,Y,N,685,1883,West,93690.16,Year,Y,Certified
EZYV24456,North America,High School,N,N,2957,1855,Northeast,59584.77,Year,Y,Certified
EZYV4441,Asia,Master's,N,Y,2948,1873,South,52812.07,Year,Y,Denied
EZYV1951,Asia,Master's,N,N,1806,2005,South,231834.72,Year,Y,Certified
EZYV24073,Asia,Bachelor's,Y,N,3499,2005,South,145699.2,Year,Y,Denied
EZYV10656,Asia,High School,Y,N,4425,1997,West,129941.81,Year,Y,Denied
EZYV23681,Asia,Master's,N,N,2721,2002,West,95752.59,Year,Y,Denied
EZYV2113,Asia,Master's,Y,N,22901,2000,West,47173.4,Year,Y,Certified
EZYV2462,Europe,High School,N,N,3788,1980,South,29163.33,Year,Y,Certified
EZYV5900,Europe,High School,N,N,566,1994,South,436.5722,Hour,Y,Denied
EZYV22158,Europe,Master's,N,Y,1855,1994,South,130070.64,Year,Y,Certified
EZYV13300,Asia,Master's,Y,N,235,1998,Midwest,105717.97,Year,Y,Certified
EZYV6870,Asia,Master's,N,N,606,1947,Northeast,56812.48,Year,Y,Certified
EZYV20500,Asia,High School,N,N,2985,2005,West,105602.88,Year,N,Denied
EZYV16785,Asia,Master's,Y,N,1127,2012,South,19305.71,Year,Y,Certified
EZYV25025,Asia,Master's,Y,N,278,2005,Northeast,85841.92,Year,Y,Certified
EZYV1033,Asia,Bachelor's,Y,N,920,1978,South,78213.37,Year,Y,Certified
EZYV21192,Asia,Bachelor's,Y,N,5933,2004,Northeast,24953.34,Year,Y,Denied
EZYV11709,Europe,Master's,N,Y,4446,2013,Northeast,90042.96,Year,Y,Certified
EZYV23525,Asia,Bachelor's,Y,N,2752,2005,West,17347.52,Year,Y,Denied
EZYV14766,Asia,Master's,Y,N,339,2003,South,178416.43,Year,Y,Certified
EZYV14094,Asia,Bachelor's,Y,N,1084,1996,Midwest,109886.41,Year,Y,Certified
EZYV20867,North America,Master's,Y,N,2973,2013,West,90626.0,Year,N,Certified
EZYV9546,Europe,High School,N,N,3429,2007,Northeast,107.6856,Hour,Y,Denied
EZYV7182,Asia,Bachelor's,Y,N,984,2003,Northeast,131792.99,Year,Y,Denied
EZYV13568,Asia,Master's,N,N,2169,1993,Midwest,94799.01,Year,Y,Denied
EZYV18642,Asia,Master's,Y,N,1927,1997,Northeast,117848.66,Year,Y,Certified
EZYV25065,Asia,Master's,Y,N,1037,2012,South,937.0791,Hour,Y,Denied
EZYV22791,Europe,High School,N,N,4027,1994,Northeast,47975.93,Year,Y,Certified
EZYV18446,Europe,Bachelor's,Y,N,1498,1977,South,20955.44,Year,Y,Certified
EZYV15776,Asia,Bachelor's,N,N,5729,1986,Northeast,16461.24,Year,Y,Certified
EZYV17242,Asia,High School,Y,N,961,2005,South,41650.15,Year,Y,Certified
EZYV4542,Asia,High School,N,Y,220,1980,West,100112.71,Year,Y,Denied
EZYV9971,Asia,Bachelor's,N,Y,9739,1890,South,129455.03,Year,Y,Certified
EZYV22405,Asia,Bachelor's,Y,N,2019,1987,Northeast,88841.0,Year,Y,Certified
EZYV8529,Asia,Master's,Y,N,2919,1998,Northeast,116275.24,Year,Y,Certified
EZYV11712,Asia,Bachelor's,Y,Y,654,1871,Northeast,123707.36,Year,Y,Certified
EZYV24487,Asia,Master's,Y,N,2322,1888,Northeast,44108.63,Year,N,Certified
EZYV1643,North America,Master's,N,N,2850,2006,Island,160847.0,Year,Y,Denied
EZYV1091,Asia,Doctorate,N,N,3041,1897,West,18327.02,Year,Y,Denied
EZYV10876,North America,Doctorate,N,N,2835,1998,West,75882.75,Week,Y,Certified
EZYV23101,South America,Doctorate,N,Y,2966,1946,West,9761.8,Year,Y,Certified
EZYV2870,North America,Bachelor's,Y,Y,2888,1999,West,129628.39,Year,Y,Denied
EZYV14001,Asia,Doctorate,N,Y,2476,2013,Northeast,58770.05,Year,Y,Denied
EZYV2385,Asia,High School,N,N,3863,2007,West,74.2851,Hour,Y,Denied
EZYV25275,Asia,High School,N,N,852,1988,Northeast,76906.13,Year,N,Denied
EZYV12956,Asia,Bachelor's,N,N,1470,2004,Northeast,259461.84,Year,Y,Certified
EZYV717,South America,High School,Y,N,1280,1928,Northeast,42704.0,Year,Y,Certified
EZYV6322,Asia,High School,N,N,2096,1908,Northeast,47868.62,Year,Y,Denied
EZYV13479,South America,Master's,Y,N,4818,1999,Northeast,60957.82,Year,Y,Certified
EZYV4871,North America,Bachelor's,N,N,1931,1962,Northeast,94065.54,Year,Y,Certified
EZYV9200,Asia,High School,N,Y,1546,1993,Midwest,115755.84,Year,Y,Denied
EZYV3585,Asia,Bachelor's,Y,N,3319,2007,South,15448.66,Year,Y,Certified
EZYV14667,Asia,Bachelor's,N,N,1668,1987,South,165763.23,Year,N,Certified
EZYV11800,Asia,Master's,N,N,95941,2014,Island,17806.57,Year,Y,Certified
EZYV4373,Asia,Bachelor's,Y,N,1212,1998,South,3566.95,Year,Y,Denied
EZYV13581,North America,Master's,Y,N,3914,2009,West,134390.7,Year,N,Certified
EZYV25011,Asia,Bachelor's,N,N,3589,2001,Midwest,884.5625,Hour,Y,Denied
EZYV1175,Asia,Master's,N,N,1504,1985,Northeast,737.4472,Hour,Y,Denied
EZYV14997,Asia,Bachelor's,Y,N,4375,1976,Northeast,28778.83,Year,Y,Certified
EZYV16112,Asia,Bachelor's,N,Y,2049,2003,South,15868.6,Year,Y,Denied
EZYV8616,Asia,Doctorate,Y,N,124,1884,South,20875.34,Year,Y,Certified
EZYV1417,Asia,Bachelor's,Y,N,1022,2001,South,49111.28,Year,Y,Certified
EZYV18976,Asia,Bachelor's,N,N,137264,2007,South,127163.7,Year,N,Denied
EZYV103,Asia,Bachelor's,Y,N,224,2008,Midwest,80253.78,Year,Y,Certified
EZYV18918,North America,Bachelor's,N,N,300,2009,South,49851.72,Year,Y,Certified
EZYV6793,North America,Master's,N,N,13686,1997,Midwest,142082.56,Year,Y,Certified
EZYV10524,Asia,Master's,N,N,2385,1902,Midwest,146.08,Hour,Y,Certified
EZYV24247,Asia,Bachelor's,N,N,4220,1982,West,122332.69,Year,Y,Denied
EZYV6780,Asia,High School,Y,N,1037,2005,Midwest,55087.24,Year,Y,Denied
EZYV7102,North America,Doctorate,N,N,376,2007,Midwest,69148.49,Year,Y,Certified
EZYV3386,Asia,Bachelor's,N,N,4702,1971,West,46806.21,Year,Y,Denied
EZYV9966,Asia,Master's,Y,N,863,2008,Northeast,96481.51,Year,Y,Certified
EZYV21224,Asia,Bachelor's,Y,N,2465,2011,Midwest,92761.47,Year,Y,Certified
EZYV529,Asia,Bachelor's,Y,N,2286,1878,West,105987.07,Year,Y,Certified
EZYV1335,Europe,High School,Y,N,1274,2007,West,19170.82,Year,Y,Denied
EZYV20837,Asia,High School,N,Y,10451,2002,South,187213.94,Year,Y,Certified
EZYV4183,Asia,Master's,N,Y,451,1999,South,43535.81,Year,Y,Denied
EZYV18643,Asia,Bachelor's,Y,N,4050,1994,Midwest,770.0452,Hour,Y,Denied
EZYV3111,Asia,Master's,N,N,1468,1995,Northeast,12382.96,Year,Y,Denied
EZYV301,Asia,Master's,Y,N,3268,2012,Midwest,101371.21,Year,Y,Certified
EZYV20546,Asia,Master's,N,N,1246,1978,South,77009.03,Year,Y,Denied
EZYV24689,Europe,Master's,Y,N,3166,1969,Northeast,208875.57,Year,Y,Denied
EZYV2390,Asia,Bachelor's,Y,N,289,1909,Northeast,67162.15,Year,Y,Certified
EZYV13353,Asia,High School,Y,N,3653,1946,South,8421.83,Year,Y,Denied
EZYV7996,Asia,Master's,Y,N,3716,2013,South,66792.43,Year,Y,Certified
EZYV19886,Asia,Master's,N,N,4264,1957,South,131216.36,Year,N,Certified
EZYV1317,Asia,Master's,N,N,2617,1999,Midwest,80567.16,Year,Y,Certified
EZYV10116,Asia,Bachelor's,N,N,2836,1986,Midwest,163371.86,Year,Y,Certified
EZYV2036,Asia,Master's,Y,N,5084,2005,South,50088.37,Year,N,Certified
EZYV1144,Africa,Bachelor's,N,N,85457,1997,South,174177.41,Year,Y,Certified
EZYV16326,North America,High School,Y,N,1537,2007,West,450.856,Hour,Y,Denied
EZYV8977,South America,High School,N,N,765,1928,Northeast,343.3205,Hour,Y,Certified
EZYV299,Asia,Bachelor's,N,Y,3891,1931,South,45860.87,Year,Y,Certified
EZYV5068,North America,High School,Y,N,1910,2007,Northeast,134309.77,Year,Y,Certified
EZYV16556,North America,Bachelor's,Y,N,3696,1983,Midwest,43349.62,Year,Y,Certified
EZYV9441,Asia,Bachelor's,Y,N,1458,1939,South,111014.78,Year,Y,Certified
EZYV14836,North America,Master's,N,N,703,1957,West,113785.83,Year,N,Certified
EZYV17018,Asia,Bachelor's,N,N,3110,1996,South,55632.78,Year,Y,Certified
EZYV9052,Asia,Bachelor's,Y,N,1510,1947,West,640.8977,Hour,Y,Denied
EZYV24784,Asia,Bachelor's,N,Y,2123,1998,West,114584.02,Year,Y,Denied
EZYV16801,Europe,Bachelor's,Y,N,4312,1924,West,30099.84,Year,Y,Certified
EZYV21551,North America,Master's,Y,N,1719,1995,Northeast,35121.31,Year,Y,Certified
EZYV2359,South America,Bachelor's,N,N,1380,2008,West,41558.42,Year,Y,Denied
EZYV21864,Asia,High School,Y,N,3041,2003,Northeast,52205.28,Year,Y,Certified
EZYV3874,Asia,Doctorate,N,N,1369,2011,West,60801.21,Year,Y,Denied
EZYV18338,North America,High School,N,N,1386,1838,Midwest,123482.25,Year,Y,Certified
EZYV7948,Asia,Bachelor's,Y,N,1661,1843,West,84693.31,Year,Y,Certified
EZYV2134,Asia,Master's,Y,N,1621,1996,South,122056.64,Year,Y,Certified
EZYV5080,Asia,Bachelor's,N,N,2567,2004,Northeast,212325.37,Year,Y,Denied
EZYV16592,Asia,Bachelor's,Y,N,1700,1988,Midwest,96259.04,Year,Y,Denied
EZYV3975,Europe,Master's,N,N,3124,2008,Midwest,80040.17,Year,Y,Certified
EZYV5459,Europe,Bachelor's,Y,N,3355,1999,Northeast,40092.86,Year,Y,Certified
EZYV900,Asia,Master's,N,N,2223,1997,Midwest,43427.27,Year,Y,Certified
EZYV7070,Asia,Master's,Y,N,1041,1940,Midwest,95783.58,Year,Y,Certified
EZYV20776,Asia,Master's,N,Y,15143,2004,Northeast,86033.26,Year,Y,Certified
EZYV18828,Asia,Bachelor's,N,N,3680,2009,South,33559.96,Year,Y,Denied
EZYV15202,Asia,Bachelor's,Y,N,1809,1966,Midwest,22289.36,Year,Y,Denied
EZYV14567,Africa,Master's,Y,N,492,1871,Northeast,132539.07,Year,Y,Certified
EZYV21085,Asia,Bachelor's,Y,N,1821,2006,West,554.3551,Hour,Y,Denied
EZYV21273,Asia,Doctorate,N,Y,9317,1984,Midwest,89787.25,Year,Y,Denied
EZYV16029,Asia,High School,N,N,45,2007,Northeast,146148.15,Year,Y,Certified
EZYV11011,Asia,Master's,Y,N,65,2005,Midwest,88493.66,Year,Y,Certified
EZYV20518,Europe,Doctorate,Y,N,1527,1993,South,69071.97,Year,Y,Certified
EZYV24829,Asia,High School,Y,N,2238,2011,Northeast,86701.7,Year,Y,Certified
EZYV13655,Asia,Master's,N,N,232,1868,South,139224.24,Year,N,Certified
EZYV305,Asia,Bachelor's,Y,N,2114,1977,West,596.2488,Hour,Y,Certified
EZYV22421,Asia,Bachelor's,N,N,2582,2004,West,572.0448,Hour,Y,Denied
EZYV11881,Asia,Bachelor's,N,N,1464,2001,Northeast,506.0562,Hour,Y,Denied
EZYV13940,Asia,Bachelor's,Y,Y,1487,2001,Northeast,103105.48,Year,Y,Certified
EZYV5671,Asia,Master's,N,N,729,1969,Midwest,114155.74,Year,N,Certified
EZYV1926,Asia,Master's,N,N,29941,2005,South,83602.21,Year,Y,Certified
EZYV21255,Asia,Master's,N,N,1034,2006,West,20587.69,Year,Y,Denied
EZYV396,North America,Bachelor's,Y,N,869,2001,West,64084.23,Year,Y,Certified
EZYV22372,North America,Master's,Y,N,1659,1970,Northeast,105680.29,Year,Y,Certified
EZYV25240,Asia,Master's,Y,N,2518,1984,Northeast,53251.23,Year,N,Certified
EZYV4100,Asia,Doctorate,N,N,4930,1999,Midwest,110833.32,Year,Y,Denied
EZYV3430,Europe,Doctorate,Y,N,734,1980,South,50831.73,Year,Y,Certified
EZYV17529,Europe,Doctorate,Y,N,373353,1977,South,28248.56,Year,Y,Certified
EZYV12054,Asia,Bachelor's,Y,N,3549,2005,West,82920.34,Year,Y,Certified
EZYV10098,North America,Master's,Y,N,1207,1953,Northeast,94919.35,Year,N,Certified
EZYV11122,Asia,Bachelor's,N,Y,6054,1903,South,85446.1,Year,Y,Certified
EZYV17742,Asia,Doctorate,Y,N,4811,1989,Northeast,31744.55,Year,Y,Certified
EZYV9756,Asia,Bachelor's,N,N,1871,1981,West,150542.63,Year,Y,Denied
EZYV147,Europe,Bachelor's,Y,N,3290,2005,Northeast,357.8194,Hour,Y,Certified
EZYV23389,Asia,Bachelor's,N,Y,16724,2001,West,58780.48,Year,Y,Certified
EZYV256,Europe,High School,N,N,1243,1998,West,65458.88,Year,Y,Denied
EZYV16239,Asia,Master's,Y,N,2296,1998,West,70370.46,Year,Y,Certified
EZYV21636,Asia,Bachelor's,N,N,4594,2010,South,79967.82,Year,Y,Certified
EZYV2185,Asia,Master's,Y,N,1127,1922,South,923.65,Year,Y,Certified
EZYV18629,Asia,Bachelor's,N,N,1599,1966,West,86534.1,Year,Y,Denied
EZYV1326,Asia,Doctorate,Y,N,275,2007,West,92456.73,Year,Y,Certified
EZYV13520,Asia,High School,Y,N,388,1900,South,148376.03,Year,Y,Denied
EZYV18326,Asia,Bachelor's,N,N,2591,1984,Northeast,53046.45,Year,Y,Certified
EZYV9220,Asia,High School,N,N,321,2004,Midwest,141075.37,Year,Y,Denied
EZYV2001,Asia,Master's,Y,N,3090,2006,Northeast,6535.02,Year,Y,Certified
EZYV3243,Asia,Bachelor's,Y,N,2516,2001,South,90149.76,Year,Y,Certified
EZYV11274,Asia,Master's,Y,N,2473,1999,West,104312.06,Year,Y,Certified
EZYV4128,Asia,Bachelor's,Y,N,722,1985,Northeast,96682.35,Year,Y,Certified
EZYV17579,Asia,Bachelor's,Y,N,562,2003,South,162892.64,Year,Y,Denied
EZYV3950,Africa,Master's,Y,N,774,1995,Northeast,125569.1,Year,Y,Certified
EZYV1080,Europe,Doctorate,Y,N,3466,1998,South,76039.44,Year,Y,Certified
EZYV13753,Asia,Bachelor's,Y,N,1059,2008,Midwest,122090.06,Year,N,Certified
EZYV22496,Europe,Master's,N,N,2649,2007,Midwest,101.73,Hour,Y,Certified
EZYV11714,Asia,Bachelor's,N,Y,1839,2012,Northeast,131408.95,Year,Y,Denied
EZYV19682,Asia,Bachelor's,Y,N,3390,2003,Northeast,95321.51,Year,Y,Certified
EZYV20261,Asia,High School,Y,N,545,1987,Midwest,27180.1,Year,Y,Certified
EZYV14988,Asia,High School,N,N,616,2005,South,595.9285,Hour,Y,Denied
EZYV8130,Asia,Bachelor's,Y,N,526,2010,Northeast,59401.18,Year,Y,Denied
EZYV527,North America,Master's,N,N,1190,1996,South,786.5458,Hour,Y,Certified
EZYV23973,Asia,Bachelor's,Y,N,4954,2000,Midwest,158422.04,Year,Y,Certified
EZYV9618,Oceania,Master's,Y,N,448,1994,South,144555.33,Year,Y,Certified
EZYV6555,Asia,Doctorate,Y,Y,2858,1864,South,112976.88,Year,Y,Certified
EZYV25150,Asia,Master's,N,N,4152,1997,South,135147.09,Year,N,Denied
EZYV7837,Europe,Master's,Y,N,3442,2010,West,10167.89,Year,Y,Certified
EZYV1671,Europe,High School,Y,N,520,1996,Northeast,34040.86,Year,Y,Denied
EZYV9643,Asia,Bachelor's,Y,N,786,2001,Northeast,48843.4,Year,Y,Certified
EZYV9264,Europe,Bachelor's,N,N,3393,1854,West,6814.85,Year,Y,Certified
EZYV11465,Africa,Master's,N,N,2827,1997,Northeast,127564.06,Year,Y,Certified
EZYV21445,Asia,Master's,Y,N,568,2001,South,46104.94,Year,N,Certified
EZYV22221,Europe,Master's,Y,N,626,1985,Midwest,18952.07,Year,Y,Certified
EZYV14723,Asia,Bachelor's,N,N,1467,2001,South,493.0842,Hour,Y,Certified
EZYV23720,Asia,Master's,N,N,3401,1972,South,166921.15,Year,Y,Denied
EZYV384,Asia,Doctorate,N,N,3970,2013,West,74603.2,Year,Y,Denied
EZYV11776,Asia,Master's,N,N,360,2014,West,31828.42,Year,Y,Certified
EZYV1533,Europe,High School,N,N,1041,2002,West,14995.93,Year,Y,Denied
EZYV2623,Asia,Master's,N,N,4551,2009,West,79055.17,Year,Y,Denied
EZYV2672,Asia,Doctorate,N,N,1905,1932,South,285.1525,Hour,Y,Denied
EZYV18058,Asia,Bachelor's,Y,N,731,1978,South,21104.66,Month,Y,Denied
EZYV4370,Asia,High School,Y,N,1159,1999,Midwest,90347.6,Year,Y,Denied
EZYV18722,Europe,Doctorate,N,N,2214,2012,Northeast,211469.45,Year,Y,Certified
EZYV15470,Asia,Doctorate,Y,N,1858,2010,Northeast,93504.8,Year,Y,Certified
EZYV22110,Asia,Master's,Y,N,872,2013,South,44358.82,Year,Y,Certified
EZYV9500,Asia,Bachelor's,N,N,3139,2013,South,37646.89,Year,Y,Denied
EZYV12405,Europe,Master's,Y,N,1436,1989,South,84839.65,Year,Y,Certified
EZYV7972,Asia,High School,Y,N,1697,2005,Midwest,26949.31,Year,Y,Denied
EZYV14589,North America,Master's,N,N,86,2006,South,59343.21,Year,Y,Certified
EZYV2653,Asia,Bachelor's,N,N,2112,2006,South,242.0347,Hour,Y,Denied
EZYV637,Asia,Master's,N,N,1566,1998,Midwest,87165.0,Year,Y,Certified
EZYV23893,Europe,Doctorate,N,N,3355,1997,West,140834.06,Year,Y,Certified
EZYV24575,Europe,Doctorate,N,N,2938,1980,West,32029.68,Year,Y,Certified
EZYV24007,North America,Master's,N,N,22446,2011,South,52021.14,Year,N,Certified
EZYV18877,Europe,Bachelor's,N,N,211,1911,West,18937.37,Year,Y,Certified
EZYV3379,Oceania,Bachelor's,N,N,908,2005,Midwest,93818.59,Week,Y,Denied
EZYV22905,Asia,High School,Y,N,245,2010,West,29778.23,Year,N,Certified
EZYV22116,Asia,Master's,Y,N,1161,2002,South,207693.95,Year,Y,Certified
EZYV7364,Asia,Bachelor's,N,N,836,2005,West,70194.26,Year,Y,Certified
EZYV7516,Asia,Bachelor's,Y,N,1912,2002,Midwest,23930.8,Year,Y,Denied
EZYV21749,Europe,High School,N,N,341,1998,Northeast,28157.58,Year,Y,Certified
EZYV4895,North America,Bachelor's,N,N,12597,1962,Northeast,228.0513,Hour,Y,Denied
EZYV7990,North America,Master's,Y,Y,1612,2001,West,75674.96,Year,Y,Certified
EZYV3248,Asia,Bachelor's,Y,N,3925,1948,South,137673.07,Year,Y,Certified
EZYV22748,Asia,Master's,Y,N,63,1998,West,60996.5,Year,Y,Certified
EZYV19877,Europe,Bachelor's,Y,N,3486,1915,South,95411.72,Year,Y,Certified
EZYV19115,Europe,High School,Y,N,810,1993,West,61100.79,Year,Y,Certified
EZYV14648,Asia,Bachelor's,N,N,1676,1984,West,128687.82,Year,Y,Certified
EZYV21057,Asia,Bachelor's,N,N,1605,2003,West,51780.14,Year,Y,Denied
EZYV8353,Asia,Master's,Y,N,796,1999,Midwest,96779.07,Year,Y,Certified
EZYV4333,Asia,Master's,N,N,2333,1978,South,91081.82,Year,Y,Denied
EZYV6605,Asia,Master's,N,N,183,1993,South,52627.63,Year,Y,Certified
EZYV10896,North America,Master's,N,N,5002,1997,West,102319.91,Year,Y,Denied
EZYV1400,North America,Master's,Y,N,836,2013,South,46453.73,Year,Y,Certified
EZYV5421,Europe,Bachelor's,Y,N,2096,1965,South,185.7184,Hour,Y,Certified
EZYV5137,Asia,Doctorate,Y,N,2527,2003,Northeast,47455.87,Year,Y,Certified
EZYV13354,Asia,High School,Y,N,1799,1999,Midwest,111612.97,Year,Y,Denied
EZYV23363,Asia,Master's,Y,N,9302,1977,Midwest,124995.72,Year,Y,Certified
EZYV11662,North America,Master's,Y,N,1810,2005,Northeast,74887.96,Year,Y,Certified
EZYV7274,Europe,Bachelor's,N,N,30328,2001,South,54306.35,Year,Y,Certified
EZYV13679,South America,Master's,N,N,2661,2010,West,216011.19,Year,N,Certified
EZYV9452,Asia,Bachelor's,Y,N,1253,1989,South,11593.72,Year,Y,Certified
EZYV12750,Asia,Master's,Y,N,1819,2003,South,129462.53,Year,N,Denied
EZYV8646,Asia,Bachelor's,N,Y,1186,2006,West,146123.47,Year,Y,Certified
EZYV20094,Asia,High School,N,Y,159,1977,South,117567.82,Year,Y,Certified
EZYV7889,Europe,Master's,Y,N,1404,1916,Northeast,30611.74,Year,Y,Certified
EZYV3358,North America,Master's,N,N,3551,2013,Midwest,159551.15,Year,Y,Denied
EZYV5737,Asia,Master's,Y,N,802,1997,Northeast,68382.92,Year,Y,Certified
EZYV14982,Europe,Master's,Y,N,5467,1911,South,128683.76,Year,Y,Certified
EZYV15212,Asia,Bachelor's,Y,N,5134,1996,South,72191.79,Year,Y,Certified
EZYV17193,Asia,High School,N,Y,3399,1941,South,63480.29,Year,N,Denied
EZYV17548,Asia,Bachelor's,Y,N,3194,1944,Northeast,60333.82,Year,Y,Certified
EZYV17437,Asia,High School,Y,N,1065,2011,Northeast,36182.96,Year,Y,Certified
EZYV10451,Asia,High School,Y,N,2433,1989,West,129666.34,Year,Y,Denied
EZYV22667,Asia,Bachelor's,Y,N,748,2005,South,30891.03,Year,Y,Certified
EZYV10426,Europe,Bachelor's,Y,N,2012,2005,Northeast,30456.07,Year,Y,Certified
EZYV17046,Asia,Doctorate,N,N,3571,1978,West,93972.3,Week,Y,Certified
EZYV14426,Asia,Bachelor's,Y,N,1414,1852,South,113243.92,Year,Y,Certified
EZYV1795,Asia,Master's,Y,N,3432,1989,Midwest,168220.74,Year,Y,Certified
EZYV15100,Asia,High School,Y,N,674,2002,South,149698.04,Year,Y,Denied
EZYV21734,Europe,Bachelor's,Y,Y,2495,2013,South,137949.38,Year,Y,Certified
EZYV20863,North America,High School,Y,N,2294,1901,West,18643.35,Year,Y,Certified
EZYV18314,Asia,Bachelor's,N,N,1561,1993,Northeast,71521.0,Year,Y,Denied
EZYV16972,Asia,Master's,N,N,3138,1947,Northeast,121.24,Hour,Y,Denied
EZYV13253,North America,Bachelor's,Y,N,4949,1984,South,74782.43,Year,N,Certified
EZYV5261,Europe,Doctorate,Y,N,1237,2010,Northeast,10382.11,Year,Y,Certified
EZYV4596,Asia,Master's,Y,N,1878,2001,South,61869.68,Year,N,Certified
EZYV19848,Europe,Bachelor's,Y,N,2541,1997,Northeast,121637.78,Year,N,Certified
EZYV12785,Asia,Bachelor's,N,N,91,1948,Northeast,73177.0,Year,Y,Certified
EZYV11497,Asia,Bachelor's,Y,N,9985,1986,West,87194.72,Year,Y,Certified
EZYV16185,Asia,Master's,Y,N,4252,1953,West,146425.76,Year,N,Denied
EZYV5716,Asia,High School,N,N,661,1883,West,173861.48,Year,Y,Denied
EZYV8777,North America,Doctorate,Y,N,2838,1976,Northeast,40469.54,Year,Y,Certified
EZYV11734,Asia,High School,Y,N,391,1994,Midwest,103381.93,Year,Y,Denied
EZYV7073,Asia,High School,N,Y,519,2001,South,51284.84,Year,Y,Denied
EZYV13736,Asia,High School,Y,N,726,1946,Northeast,43056.27,Year,Y,Denied
EZYV10042,Asia,Bachelor's,N,Y,1483,1917,West,72051.91,Year,Y,Denied
EZYV18599,Asia,Master's,Y,N,1718,1854,South,108838.06,Year,Y,Certified
EZYV24838,Europe,Bachelor's,N,N,2629,2009,West,29485.57,Year,Y,Certified
EZYV2689,Asia,Master's,N,N,1380,1872,South,65.8154,Hour,Y,Denied
EZYV1443,Europe,Master's,Y,Y,1320,2001,West,98991.55,Year,Y,Certified
EZYV1067,Asia,Master's,N,N,4505,2013,Midwest,54700.7,Year,Y,Certified
EZYV6740,Europe,Master's,N,N,21585,1833,West,26867.11,Year,Y,Certified
EZYV24142,Asia,Bachelor's,N,N,1571,1984,West,78082.12,Year,Y,Denied
EZYV12769,Asia,Master's,Y,N,2381,2003,Midwest,230922.38,Year,Y,Certified
EZYV15875,Asia,High School,N,Y,1647,1999,West,76748.75,Year,Y,Certified
EZYV8904,Asia,Master's,Y,N,55,2006,Midwest,174882.93,Year,Y,Certified
EZYV12683,Asia,Bachelor's,N,N,1923,1998,Midwest,58711.52,Year,Y,Denied
EZYV7096,Europe,Master's,Y,N,171,2005,West,86267.3,Year,Y,Certified
EZYV23818,Asia,Master's,N,Y,182,1848,Northeast,67779.03,Year,Y,Certified
EZYV23024,Europe,Doctorate,Y,N,1795,2001,West,93910.13,Year,Y,Certified
EZYV10489,North America,High School,Y,N,1565,2004,Northeast,55193.04,Year,Y,Denied
EZYV12230,North America,Bachelor's,Y,N,2166,2008,West,81963.97,Week,Y,Denied
EZYV21344,Europe,Bachelor's,N,Y,624,2007,South,36739.43,Year,Y,Certified
EZYV600,Asia,Doctorate,Y,N,2467,1800,South,62487.14,Year,Y,Certified
EZYV18238,North America,Master's,Y,N,2712,1999,South,75890.43,Year,N,Certified
EZYV8464,Asia,Bachelor's,N,N,3090,1889,West,122330.0,Year,Y,Denied
EZYV23493,Africa,Master's,Y,N,2989,2014,West,113309.03,Year,Y,Certified
EZYV12117,Asia,Bachelor's,N,N,1476,2003,Midwest,184331.22,Year,Y,Denied
EZYV17334,Africa,High School,Y,N,2971,1998,Northeast,78341.93,Year,Y,Certified
EZYV15636,Asia,Master's,Y,N,2978,2003,Midwest,244202.66,Year,Y,Certified
EZYV8153,Asia,Bachelor's,Y,N,3271,1993,South,52803.0,Year,Y,Denied
EZYV9508,Europe,Bachelor's,N,Y,885,2010,Northeast,109589.35,Year,Y,Certified
EZYV16735,Asia,Bachelor's,Y,N,940,1999,South,123956.57,Year,Y,Denied
EZYV1435,Asia,High School,Y,Y,330,1886,South,119692.85,Year,Y,Certified
EZYV22239,Asia,Bachelor's,N,N,1229,1983,Northeast,687.06,Year,Y,Denied
EZYV14042,North America,Master's,N,N,2833,1998,Northeast,263908.89,Year,N,Certified
EZYV8577,Africa,Master's,N,N,768,1996,West,98329.23,Year,Y,Certified
EZYV23799,Europe,High School,N,Y,834,1980,South,71306.84,Year,Y,Certified
EZYV13925,Asia,Master's,Y,N,1053,1988,West,70771.41,Year,Y,Certified
EZYV19112,Asia,Master's,Y,N,372,2005,Northeast,92044.35,Year,N,Denied
EZYV7938,Europe,Master's,Y,N,4458,1868,South,4879.34,Week,Y,Certified
EZYV9188,Asia,Master's,N,Y,1286,1977,South,84926.45,Year,Y,Certified
EZYV17368,Asia,Doctorate,Y,N,4750,2005,Midwest,221900.52,Year,Y,Certified
EZYV6977,Asia,Master's,Y,N,3437,2007,West,5163.67,Year,Y,Certified
EZYV233,Asia,Doctorate,Y,N,2098,2010,South,7794.05,Year,Y,Certified
EZYV14826,Asia,High School,Y,N,1950,2008,South,47734.94,Year,Y,Denied
EZYV22374,South America,High School,N,Y,722,1980,South,111515.87,Year,Y,Certified
EZYV1315,Asia,Bachelor's,N,N,2996,1998,West,71114.45,Year,Y,Denied
EZYV895,Europe,Doctorate,N,Y,1400,1999,South,56651.09,Year,Y,Certified
EZYV12332,North America,Master's,N,N,2284,1850,West,203981.52,Year,Y,Certified
EZYV23442,Europe,Doctorate,N,N,1556,2010,Northeast,77429.53,Year,Y,Certified
EZYV2862,Asia,Master's,N,N,1873,1843,Midwest,267868.56,Year,Y,Denied
EZYV4566,Asia,Bachelor's,Y,N,2312,2012,South,120459.53,Year,Y,Denied
EZYV18254,Asia,Doctorate,Y,N,2482,1973,Northeast,95732.87,Year,Y,Certified
EZYV24921,Asia,Master's,N,Y,1528,1887,West,248375.16,Year,Y,Certified
EZYV20304,Asia,Master's,N,N,304,1995,Midwest,78425.67,Year,N,Certified
EZYV23767,Europe,Master's,Y,N,4933,1831,South,89652.89,Year,Y,Certified
EZYV24524,Europe,Master's,N,Y,606,2006,West,77925.25,Year,Y,Certified
EZYV15010,Europe,Bachelor's,N,N,1384,1988,West,100022.08,Year,Y,Certified
EZYV21601,Asia,Master's,Y,N,1034,1993,Northeast,65986.58,Year,Y,Denied
EZYV18872,Asia,Bachelor's,N,N,426,1939,Midwest,67796.05,Year,Y,Certified
EZYV7099,Asia,Master's,Y,N,135,1994,West,96445.58,Year,Y,Certified
EZYV16395,Asia,High School,Y,N,19331,2001,Midwest,1212.96,Year,Y,Certified
EZYV14348,Asia,High School,Y,N,1290,1946,South,28692.69,Year,Y,Denied
EZYV20903,Asia,Bachelor's,Y,N,1086,1961,Northeast,126072.88,Year,Y,Denied
EZYV25354,Asia,Master's,Y,N,2414,1887,South,43380.4,Year,Y,Certified
EZYV17779,Asia,High School,Y,N,2155,1968,Northeast,7489.24,Year,Y,Certified
EZYV16809,North America,Bachelor's,N,N,4014,1980,West,62043.21,Year,Y,Certified
EZYV24863,Asia,Master's,N,N,16216,1998,Midwest,90203.83,Year,Y,Certified
EZYV17190,Africa,Bachelor's,Y,N,2216,2005,Northeast,45673.69,Year,Y,Denied
EZYV16319,Asia,Master's,N,N,3851,2000,Northeast,108.12,Hour,Y,Denied
EZYV5062,Asia,Master's,Y,N,613,2005,Midwest,91887.44,Year,Y,Certified
EZYV6035,Asia,Master's,N,N,2858,1911,South,121123.08,Year,N,Certified
EZYV16572,Europe,Bachelor's,Y,Y,2493,2010,South,69491.39,Year,Y,Denied
EZYV1235,Asia,High School,N,N,2133,1999,South,784.2604,Hour,Y,Certified
EZYV6808,Asia,Bachelor's,Y,N,2936,2006,Midwest,125498.7,Year,Y,Denied
EZYV21174,South America,Bachelor's,Y,N,1198,1963,Northeast,74318.66,Year,Y,Denied
EZYV23850,Europe,Bachelor's,Y,N,5383,2004,Northeast,70516.09,Year,Y,Certified
EZYV2467,Asia,Master's,N,N,2052,1941,Midwest,114862.82,Year,Y,Certified
EZYV18819,Asia,Master's,Y,N,2939,2005,Midwest,76704.66,Year,Y,Certified
EZYV1688,Asia,Bachelor's,Y,N,4647,2000,West,52815.25,Year,Y,Certified
EZYV4175,Asia,Master's,Y,N,1261,2006,Midwest,93838.91,Year,Y,Certified
EZYV3329,Asia,Master's,Y,N,1856,1928,South,13069.82,Year,Y,Certified
EZYV14162,Asia,Doctorate,Y,N,2043,2007,West,62272.47,Year,Y,Certified
EZYV24321,Europe,Bachelor's,N,N,3099,1982,Northeast,38543.05,Year,Y,Certified
EZYV20509,Asia,Bachelor's,Y,N,2067,1959,Northeast,58857.09,Year,Y,Certified
EZYV9314,Asia,Doctorate,Y,N,2090,1990,South,23291.94,Year,Y,Certified
EZYV10026,Asia,Bachelor's,Y,N,2426,1995,Northeast,105353.74,Year,Y,Certified
EZYV12100,Asia,Bachelor's,Y,N,2443,2004,West,559.6412,Hour,Y,Denied
EZYV23075,Asia,Master's,Y,N,1413,1986,South,116851.17,Year,N,Certified
EZYV18106,North America,Bachelor's,Y,N,2011,1989,South,60249.24,Year,Y,Certified
EZYV8669,Asia,Bachelor's,Y,Y,1040,1922,West,136938.84,Year,Y,Certified
EZYV17756,Europe,Bachelor's,Y,N,1458,1963,Northeast,63556.94,Year,Y,Denied
EZYV9858,Asia,Master's,Y,N,3729,1998,South,95435.32,Year,Y,Certified
EZYV24319,Oceania,Bachelor's,Y,N,1801,1977,West,71887.93,Year,Y,Denied
EZYV13178,Asia,Bachelor's,Y,N,1382,2010,West,55386.31,Year,Y,Denied
EZYV6083,Asia,Master's,N,N,34,1991,West,491.9008,Hour,Y,Certified
EZYV10143,Asia,Master's,Y,N,5197,2000,South,32801.38,Year,Y,Certified
EZYV8070,Asia,Master's,N,N,5664,2008,South,44452.11,Year,Y,Certified
EZYV6370,Asia,Bachelor's,N,Y,946,1979,West,150999.33,Year,Y,Certified
EZYV8396,Asia,Bachelor's,Y,N,4329,1884,Northeast,97432.62,Year,Y,Denied
EZYV4478,Asia,Bachelor's,N,Y,307,1993,Island,67459.38,Year,Y,Denied
EZYV4694,North America,High School,Y,N,2850,2009,Northeast,9439.06,Year,Y,Certified
EZYV22321,North America,Bachelor's,Y,N,3736,2007,West,75070.04,Year,Y,Certified
EZYV14691,Asia,Doctorate,Y,N,84643,1983,West,43831.76,Year,N,Certified
EZYV1245,Asia,Bachelor's,Y,Y,3984,2005,South,212459.9,Year,Y,Certified
EZYV17880,Asia,Master's,N,N,3723,2005,South,145732.77,Year,N,Certified
EZYV10250,Asia,Master's,Y,N,4859,1959,Northeast,97454.05,Year,Y,Certified
EZYV7933,Asia,Bachelor's,Y,N,1106,2001,Northeast,84008.0,Year,Y,Certified
EZYV11735,North America,Master's,N,N,4364,2005,South,81599.96,Year,Y,Certified
EZYV4689,Asia,Master's,Y,N,946,1998,Northeast,141.51,Hour,Y,Certified
EZYV12631,Asia,Bachelor's,N,N,1410,2008,Midwest,19519.52,Year,Y,Certified
EZYV4188,Asia,Doctorate,Y,Y,728,1975,South,44125.36,Year,Y,Certified
EZYV11276,Asia,High School,Y,N,5369,1999,Northeast,50202.73,Year,Y,Denied
EZYV16679,Asia,Bachelor's,N,N,1335,1999,Northeast,26843.93,Year,Y,Denied
EZYV2995,Asia,High School,N,Y,3248,2004,West,70300.58,Year,Y,Denied
EZYV20857,Asia,Bachelor's,Y,N,884,2000,South,118031.84,Year,Y,Certified
EZYV5494,Asia,Master's,Y,N,3208,2004,South,38423.5,Year,Y,Certified
EZYV20229,North America,Master's,Y,N,4014,2011,Northeast,93857.47,Year,N,Certified
EZYV2212,South America,Master's,Y,N,3314,2010,West,144798.54,Week,Y,Certified
EZYV19720,Asia,High School,Y,N,3687,1997,Midwest,141038.5,Year,N,Certified
EZYV3065,Asia,Bachelor's,Y,N,803,1982,Northeast,73661.83,Year,Y,Certified
EZYV12420,Asia,High School,Y,N,2385,1985,Northeast,97834.38,Year,Y,Denied
EZYV16300,North America,Bachelor's,Y,N,3730,1862,South,58240.84,Year,Y,Certified
EZYV4467,Europe,Doctorate,Y,N,2254,2007,West,19367.92,Year,Y,Certified
EZYV3562,Asia,Master's,N,N,2502,1944,Midwest,175175.06,Year,Y,Denied
EZYV12053,Asia,Bachelor's,Y,Y,1887,1900,South,54681.79,Year,Y,Certified
EZYV22506,Asia,Bachelor's,N,N,5619,1982,West,30720.03,Year,Y,Certified
EZYV8631,North America,Bachelor's,N,Y,13139,2000,Northeast,67462.48,Year,Y,Certified
EZYV3937,Asia,High School,Y,N,2741,1971,Northeast,293.0452,Hour,Y,Denied
EZYV5046,Asia,Bachelor's,Y,N,5620,2006,Northeast,75468.65,Year,Y,Certified
EZYV18518,Asia,Bachelor's,N,N,1060,1998,West,68340.77,Year,Y,Denied
EZYV18030,Asia,Bachelor's,Y,Y,1459,2002,South,886.6149,Hour,Y,Denied
EZYV5636,Asia,Bachelor's,N,N,1709,2004,Northeast,105211.16,Year,Y,Certified
EZYV21293,Europe,Master's,N,N,1117,1999,West,177.8673,Hour,Y,Denied
EZYV11671,Asia,Master's,N,N,5280,1984,South,71470.16,Year,N,Certified
EZYV15871,Asia,Master's,Y,N,2695,1838,Island,119.22,Hour,Y,Certified
EZYV11862,Asia,Bachelor's,N,Y,1974,1831,Northeast,58511.5,Year,Y,Certified
EZYV1221,Europe,Master's,N,Y,1858,1989,Northeast,53366.36,Year,Y,Certified
EZYV12364,Asia,Master's,Y,N,2681,1920,West,115142.83,Year,Y,Certified
EZYV619,Africa,Master's,Y,N,3510,2005,Northeast,200084.9,Year,Y,Certified
EZYV25320,South America,Master's,Y,N,1186,2004,West,75773.38,Year,Y,Denied
EZYV11343,Asia,Bachelor's,Y,N,718,1968,West,82023.65,Year,Y,Denied
EZYV13419,Asia,Master's,N,N,763,2000,South,115271.61,Year,N,Certified
EZYV19967,Asia,Bachelor's,N,N,5187,2004,Midwest,111341.97,Year,Y,Denied
EZYV14419,Europe,Master's,N,N,4848,1992,West,19287.39,Year,Y,Certified
EZYV3103,Asia,Bachelor's,Y,N,2927,2004,Midwest,181691.66,Year,Y,Certified
EZYV2454,Asia,High School,N,N,1528,1919,South,59755.12,Year,Y,Certified
EZYV13038,North America,Doctorate,N,N,5038,1997,West,119477.18,Year,Y,Certified
EZYV8006,Asia,Doctorate,N,N,1769,1974,Northeast,19886.77,Year,Y,Certified
EZYV503,North America,Master's,N,N,3244,2007,West,10793.45,Year,Y,Denied
EZYV3647,Asia,Bachelor's,Y,N,473,1986,Island,30258.76,Year,Y,Certified
EZYV15414,South America,Bachelor's,Y,N,850,2015,Northeast,545.592,Hour,Y,Denied
EZYV6267,Asia,Bachelor's,Y,N,27195,1995,Midwest,63480.82,Week,Y,Denied
EZYV2437,Asia,Bachelor's,Y,N,3710,2006,West,200527.13,Year,Y,Certified
EZYV19343,Europe,High School,Y,Y,1432,1883,West,49521.33,Year,Y,Certified
EZYV18863,Asia,Bachelor's,Y,N,3035,1907,West,89891.32,Year,N,Certified
EZYV14203,Asia,Master's,Y,N,1965,1981,South,137475.57,Year,Y,Certified
EZYV17549,Asia,Bachelor's,Y,N,5031,1987,South,95172.55,Year,N,Denied
EZYV16079,Asia,Doctorate,Y,Y,2989,1971,Northeast,42586.51,Year,Y,Certified
EZYV21251,Asia,Bachelor's,N,N,29528,1965,West,179291.59,Year,Y,Certified
EZYV17605,North America,Doctorate,Y,N,1444,2002,Midwest,60411.22,Year,Y,Certified
EZYV7335,Asia,Master's,Y,N,2716,1998,South,117117.21,Year,Y,Certified
EZYV24535,North America,High School,N,N,820,2005,Northeast,125661.19,Year,Y,Denied
EZYV6758,Asia,Master's,Y,N,341,1987,Midwest,86975.7,Year,Y,Certified
EZYV8138,North America,Master's,N,N,2468,2006,South,232.808,Hour,Y,Denied
EZYV16537,Asia,High School,N,N,1179,2015,Midwest,175346.84,Year,Y,Certified
EZYV6632,Asia,Master's,Y,N,4706,2002,West,20633.3,Year,Y,Certified
EZYV16170,Asia,Bachelor's,Y,N,304,1940,South,19951.82,Year,Y,Certified
EZYV10560,Europe,Bachelor's,N,N,871,2007,Northeast,23726.1,Year,Y,Certified
EZYV4649,Asia,High School,N,N,3886,2009,South,88732.97,Year,Y,Denied
EZYV22418,Europe,Bachelor's,N,Y,1071,1942,West,56216.48,Year,Y,Certified
EZYV3240,Asia,Master's,N,Y,591,1984,West,82045.13,Year,Y,Denied
EZYV4885,North America,Master's,N,N,5064,1974,Northeast,62189.28,Year,Y,Certified
EZYV18317,North America,Master's,N,N,57944,2010,South,38827.25,Year,Y,Denied
EZYV6508,Asia,Master's,Y,N,6661,2003,Northeast,50998.71,Year,Y,Certified
EZYV21917,Europe,Master's,Y,Y,1143,2008,Northeast,60395.01,Year,Y,Certified
EZYV1640,Asia,Bachelor's,Y,N,2159,2003,West,93528.66,Month,Y,Certified
EZYV5256,Asia,Master's,Y,N,2270,2004,West,68398.47,Year,Y,Certified
EZYV2800,Asia,Master's,Y,Y,1236,1948,South,85624.24,Year,Y,Certified
EZYV20288,Africa,Master's,N,N,1029,1977,Northeast,102718.5,Year,Y,Certified
EZYV21275,Asia,Bachelor's,Y,N,1994,1891,Northeast,19787.53,Year,Y,Certified
EZYV21684,North America,Bachelor's,Y,N,2010,2002,South,60764.21,Year,Y,Denied
EZYV20121,North America,Bachelor's,N,N,2130,1998,West,107.38,Hour,Y,Denied
EZYV9983,Europe,High School,Y,N,2328,1970,Northeast,70579.08,Year,Y,Denied
EZYV8171,Asia,Master's,N,Y,3905,2006,South,194535.66,Year,Y,Certified
EZYV7728,Europe,Bachelor's,Y,N,723,2004,West,9072.38,Year,Y,Certified
EZYV847,Asia,Master's,N,Y,2610,1972,South,105748.83,Year,Y,Certified
EZYV5292,Asia,Master's,N,N,3346,1998,West,106798.73,Year,Y,Certified
EZYV16259,Asia,Bachelor's,Y,N,1591,2001,Northeast,103304.99,Year,Y,Certified
EZYV5024,Europe,Bachelor's,N,Y,1220,1851,West,1030.85,Year,Y,Certified
EZYV7379,Asia,Bachelor's,Y,N,1214,1987,South,37844.59,Year,Y,Denied
EZYV4857,Asia,Bachelor's,N,N,69,1998,Midwest,250.8438,Hour,Y,Denied
EZYV16271,Asia,High School,N,N,833,1984,Midwest,186260.87,Year,Y,Certified
EZYV3254,South America,Bachelor's,Y,Y,399,1925,South,122588.72,Year,Y,Denied
EZYV4738,Asia,Master's,Y,N,1006,1999,Midwest,17513.86,Year,Y,Certified
EZYV15621,Europe,Bachelor's,Y,N,854,1855,South,84830.64,Year,Y,Certified
EZYV5634,North America,Master's,Y,N,1018,2005,West,105054.29,Year,N,Certified
EZYV5881,Asia,Master's,N,N,3432,1965,Northeast,75267.73,Year,Y,Certified
EZYV5152,Europe,Master's,N,N,1082,2010,West,71090.85,Year,Y,Certified
EZYV722,Asia,Master's,Y,N,3815,1987,Northeast,14742.8,Year,Y,Certified
EZYV24795,Asia,Bachelor's,N,Y,38,1996,Northeast,130936.52,Year,Y,Denied
EZYV6796,Europe,Doctorate,Y,N,4271,2006,Northeast,8450.02,Year,Y,Certified
EZYV9850,Asia,High School,Y,N,923,2009,Midwest,66081.58,Year,Y,Denied
EZYV9948,Asia,Bachelor's,N,N,4713,1997,South,57844.63,Year,Y,Certified
EZYV22470,Asia,Bachelor's,N,Y,108,2005,South,100322.56,Year,Y,Certified
EZYV14312,Asia,Bachelor's,Y,N,1297,1989,West,84192.19,Year,Y,Certified
EZYV11817,Asia,Master's,Y,N,1293,2005,Midwest,50169.54,Year,Y,Certified
EZYV20763,Asia,Master's,N,N,2651,1973,South,47784.26,Year,N,Denied
EZYV18759,Asia,Master's,N,N,3502,2004,Midwest,106750.76,Year,N,Denied
EZYV14360,Africa,Bachelor's,N,N,1462,1977,Northeast,51664.53,Year,Y,Certified
EZYV2258,Asia,Doctorate,Y,N,632,1976,West,9289.46,Year,Y,Certified
EZYV19450,Asia,Bachelor's,Y,N,2580,2008,West,50538.28,Year,Y,Certified
EZYV7473,Asia,Master's,N,Y,3724,1877,South,118355.08,Year,Y,Certified
EZYV23095,Europe,Bachelor's,N,N,1762,1845,Northeast,79989.53,Year,Y,Certified
EZYV4257,Oceania,Bachelor's,N,N,3235,1993,South,18856.64,Year,Y,Denied
EZYV10659,Asia,Bachelor's,N,N,4922,1949,Northeast,71372.61,Year,Y,Denied
EZYV5073,Asia,High School,Y,N,1270,2006,South,53915.03,Year,Y,Denied
EZYV2374,Asia,Bachelor's,Y,N,3685,1981,South,114187.01,Year,Y,Certified
EZYV8565,Asia,Master's,Y,N,28826,2002,Northeast,65071.4,Year,N,Certified
EZYV12284,Asia,Master's,Y,N,1741,1981,Midwest,117979.93,Year,N,Certified
EZYV18958,Asia,High School,Y,N,1913,1901,Midwest,433.152,Hour,Y,Certified
EZYV11753,North America,Master's,Y,N,425,1986,Northeast,332.0437,Hour,Y,Denied
EZYV20248,Europe,Master's,Y,N,3100,1998,Northeast,127991.5,Week,Y,Certified
EZYV10870,Asia,Master's,Y,N,4100,1996,West,47658.9,Year,Y,Certified
EZYV3320,Asia,Bachelor's,N,Y,2351,1999,South,42953.55,Year,Y,Denied
EZYV21149,North America,High School,Y,N,3063,1998,Northeast,70586.26,Year,Y,Certified
EZYV18815,Europe,High School,N,Y,573,2001,South,221588.52,Year,Y,Certified
EZYV19735,North America,High School,Y,N,1576,1993,South,4229.43,Week,Y,Certified
EZYV25252,Europe,Master's,N,N,4299,2009,Midwest,125454.81,Year,Y,Certified
EZYV18308,Asia,Bachelor's,Y,N,3757,1999,West,118999.09,Year,Y,Denied
EZYV25068,Asia,Master's,N,Y,1062,2012,South,52834.82,Year,Y,Certified
EZYV11418,Asia,Master's,Y,N,4779,1997,South,171128.69,Year,N,Certified
EZYV3277,Asia,Bachelor's,N,N,1388,2001,West,14386.57,Year,Y,Denied
EZYV12825,Europe,Doctorate,Y,N,5089,2002,Northeast,51003.12,Year,Y,Certified
EZYV18811,Asia,Bachelor's,Y,N,3703,1979,West,201827.86,Year,Y,Certified
EZYV12913,Asia,High School,N,N,3445,2011,South,105503.97,Year,Y,Denied
EZYV22161,Asia,Bachelor's,Y,N,4192,1965,Midwest,105292.67,Year,N,Certified
EZYV17591,Asia,Master's,N,N,1809,2001,West,141.72,Hour,Y,Denied
EZYV8946,Asia,Master's,Y,N,1054,1925,Midwest,246525.47,Year,N,Certified
EZYV11197,Asia,Master's,Y,N,4120,2008,Midwest,43412.68,Year,Y,Certified
EZYV20144,Asia,Bachelor's,Y,N,205,2000,Midwest,98848.46,Year,Y,Certified
EZYV10603,North America,Bachelor's,Y,N,1208,2005,Northeast,36344.87,Year,Y,Denied
EZYV19815,Asia,Bachelor's,Y,N,506,2009,Northeast,75156.15,Year,Y,Denied
EZYV22960,Europe,Master's,Y,N,1656,2005,Northeast,109483.2,Year,Y,Certified
EZYV15045,Asia,Bachelor's,Y,N,879,1961,South,68421.06,Year,Y,Certified
EZYV16533,Asia,Master's,Y,N,20942,1918,Northeast,51871.19,Year,N,Certified
EZYV19395,Asia,Bachelor's,Y,N,4460,1999,West,14134.99,Year,Y,Certified
EZYV10240,North America,Bachelor's,Y,N,5378,2009,Northeast,31074.0,Year,N,Denied
EZYV21425,Asia,Master's,N,Y,3376,1974,South,112413.86,Year,Y,Certified
EZYV20593,Asia,Bachelor's,Y,N,1586,2003,West,5400.02,Year,Y,Denied
EZYV24205,Asia,Bachelor's,N,N,754,1855,South,119713.28,Year,Y,Denied
EZYV24334,Asia,Master's,N,N,1006,1956,South,67009.89,Year,N,Denied
EZYV9521,Europe,Bachelor's,N,N,1661,2011,South,26060.06,Year,Y,Denied
EZYV17551,North America,Doctorate,Y,Y,4464,1984,Northeast,239224.53,Year,Y,Certified
EZYV12565,Asia,High School,Y,N,1162,2013,West,91157.79,Year,Y,Denied
EZYV17902,Europe,High School,N,Y,3792,1978,West,106680.94,Year,Y,Denied
EZYV23214,North America,Bachelor's,Y,N,737,1988,Midwest,99590.36,Year,Y,Certified
EZYV10901,Asia,High School,N,N,2567,1980,Midwest,104528.42,Week,Y,Denied
EZYV6760,Asia,Bachelor's,N,N,44618,2010,West,40860.81,Year,Y,Certified
EZYV18908,Asia,High School,N,N,49,2008,South,266821.59,Year,N,Certified
EZYV1824,Asia,Bachelor's,Y,N,4400,1999,Midwest,9998.97,Year,Y,Certified
EZYV11654,Asia,Master's,Y,N,1624,1989,Midwest,637.4783,Hour,Y,Certified
EZYV8944,Asia,Master's,Y,N,69956,2001,Midwest,73779.04,Year,Y,Certified
EZYV3041,Asia,Master's,Y,N,1760,1914,South,52463.97,Year,Y,Certified
EZYV15277,Asia,Master's,Y,N,431,2011,Midwest,63858.11,Year,N,Certified
EZYV3784,Asia,Bachelor's,Y,N,4007,2000,Northeast,150919.58,Year,N,Certified
EZYV7609,Asia,Bachelor's,Y,Y,102677,2004,West,110923.6,Year,Y,Denied
EZYV4850,North America,Master's,N,N,2415,2011,West,129013.48,Year,Y,Denied
EZYV25169,Asia,Bachelor's,Y,N,981,2001,South,86044.7,Year,Y,Certified
EZYV23391,North America,High School,N,N,2156,2003,Northeast,11352.95,Year,Y,Denied
EZYV2198,Asia,Bachelor's,Y,N,261,2006,Island,8516.76,Year,Y,Certified
EZYV22502,Asia,Master's,N,N,1557,2007,Northeast,80068.65,Year,Y,Denied
EZYV22776,North America,Bachelor's,N,N,936,2002,South,80549.64,Year,Y,Denied
EZYV12031,Asia,High School,N,N,3743,1998,South,137768.71,Year,Y,Denied
EZYV18516,Asia,Bachelor's,N,N,1673,2007,Northeast,134015.26,Year,Y,Certified
EZYV24736,Asia,Bachelor's,N,N,2169,1963,West,329.0891,Hour,Y,Denied
EZYV9770,South America,Master's,N,N,4413,1941,Midwest,800.2398,Hour,Y,Denied
EZYV8517,Asia,Master's,Y,N,1013,1968,South,110337.58,Year,Y,Certified
EZYV6283,North America,Bachelor's,N,N,3445,2009,Northeast,451.5117,Hour,Y,Certified
EZYV4533,Asia,Master's,Y,N,375,1944,Northeast,90538.2,Year,N,Certified
EZYV17442,North America,Master's,Y,N,2843,2007,Island,52599.33,Year,Y,Denied
EZYV19821,Europe,Doctorate,Y,N,2778,2001,West,49655.79,Year,Y,Denied
EZYV13859,North America,Master's,N,Y,921,1998,South,71138.13,Year,Y,Denied
EZYV19278,Asia,Master's,Y,N,3595,2006,South,34295.48,Year,N,Certified
EZYV4477,Asia,Bachelor's,Y,N,2117,1996,Midwest,98718.96,Year,Y,Denied
EZYV19653,North America,Master's,N,N,822,1987,Island,202188.16,Year,Y,Certified
EZYV22809,Asia,Master's,Y,N,214,2000,Northeast,185347.74,Year,Y,Denied
EZYV8524,Asia,Bachelor's,N,N,42683,1888,South,88127.31,Year,N,Certified
EZYV25379,Asia,Bachelor's,N,N,2607,2010,Midwest,63945.93,Year,Y,Certified
EZYV2752,Asia,Bachelor's,Y,Y,1811,1969,West,79583.46,Year,Y,Certified
EZYV9174,Asia,Master's,N,N,834,2006,South,130429.18,Year,N,Certified
EZYV13714,Asia,Bachelor's,Y,N,1116,2009,Northeast,65558.72,Year,Y,Denied
EZYV3598,Asia,High School,Y,N,3649,2004,Midwest,71124.06,Year,N,Denied
EZYV9709,Europe,Bachelor's,Y,N,1665,1862,Midwest,69822.5,Year,Y,Denied
EZYV10216,Asia,Master's,N,N,1904,1990,Northeast,999.9195,Hour,Y,Denied
EZYV22063,Europe,Bachelor's,Y,N,1420,1970,West,144060.84,Year,Y,Certified
EZYV23553,Europe,Bachelor's,Y,N,4559,1991,Northeast,39815.92,Year,Y,Denied
EZYV10818,Europe,Bachelor's,Y,Y,1787,2012,South,114076.97,Year,Y,Certified
EZYV20859,Europe,High School,Y,N,19552,1991,South,24374.76,Year,Y,Certified
EZYV12145,Asia,Master's,N,N,3877,1989,South,113554.17,Year,N,Denied
EZYV10511,Asia,Bachelor's,Y,N,3739,2003,West,76493.21,Year,Y,Certified
EZYV22676,Asia,Master's,N,N,21690,2014,Northeast,78195.17,Year,N,Certified
EZYV20665,Asia,Master's,Y,N,47,1996,Northeast,65436.26,Year,Y,Denied
EZYV4720,Asia,Master's,N,N,2524,2005,Midwest,68577.13,Year,Y,Denied
EZYV1689,Asia,High School,Y,N,1811,1973,Midwest,77201.64,Year,Y,Certified
EZYV21724,Asia,Doctorate,Y,N,691,2001,South,87357.2,Year,Y,Certified
EZYV3620,South America,Master's,Y,N,4692,2013,South,47905.3,Year,Y,Certified
EZYV8656,Asia,Bachelor's,Y,N,1727,1851,South,81620.84,Year,Y,Certified
EZYV15036,Asia,Master's,N,N,4973,1932,South,13585.39,Year,Y,Denied
EZYV4119,Europe,Doctorate,N,Y,2145,1992,West,20690.04,Year,Y,Certified
EZYV14007,North America,Master's,Y,N,1962,2007,Northeast,40616.29,Year,Y,Denied
EZYV13635,Asia,Bachelor's,Y,N,3942,2007,Northeast,96480.76,Year,Y,Denied
EZYV20337,Asia,Bachelor's,N,N,967,2012,South,221.5887,Hour,Y,Denied
EZYV25356,Asia,Bachelor's,Y,N,875,1996,Northeast,49219.12,Year,Y,Denied
EZYV568,Asia,Bachelor's,Y,N,2247,2003,Northeast,130563.12,Year,Y,Certified
EZYV4795,South America,Master's,N,N,6036,2000,Northeast,62979.88,Year,Y,Certified
EZYV21030,Asia,Bachelor's,Y,N,2258,2001,South,41614.07,Year,Y,Certified
EZYV18494,North America,Bachelor's,Y,Y,150,2005,South,84339.23,Year,Y,Denied
EZYV23558,Asia,Bachelor's,Y,N,11254,1946,West,123259.44,Year,Y,Denied
EZYV2911,Asia,Master's,N,N,125501,1974,Northeast,149194.87,Year,N,Denied
EZYV12436,Asia,High School,Y,N,550,2013,Midwest,82737.58,Year,Y,Denied
EZYV2484,Asia,Bachelor's,Y,N,1481,2005,Midwest,178327.44,Year,Y,Certified
EZYV11052,Asia,Master's,N,N,3901,1911,West,126744.18,Year,Y,Denied
EZYV13037,South America,Master's,Y,Y,917,2006,South,85151.06,Year,Y,Certified
EZYV23848,Europe,Master's,Y,N,1225,2003,West,77021.48,Year,Y,Certified
EZYV3517,Asia,Bachelor's,Y,N,4069,1984,South,61313.77,Year,Y,Certified
EZYV16418,Asia,Bachelor's,Y,N,4237,1971,Midwest,48117.86,Year,Y,Certified
EZYV20688,North America,Bachelor's,Y,N,113,1911,Northeast,90969.75,Year,Y,Certified
EZYV23320,Asia,Bachelor's,Y,N,2767,1993,Northeast,37589.06,Year,Y,Certified
EZYV15292,Europe,Doctorate,Y,Y,1976,1853,West,80995.69,Year,Y,Certified
EZYV6088,Asia,High School,Y,N,3906,2010,West,71562.83,Year,Y,Denied
EZYV10154,Asia,Bachelor's,N,Y,4819,2001,West,142940.99,Year,Y,Certified
EZYV22129,Asia,Master's,Y,N,144,1879,Northeast,116141.58,Year,Y,Certified
EZYV18328,Asia,High School,Y,N,3135,1880,Midwest,8675.74,Year,Y,Certified
EZYV8627,Europe,Bachelor's,Y,N,461527,2005,South,27597.39,Year,Y,Denied
EZYV915,Asia,Doctorate,N,Y,1721,2006,Island,110328.1,Year,Y,Denied
EZYV11262,North America,Bachelor's,N,N,5227,1817,Northeast,102.94,Hour,Y,Denied
EZYV20196,Asia,Bachelor's,Y,N,894,2000,South,113545.6,Year,Y,Certified
EZYV981,Asia,Bachelor's,N,N,2444,2006,West,30497.97,Year,Y,Denied
EZYV21777,Asia,Bachelor's,N,N,1375,2007,Northeast,57842.34,Year,Y,Denied
EZYV23855,North America,Bachelor's,N,N,3423,1990,Midwest,110430.02,Year,Y,Denied
EZYV3202,South America,Bachelor's,Y,N,453,1989,West,126813.75,Year,Y,Certified
EZYV13298,Asia,Bachelor's,N,N,12,2008,West,148920.43,Year,Y,Certified
EZYV23026,Asia,High School,N,N,1395,1987,South,73606.03,Year,N,Denied
EZYV23874,North America,Bachelor's,Y,N,1368,1994,West,557.4047,Hour,Y,Denied
EZYV1910,Asia,Master's,N,Y,190,2004,Midwest,91171.22,Year,Y,Certified
EZYV11538,Asia,High School,Y,N,3441,1997,Northeast,16853.64,Year,Y,Denied
EZYV17508,Asia,High School,Y,N,1325,2007,Midwest,319.498,Hour,Y,Denied
EZYV9764,Europe,Master's,N,N,4722,1896,Midwest,196676.57,Year,Y,Certified
EZYV8736,Asia,High School,N,N,200,1977,Northeast,318.4801,Hour,Y,Denied
EZYV12975,Asia,Bachelor's,N,N,1628,2006,West,45179.3,Year,Y,Denied
EZYV21324,Europe,Bachelor's,N,Y,3810,2013,West,62346.51,Year,Y,Certified
EZYV19433,Asia,High School,N,N,1580,2003,South,92693.14,Year,Y,Denied
EZYV17351,Asia,Master's,Y,N,482,1996,South,122283.58,Year,N,Denied
EZYV6614,Asia,Bachelor's,Y,N,1731,2014,Northeast,66130.57,Year,N,Certified
EZYV2893,South America,High School,N,Y,3172,1998,West,104855.95,Year,Y,Denied
EZYV5824,Asia,Bachelor's,Y,N,2851,1987,South,27617.06,Year,Y,Certified
EZYV8052,Asia,Bachelor's,Y,N,1139,1999,Midwest,145231.29,Year,Y,Certified
EZYV17290,Asia,Master's,Y,N,2610,2007,Northeast,146773.45,Year,N,Certified
EZYV8197,Asia,Master's,N,N,2854,2000,Northeast,101800.95,Year,Y,Certified
EZYV475,Asia,Doctorate,N,N,1006,2009,South,23389.53,Year,Y,Certified
EZYV21717,Asia,High School,Y,N,2176,1988,South,114182.49,Year,Y,Denied
EZYV22393,Asia,Master's,Y,N,3138,2004,West,41540.62,Year,Y,Denied
EZYV189,South America,Master's,Y,N,1551,1989,West,630.66,Year,Y,Certified
EZYV6237,Europe,High School,N,N,1598,1902,Northeast,137.15,Hour,Y,Denied
EZYV21199,Asia,Bachelor's,N,Y,1109,1909,Midwest,274436.62,Year,Y,Certified
EZYV2496,South America,High School,N,N,248,1960,South,99254.94,Year,Y,Certified
EZYV2458,Asia,High School,N,N,1748,2012,Northeast,121129.27,Year,Y,Denied
EZYV8468,Asia,Bachelor's,Y,N,1305,2001,South,46100.72,Year,Y,Certified
EZYV20156,South America,Bachelor's,Y,N,3357,1976,South,140767.43,Year,Y,Certified
EZYV1957,Asia,Bachelor's,Y,Y,3862,1980,South,82472.68,Year,Y,Certified
EZYV13475,Asia,Master's,Y,N,579,2003,Northeast,44542.47,Year,Y,Certified
EZYV12248,North America,Master's,Y,N,2318,1948,South,449.4514,Hour,Y,Denied
EZYV4091,South America,High School,Y,N,968,1988,Island,68771.55,Year,Y,Certified
EZYV7556,Asia,High School,N,Y,1925,1884,Northeast,186.3233,Hour,Y,Denied
EZYV17505,Asia,Master's,Y,N,27959,2004,West,138437.36,Year,Y,Certified
EZYV9396,Africa,Master's,Y,N,221,1982,Midwest,148252.42,Year,Y,Certified
EZYV4550,Asia,Master's,Y,N,2750,1909,Northeast,159140.16,Year,N,Certified
EZYV23505,Asia,Master's,N,N,816,1993,South,168100.14,Year,Y,Denied
EZYV7585,Asia,Master's,N,N,1639,1850,Northeast,71919.1,Year,N,Certified
EZYV16114,Europe,Doctorate,Y,N,1474,2008,West,8455.57,Year,Y,Certified
EZYV22826,Asia,High School,N,N,830,2012,Northeast,4139.04,Year,Y,Denied
EZYV11535,Asia,Master's,N,N,2558,1896,South,22093.61,Year,Y,Denied
EZYV3871,North America,High School,Y,N,5245,2009,South,87216.81,Year,Y,Certified
EZYV20424,Africa,High School,Y,N,3247,1962,South,125097.25,Year,Y,Certified
EZYV6563,Asia,Master's,N,N,1383,2004,Midwest,718.027,Hour,Y,Certified
EZYV23340,Asia,Bachelor's,Y,Y,1132,1999,Northeast,40853.5,Year,Y,Denied
EZYV5831,North America,High School,N,N,116429,1951,South,110493.64,Year,N,Certified
EZYV17783,Asia,High School,N,N,637,1968,Midwest,51159.39,Year,Y,Certified
EZYV10579,Asia,Master's,Y,N,1821,1968,Northeast,101044.6,Year,Y,Certified
EZYV8116,Asia,High School,N,N,1885,1989,Midwest,60901.64,Year,N,Denied
EZYV3623,Europe,Bachelor's,N,Y,2225,1949,West,122255.17,Year,Y,Certified
EZYV24825,Europe,Master's,Y,N,218,1990,Northeast,69406.8,Year,Y,Certified
EZYV650,Africa,Bachelor's,N,N,3363,1983,South,21924.21,Year,Y,Certified
EZYV21531,Asia,Bachelor's,Y,N,3032,2003,South,53882.15,Year,Y,Certified
EZYV9259,Asia,Master's,N,N,77564,1999,West,89878.19,Year,Y,Certified
EZYV17386,Asia,Master's,N,N,751,1997,Midwest,294945.51,Year,Y,Certified
EZYV20392,Asia,Bachelor's,Y,N,1494,1973,West,115752.98,Year,Y,Certified
EZYV2491,Asia,Master's,Y,N,5303,1946,West,149794.75,Year,Y,Certified
EZYV8387,South America,Doctorate,Y,N,217,1965,Northeast,104596.34,Year,Y,Certified
EZYV18231,Asia,Bachelor's,N,N,789,1961,Northeast,102746.71,Year,N,Denied
EZYV3897,North America,Master's,Y,N,2320,1999,Midwest,121770.31,Year,Y,Certified
EZYV25444,Africa,Bachelor's,N,N,72892,2007,Northeast,215.1,Hour,Y,Certified
EZYV12501,Asia,Bachelor's,N,N,2330,1999,Midwest,39557.24,Year,Y,Certified
EZYV8734,Europe,High School,Y,N,3165,2003,South,147.1202,Hour,Y,Denied
EZYV18136,Asia,Master's,Y,N,485,2006,Midwest,257994.73,Year,Y,Certified
EZYV21912,Asia,Master's,N,N,1919,1975,South,61581.35,Year,N,Certified
EZYV22039,Asia,Master's,N,N,734,2005,West,38079.31,Week,Y,Denied
EZYV16484,Asia,Bachelor's,Y,N,1011,1996,South,45802.11,Year,Y,Denied
EZYV1123,North America,Bachelor's,Y,N,3472,2001,Midwest,48603.11,Year,Y,Certified
EZYV12803,Asia,Master's,N,N,938,2001,South,98133.16,Year,Y,Certified
EZYV9255,Asia,Bachelor's,Y,N,182,2011,West,11524.55,Year,Y,Denied
EZYV13030,Asia,High School,N,N,1628,1929,South,151791.14,Year,Y,Denied
EZYV17268,Asia,Bachelor's,Y,N,499,1909,West,72476.76,Month,Y,Denied
EZYV3604,Asia,High School,N,Y,1044,2005,West,104405.17,Year,Y,Denied
EZYV25400,Europe,Master's,N,Y,1094,2009,Northeast,97440.39,Year,Y,Certified
EZYV5600,Asia,High School,Y,N,4752,1992,Northeast,90297.88,Year,Y,Denied
EZYV24826,North America,Bachelor's,N,N,498,1892,Island,99536.87,Year,Y,Certified
EZYV25334,Asia,Master's,N,N,1697,1980,West,137.76,Hour,Y,Certified
EZYV20941,North America,Bachelor's,N,N,608,2009,West,378.1946,Hour,Y,Denied
EZYV3443,Asia,Master's,N,N,1242,2001,Midwest,102348.87,Year,Y,Denied
EZYV15698,Africa,Master's,Y,N,3866,2001,West,15319.03,Year,Y,Certified
EZYV8390,Asia,Bachelor's,Y,N,1260,1996,Midwest,106925.54,Year,N,Denied
EZYV8438,Asia,Master's,Y,N,2488,1960,Midwest,98414.12,Year,Y,Certified
EZYV7135,Europe,Doctorate,Y,Y,5215,2011,West,95424.13,Year,Y,Certified
EZYV4245,Asia,Master's,N,N,151150,1984,South,99349.92,Year,N,Denied
EZYV4784,Asia,Bachelor's,N,N,2852,2004,South,127096.87,Year,N,Certified
EZYV20974,Asia,Bachelor's,N,Y,230,1999,South,73114.98,Year,Y,Certified
EZYV3287,Asia,Master's,Y,N,1318,2015,Northeast,570.926,Hour,Y,Certified
EZYV14636,Asia,Master's,Y,N,3401,1867,Midwest,111006.64,Year,Y,Certified
EZYV10996,Asia,Bachelor's,N,N,3692,2000,West,126070.95,Year,Y,Denied
EZYV7620,Africa,Bachelor's,N,N,6259,1994,West,21408.55,Year,Y,Denied
EZYV5602,Asia,Bachelor's,Y,N,448,1989,Midwest,64357.65,Year,Y,Certified
EZYV14248,Europe,Bachelor's,N,N,1327,1997,West,13556.22,Year,Y,Certified
EZYV13143,North America,Master's,Y,N,4417,1997,Northeast,24905.66,Year,Y,Certified
EZYV10229,Europe,Master's,Y,N,952,1879,South,76490.79,Year,Y,Certified
EZYV9614,Asia,High School,N,N,2072,1985,South,31311.97,Year,Y,Denied
EZYV2064,Africa,Master's,Y,N,2269,1994,Northeast,97039.78,Year,Y,Certified
EZYV13312,Asia,Bachelor's,Y,N,5621,1837,Northeast,49594.52,Year,N,Certified
EZYV22112,Asia,Bachelor's,N,N,19534,1975,Northeast,879.9837,Hour,Y,Certified
EZYV24101,Africa,High School,Y,N,1275,2011,Northeast,111757.58,Year,Y,Certified
EZYV15679,Asia,Bachelor's,Y,N,3256,2006,Northeast,30186.89,Year,Y,Certified
EZYV9880,Asia,Master's,N,N,2662,1993,South,89112.88,Year,N,Certified
EZYV22978,Asia,Bachelor's,Y,Y,3409,2005,West,105328.86,Year,Y,Certified
EZYV16469,Europe,Doctorate,Y,N,14536,1865,Island,83635.92,Year,Y,Certified
EZYV23882,Europe,Master's,N,Y,564,1980,Midwest,99307.89,Year,Y,Certified
EZYV9994,North America,High School,N,N,1672,1961,Midwest,83847.99,Year,Y,Denied
EZYV2317,Europe,Bachelor's,Y,Y,3097,1876,Northeast,96237.93,Year,Y,Certified
EZYV19839,Asia,Master's,N,N,737,2002,Northeast,98827.43,Year,N,Certified
EZYV16220,Europe,Master's,Y,N,875,1979,West,49319.97,Year,Y,Certified
EZYV119,Asia,Bachelor's,Y,N,1641,1984,Midwest,32161.6,Year,Y,Certified
EZYV13909,North America,Bachelor's,N,N,1678,1984,Northeast,77116.93,Year,Y,Denied
EZYV6671,Europe,Master's,Y,N,4020,1993,West,85611.8,Year,Y,Certified
EZYV3630,Asia,High School,Y,N,1325,1911,Midwest,56118.94,Year,Y,Denied
EZYV11899,Asia,Master's,Y,N,3453,2000,Midwest,93060.55,Year,Y,Certified
EZYV2801,Asia,Bachelor's,Y,N,3012,1851,Northeast,195260.95,Year,Y,Certified
EZYV9041,Oceania,High School,Y,N,1468,1976,West,31536.3,Year,Y,Certified
EZYV21074,Asia,Master's,N,Y,3433,2003,Northeast,73911.55,Year,Y,Certified
EZYV1627,Africa,Bachelor's,Y,Y,60548,2007,South,131928.61,Year,Y,Certified
EZYV6191,Europe,High School,N,Y,365,1975,South,49432.45,Year,Y,Denied
EZYV24630,Asia,Doctorate,Y,Y,4427,1985,South,81192.85,Year,Y,Certified
EZYV16973,Asia,Bachelor's,Y,N,1486,1991,South,71220.71,Year,Y,Certified
EZYV20459,Asia,Master's,Y,N,3881,1996,South,54279.24,Year,Y,Certified
EZYV12269,Africa,High School,Y,N,165,1968,West,62978.49,Year,Y,Denied
EZYV14926,Africa,Doctorate,Y,N,3882,1984,Northeast,18442.17,Year,Y,Certified
EZYV24118,Asia,Master's,Y,N,1146,1911,South,84184.52,Year,Y,Certified
EZYV23359,South America,Master's,N,N,4763,2008,South,64428.8,Year,N,Certified
EZYV10060,Asia,High School,N,N,337,1954,Northeast,63754.05,Year,Y,Denied
EZYV20031,Asia,Bachelor's,N,N,1651,1859,Midwest,47736.2,Year,Y,Certified
EZYV22359,Asia,Master's,Y,Y,4235,1987,Northeast,104692.28,Year,Y,Certified
EZYV17040,Asia,Bachelor's,Y,N,1259,2007,South,108896.7,Year,Y,Denied
EZYV16406,Asia,Master's,Y,N,3699,1979,South,26041.37,Year,N,Denied
EZYV6394,Asia,Master's,Y,N,1571,2001,South,165056.07,Year,N,Certified
EZYV21753,Asia,Master's,Y,N,317,2000,Midwest,107994.83,Year,Y,Certified
EZYV4295,Asia,Master's,N,N,768,1999,Northeast,112031.35,Year,N,Denied
EZYV24100,Asia,Bachelor's,Y,N,796,2010,Island,725.1272,Hour,Y,Certified
EZYV23695,Asia,Doctorate,Y,Y,2184,2010,South,139395.68,Year,Y,Denied
EZYV7652,Asia,Master's,Y,N,717,2007,South,85431.43,Year,Y,Certified
EZYV3334,Asia,Doctorate,Y,N,2028,1919,West,157193.23,Year,N,Certified
EZYV14991,Asia,Bachelor's,Y,N,3213,2008,South,119483.69,Year,Y,Certified
EZYV1778,Asia,Master's,Y,N,3062,2014,West,56979.8,Year,Y,Certified
EZYV16880,Asia,Master's,Y,Y,4039,1988,Midwest,126935.24,Year,Y,Certified
EZYV14170,Asia,Master's,N,N,2205,1960,South,166568.57,Year,N,Denied
EZYV20783,Asia,Bachelor's,Y,N,2294,2002,Northeast,153891.3,Year,N,Certified
EZYV5369,Asia,Bachelor's,Y,N,3449,1989,South,90681.75,Year,Y,Denied
EZYV18232,Asia,Bachelor's,N,N,1151,2001,Northeast,141601.53,Year,Y,Denied
EZYV5056,Asia,High School,Y,N,3073,1866,South,112568.07,Year,Y,Denied
EZYV4283,Asia,Master's,Y,N,5863,2008,Northeast,95667.98,Year,Y,Certified
EZYV24573,Asia,Bachelor's,Y,N,3674,1968,South,33097.49,Year,Y,Certified
EZYV11674,North America,High School,Y,N,3299,2001,West,23827.69,Year,Y,Denied
EZYV17254,North America,Master's,Y,N,3022,2009,Northeast,72325.15,Year,Y,Certified
EZYV5412,North America,Doctorate,Y,N,129601,1960,Midwest,9350.23,Year,Y,Certified
EZYV1655,Asia,Master's,N,N,2757,1987,West,144472.03,Year,N,Denied
EZYV15050,Asia,Bachelor's,N,N,3439,2009,Northeast,100770.58,Year,Y,Certified
EZYV767,Asia,Doctorate,Y,N,1251,1999,Northeast,108235.72,Year,Y,Certified
EZYV11876,Asia,Bachelor's,N,N,1962,1981,West,94153.6,Year,Y,Denied
EZYV24351,Asia,Master's,Y,N,919,1998,Northeast,1923.79,Year,Y,Certified
EZYV19022,Europe,Master's,Y,N,3847,2003,South,85262.83,Year,N,Certified
EZYV3538,South America,Master's,Y,N,75361,1956,South,98073.86,Year,Y,Certified
EZYV8989,Asia,High School,N,N,1225,1994,South,23788.97,Year,Y,Denied
EZYV16150,Asia,Bachelor's,Y,N,3624,1908,South,84835.71,Year,Y,Denied
EZYV8617,Asia,Bachelor's,Y,N,2994,2000,Northeast,38093.43,Year,Y,Certified
EZYV5105,Asia,Bachelor's,Y,N,929,2005,South,53201.48,Year,Y,Denied
EZYV21203,Asia,Bachelor's,Y,N,1678,2007,South,240609.17,Year,Y,Denied
EZYV2457,Europe,Bachelor's,Y,N,1563,2007,Northeast,307.1653,Hour,Y,Denied
EZYV2994,Europe,High School,N,N,691,2011,Northeast,17538.62,Year,Y,Denied
EZYV8867,Asia,Bachelor's,Y,N,2711,2004,South,33989.59,Year,Y,Certified
EZYV16960,Asia,Master's,N,N,251,1998,Midwest,101212.67,Year,Y,Certified
EZYV6535,Asia,Master's,N,N,1059,2011,Midwest,113851.32,Year,Y,Certified
EZYV10617,Asia,Master's,Y,N,707,1978,Midwest,141029.03,Year,Y,Certified
EZYV4339,Europe,Doctorate,N,Y,501,1986,Northeast,73749.93,Year,Y,Certified
EZYV22114,Asia,High School,Y,N,3210,2001,West,202641.96,Year,Y,Certified
EZYV22881,Europe,Master's,Y,N,112,2004,South,100177.39,Year,N,Denied
EZYV20790,Asia,Bachelor's,N,N,3435,1885,Midwest,97603.78,Year,Y,Certified
EZYV10220,Asia,High School,N,N,1321,1985,South,89510.17,Year,Y,Denied
EZYV21533,Asia,Bachelor's,N,N,55812,1971,South,659.7978,Hour,Y,Denied
EZYV18150,Europe,Master's,N,N,994,1975,Northeast,155.67,Hour,Y,Denied
EZYV12068,North America,Master's,N,N,1561,1975,Midwest,157462.42,Year,Y,Certified
EZYV51,Asia,Bachelor's,N,N,746,1991,Midwest,66191.41,Year,Y,Certified
EZYV20335,Asia,Bachelor's,N,N,1234,2002,West,44859.26,Year,Y,Certified
EZYV798,North America,Master's,Y,N,1957,2000,Northeast,30077.25,Year,Y,Certified
EZYV4052,Asia,Bachelor's,Y,N,3968,2003,South,30260.62,Year,Y,Denied
EZYV19644,Europe,Master's,N,Y,893,1996,Northeast,141964.49,Month,Y,Denied
EZYV6055,Asia,Bachelor's,Y,N,106940,2007,South,90143.39,Year,N,Certified
EZYV16517,Asia,Bachelor's,Y,N,1634,1966,Northeast,51386.36,Year,N,Denied
EZYV21851,Asia,Bachelor's,Y,N,6277,2005,South,70514.18,Year,Y,Certified
EZYV22623,Asia,Bachelor's,Y,N,2952,1993,Northeast,127887.26,Year,Y,Certified
EZYV9017,Asia,Doctorate,N,N,418,1875,West,112159.61,Year,Y,Certified
EZYV5541,North America,Master's,Y,N,3179,2012,Northeast,44453.44,Year,Y,Denied
EZYV23854,Asia,Bachelor's,Y,N,2246,1998,Midwest,89.7288,Hour,Y,Denied
EZYV16397,North America,Doctorate,N,N,1934,1956,West,114579.25,Year,N,Certified
EZYV9804,Europe,Bachelor's,Y,N,2802,2001,South,179740.31,Year,Y,Certified
EZYV16869,Europe,Doctorate,N,N,5563,1999,West,51459.85,Year,Y,Certified
EZYV9135,Asia,Master's,N,N,622,1954,Midwest,32705.07,Year,N,Certified
EZYV8521,North America,Bachelor's,N,N,799,1992,West,101721.37,Year,Y,Denied
EZYV14701,Asia,High School,Y,N,466,1998,Northeast,91464.52,Year,Y,Denied
EZYV1973,Asia,Master's,Y,Y,3381,1992,Northeast,102883.24,Year,Y,Certified
EZYV6876,Asia,High School,Y,Y,1447,1967,West,88558.53,Year,Y,Denied
EZYV9605,Asia,Master's,N,N,1218,1999,West,40336.08,Year,Y,Certified
EZYV11018,Europe,Master's,Y,N,3544,1914,Northeast,108105.56,Year,Y,Certified
EZYV3264,Asia,Bachelor's,Y,N,4649,1968,Northeast,34490.17,Year,Y,Certified
EZYV7208,Asia,Bachelor's,Y,N,3104,2004,Midwest,106409.82,Year,Y,Certified
EZYV13907,North America,Master's,Y,N,35861,2009,Northeast,116782.48,Year,Y,Certified
EZYV10503,Asia,Bachelor's,N,N,3016,2001,West,89012.35,Year,Y,Denied
EZYV6627,Asia,Master's,Y,N,1340,1997,South,90391.64,Year,Y,Certified
EZYV12984,Asia,Master's,Y,N,17521,2001,West,126724.78,Year,N,Denied
EZYV3278,Asia,Master's,N,N,116,1956,West,131.0796,Hour,Y,Denied
EZYV3700,Asia,Master's,Y,N,2906,1916,West,103966.44,Year,N,Certified
EZYV8887,Asia,Master's,Y,N,680,2000,Midwest,74921.83,Year,Y,Certified
EZYV16163,Asia,Bachelor's,N,N,539,1993,Midwest,92663.34,Year,Y,Certified
EZYV5977,Asia,Bachelor's,Y,N,5426,1954,Northeast,72149.04,Year,Y,Denied
EZYV4046,Asia,Master's,Y,N,1192,2010,South,75267.4,Year,Y,Certified
EZYV23081,Asia,High School,Y,N,2361,2009,West,61032.39,Year,Y,Certified
EZYV20242,Asia,Bachelor's,N,N,1528,1998,Midwest,119876.47,Year,Y,Certified
EZYV84,Asia,Bachelor's,Y,N,2359,2007,Northeast,84125.48,Year,Y,Certified
EZYV23846,North America,Bachelor's,Y,N,1104,1984,Northeast,30564.9,Year,N,Certified
EZYV6026,Asia,High School,N,Y,61,1949,South,798.4925,Hour,Y,Denied
EZYV25474,Asia,Bachelor's,Y,N,2421,2007,Northeast,22845.56,Year,Y,Certified
EZYV13893,Asia,Bachelor's,N,Y,1474,2000,South,106968.77,Year,Y,Denied
EZYV16670,Asia,Master's,N,N,3675,2008,Northeast,53517.96,Year,N,Certified
EZYV21052,Asia,Master's,N,N,1341,1996,South,76571.34,Year,Y,Certified
EZYV4964,Oceania,Master's,Y,N,42733,1964,Northeast,60979.69,Year,Y,Certified
EZYV24376,Asia,Master's,N,N,676,1847,Midwest,105.63,Hour,Y,Certified
EZYV6401,Europe,Doctorate,Y,N,133,1809,Island,61132.37,Year,Y,Certified
EZYV9741,Africa,Master's,Y,N,3103,1998,Northeast,64336.97,Year,Y,Certified
EZYV12717,Asia,Master's,N,N,3159,1968,Northeast,289.1,Year,Y,Certified
EZYV14435,Asia,Doctorate,Y,N,2375,2003,West,68838.39,Year,Y,Certified
EZYV22410,Asia,Master's,N,N,1718,1992,West,339.5964,Hour,Y,Denied
EZYV7659,Asia,High School,Y,N,2430,2007,South,254858.86,Year,Y,Denied
EZYV7012,North America,Master's,N,N,3884,2007,Northeast,75313.77,Year,N,Denied
EZYV7403,Asia,Master's,Y,N,1732,1999,Northeast,157430.61,Year,Y,Certified
EZYV12107,Asia,Bachelor's,N,N,10641,1993,Midwest,29022.63,Year,Y,Certified
EZYV15520,Asia,Master's,N,N,2686,1969,West,71849.58,Year,Y,Denied
EZYV1526,North America,High School,N,N,996,1995,Northeast,34713.91,Year,Y,Denied
EZYV14889,Asia,Master's,Y,N,7775,1843,Northeast,136913.82,Year,Y,Certified
EZYV20218,Asia,High School,Y,N,1888,1986,Midwest,52253.22,Year,Y,Certified
EZYV1454,Asia,High School,Y,N,689,2003,Northeast,28063.3,Year,Y,Denied
EZYV16724,Asia,Bachelor's,N,N,4134,1997,South,59541.02,Year,N,Certified
EZYV4998,Asia,Bachelor's,N,Y,796,1999,Midwest,46567.68,Year,Y,Certified
EZYV16025,North America,Master's,Y,N,2551,1940,South,95811.27,Year,N,Certified
EZYV14216,Asia,Master's,Y,N,2587,1994,South,81211.76,Year,Y,Certified
EZYV22903,Europe,Doctorate,Y,N,4562,1997,West,33551.46,Year,Y,Certified
EZYV12301,North America,Master's,N,N,2983,2006,Island,99948.16,Year,Y,Denied
EZYV1510,Asia,Master's,N,N,119,2002,Northeast,103.93,Hour,Y,Denied
EZYV226,Asia,Bachelor's,Y,N,717,1998,Northeast,100379.63,Year,Y,Certified
EZYV2075,Asia,Master's,N,N,718,1971,Midwest,527.2303,Hour,Y,Certified
EZYV19606,Asia,High School,Y,N,425,1841,West,555.3039,Hour,Y,Certified
EZYV23954,North America,Bachelor's,N,N,3271,2009,Midwest,51616.49,Year,Y,Certified
EZYV2406,North America,Master's,Y,N,2052,2001,South,127279.96,Year,N,Certified
EZYV1597,North America,Bachelor's,Y,N,1132,1975,Northeast,135479.99,Year,Y,Certified
EZYV25281,North America,Bachelor's,N,N,3932,1995,South,118862.75,Year,Y,Certified
EZYV18790,Asia,Bachelor's,Y,N,2687,1999,Midwest,117638.81,Year,Y,Certified
EZYV17238,Europe,Bachelor's,N,N,795,1994,Midwest,8429.99,Year,Y,Certified
EZYV3164,Europe,Doctorate,N,N,4704,2012,Northeast,19351.87,Year,Y,Certified
EZYV14715,Europe,Master's,N,N,3302,1893,Island,21802.99,Year,Y,Certified
EZYV12810,Europe,Bachelor's,Y,Y,2209,1965,South,73006.58,Year,Y,Denied
EZYV16548,Asia,Bachelor's,Y,N,1723,2010,South,106666.33,Year,Y,Certified
EZYV9775,Asia,Bachelor's,Y,N,2789,1997,Midwest,99351.18,Year,Y,Certified
EZYV15458,North America,Bachelor's,N,N,2153,1980,South,73.582,Hour,Y,Denied
EZYV8307,Asia,Bachelor's,N,N,634,2010,South,583.7382,Hour,Y,Denied
EZYV19291,Asia,Bachelor's,N,N,619,2002,Northeast,63710.65,Year,Y,Denied
EZYV2069,North America,Master's,Y,N,4504,1952,West,30641.37,Year,Y,Certified
EZYV5020,Europe,Master's,Y,N,2852,2004,South,101373.29,Year,Y,Certified
EZYV10950,Europe,Bachelor's,N,Y,5789,1962,West,25551.75,Year,Y,Certified
EZYV21443,Asia,Master's,N,N,541,1997,Midwest,108809.64,Year,Y,Certified
EZYV1693,North America,Bachelor's,Y,N,2553,1890,South,244457.48,Year,Y,Certified
EZYV12747,Asia,Bachelor's,Y,Y,1366,2005,South,18559.07,Year,Y,Denied
EZYV2219,Europe,High School,N,N,791,1978,Northeast,130.69,Hour,Y,Denied
EZYV17759,Asia,Master's,N,N,1222,1994,Northeast,80774.15,Year,Y,Certified
EZYV13291,Asia,Doctorate,Y,N,1299,2007,South,73560.47,Year,Y,Certified
EZYV13939,Europe,Bachelor's,N,Y,441,2013,South,110311.85,Year,Y,Certified
EZYV18007,Asia,High School,Y,N,2598,2006,Midwest,80671.62,Year,Y,Certified
EZYV14684,North America,Master's,N,Y,734,2006,West,53377.14,Year,Y,Certified
EZYV14698,Asia,Master's,N,N,1284,1991,Midwest,97892.78,Year,Y,Denied
EZYV18029,Asia,High School,N,N,76,1989,Midwest,99352.19,Year,Y,Denied
EZYV22493,North America,Bachelor's,N,N,2193,2008,Midwest,35695.29,Year,Y,Certified
EZYV5086,Europe,Bachelor's,N,N,5202,2009,South,30537.84,Year,Y,Certified
EZYV14803,Asia,Bachelor's,N,N,2047,1999,West,69560.91,Year,Y,Denied
EZYV22919,Asia,Master's,N,N,1814,2007,Northeast,58782.43,Year,Y,Certified
EZYV21797,Europe,Doctorate,N,N,1347,2001,Northeast,38601.12,Year,Y,Certified
EZYV938,Asia,Bachelor's,N,N,1869,1978,West,56474.08,Year,Y,Denied
EZYV8693,Asia,High School,Y,N,78,2010,Northeast,91489.96,Year,Y,Denied
EZYV24232,North America,Bachelor's,Y,N,3473,1965,Midwest,62879.08,Year,Y,Certified
EZYV2660,Europe,Master's,Y,N,310,2009,Midwest,99635.29,Year,Y,Certified
EZYV20812,Europe,Master's,Y,N,4998,1973,Northeast,68952.45,Year,Y,Certified
EZYV11932,Asia,Bachelor's,Y,N,2533,2006,Northeast,69059.01,Year,Y,Certified
EZYV6584,Asia,Master's,Y,N,4081,2009,Northeast,3805.16,Year,Y,Certified
EZYV6783,Asia,Bachelor's,Y,N,3087,2000,South,101799.39,Year,Y,Certified
EZYV23690,Asia,Master's,Y,N,2490,1997,South,97330.56,Year,Y,Certified
EZYV21157,Asia,Bachelor's,N,Y,764,1981,Midwest,83055.54,Year,Y,Certified
EZYV11242,Africa,Master's,Y,N,118278,1975,West,82761.01,Year,Y,Certified
EZYV1981,South America,Master's,N,N,613,1952,Midwest,40006.47,Year,Y,Certified
EZYV17595,Asia,Master's,N,N,1115,1999,Midwest,281344.22,Year,Y,Certified
EZYV3516,Asia,Master's,Y,N,3021,1976,West,70404.29,Year,Y,Certified
EZYV24363,North America,Bachelor's,Y,Y,85455,1912,Northeast,55784.31,Year,Y,Certified
EZYV4799,North America,Bachelor's,N,N,413,1900,Northeast,692.9511,Hour,Y,Denied
EZYV13493,North America,Bachelor's,Y,N,2268,2014,Northeast,89037.45,Year,Y,Certified
EZYV6297,Asia,Bachelor's,Y,N,4970,2006,West,49416.71,Year,Y,Certified
EZYV7491,Asia,Bachelor's,N,N,2493,2013,Midwest,118009.25,Year,N,Certified
EZYV8578,Asia,Master's,Y,N,3811,2007,Northeast,166173.82,Year,Y,Certified
EZYV18696,Europe,Doctorate,Y,N,2133,1998,West,880.78,Year,Y,Certified
EZYV18378,Asia,Master's,Y,N,1085,1907,West,712.0145,Hour,Y,Denied
EZYV6285,North America,Doctorate,Y,N,3863,1997,South,154549.47,Year,Y,Certified
EZYV11914,North America,Master's,Y,N,2086,2009,South,22169.82,Month,Y,Certified
EZYV4534,Europe,Master's,N,N,1162,2012,West,48669.94,Year,Y,Certified
EZYV17560,North America,Master's,N,N,587,2007,South,177119.9,Year,Y,Denied
EZYV10498,Asia,Bachelor's,N,N,15097,1997,West,38600.3,Year,Y,Denied
EZYV6328,Asia,Bachelor's,N,Y,88,1983,South,80315.91,Year,Y,Certified
EZYV8256,Asia,Master's,Y,N,3372,2004,Midwest,278629.2,Year,N,Certified
EZYV14288,Asia,Bachelor's,Y,N,3968,1998,West,39265.45,Year,Y,Denied
EZYV8637,Asia,Master's,N,Y,15982,2009,South,142403.86,Year,Y,Certified
EZYV20988,North America,High School,Y,N,3379,1809,Midwest,144686.78,Year,Y,Certified
EZYV11277,North America,Bachelor's,N,N,2979,1998,Northeast,86665.46,Year,N,Denied
EZYV19718,Asia,Master's,Y,N,990,1996,South,118648.9,Year,Y,Certified
EZYV3265,Oceania,Master's,Y,N,264,1983,South,203769.29,Year,Y,Certified
EZYV13554,Europe,Doctorate,Y,N,3421,1984,Northeast,87403.77,Year,Y,Certified
EZYV14570,Europe,Bachelor's,N,Y,2177,1955,Northeast,114910.73,Year,Y,Denied
EZYV19911,Asia,Master's,N,N,1777,1891,West,62051.71,Year,Y,Denied
EZYV2384,Asia,High School,Y,N,1647,2010,Northeast,40925.15,Year,Y,Denied
EZYV1584,Asia,Bachelor's,N,N,714,2000,Midwest,63970.96,Year,N,Certified
EZYV14133,North America,Master's,Y,N,4548,1896,Midwest,88678.14,Year,Y,Certified
EZYV8024,Asia,Bachelor's,N,N,1784,1997,South,117706.38,Year,Y,Denied
EZYV25460,Asia,High School,Y,N,4727,1990,Midwest,53952.84,Year,Y,Denied
EZYV4845,Asia,High School,Y,N,1612,1999,Midwest,89004.98,Year,Y,Denied
EZYV24879,Asia,Master's,N,N,1733,1831,South,951.7682,Hour,Y,Certified
EZYV24875,Asia,Master's,N,N,1129,1999,South,4804.16,Year,Y,Denied
EZYV12446,Asia,Bachelor's,Y,N,1295,2014,Northeast,11391.6,Year,Y,Denied
EZYV24843,Asia,Master's,N,N,822,2004,West,36323.32,Year,Y,Certified
EZYV5171,Asia,Master's,N,N,4538,2008,Midwest,225681.78,Year,Y,Certified
EZYV20194,Asia,Bachelor's,N,Y,1374,1995,South,35214.53,Year,Y,Certified
EZYV2355,Asia,Bachelor's,Y,N,4379,2004,West,18008.84,Year,Y,Certified
EZYV10281,Europe,Bachelor's,N,N,2961,1912,Northeast,9767.97,Year,Y,Certified
EZYV5051,North America,Bachelor's,Y,N,3512,1941,Northeast,63098.43,Year,Y,Certified
EZYV7363,Europe,Bachelor's,N,Y,3992,2003,Midwest,85850.98,Year,Y,Certified
EZYV7553,Asia,High School,N,N,217,1994,West,89982.23,Year,Y,Denied
EZYV12901,North America,Master's,Y,N,4436,2015,West,55022.2,Year,Y,Certified
EZYV2430,Asia,Bachelor's,Y,N,80778,1998,Northeast,22476.18,Year,Y,Certified
EZYV15699,South America,Master's,N,N,2325,1997,West,135745.74,Year,N,Certified
EZYV10532,Asia,Master's,N,N,3466,1998,Midwest,159783.24,Year,Y,Certified
EZYV5542,Asia,Bachelor's,N,N,2162,2007,West,106537.76,Year,Y,Certified
EZYV21270,Asia,High School,Y,N,373,1985,West,35733.49,Year,Y,Denied
EZYV10023,Asia,Master's,Y,Y,27,2005,West,96587.9,Year,Y,Certified
EZYV3289,North America,Master's,N,N,84,1962,Midwest,57467.1,Year,Y,Denied
EZYV12745,North America,Master's,N,N,1489,2003,South,23885.28,Year,Y,Certified
EZYV3159,Asia,Master's,Y,N,175,1911,Northeast,95244.98,Year,Y,Certified
EZYV4696,Asia,Master's,Y,N,3518,2001,Northeast,47172.31,Year,Y,Certified
EZYV21493,Asia,Master's,Y,N,4150,1980,Northeast,13298.79,Year,Y,Certified
EZYV16642,North America,Master's,Y,N,884,2008,Northeast,173530.37,Year,Y,Certified
EZYV11832,Asia,Master's,N,N,3000,1996,Midwest,133618.25,Year,Y,Certified
EZYV5120,Asia,Bachelor's,N,N,546,1994,South,122591.85,Year,Y,Certified
EZYV23446,South America,Master's,N,Y,496,2003,West,64810.68,Year,Y,Certified
EZYV21929,Asia,High School,Y,N,2132,1962,South,93347.7,Year,Y,Certified
EZYV18454,North America,High School,Y,N,1727,2004,Northeast,963.3547,Hour,Y,Denied
EZYV10464,Asia,Master's,N,N,3086,1995,Northeast,64182.92,Year,Y,Certified
EZYV11089,Asia,Master's,Y,N,763,1998,South,37938.34,Year,Y,Certified
EZYV22166,Asia,Bachelor's,N,N,100,2005,South,150.3805,Hour,Y,Certified
EZYV2389,Asia,Master's,Y,N,2899,1968,Northeast,24836.58,Year,Y,Certified
EZYV25144,Asia,Bachelor's,N,N,33210,1927,West,37444.81,Year,Y,Certified
EZYV18087,North America,Bachelor's,Y,N,1022,1962,Northeast,107762.7,Year,Y,Denied
EZYV5743,Asia,High School,N,N,3771,1920,Midwest,109251.92,Year,Y,Denied
EZYV9265,Asia,Master's,N,Y,979,2000,Northeast,133514.38,Year,Y,Certified
EZYV4675,Asia,Master's,N,Y,231,1947,Midwest,431.6055,Hour,Y,Denied
EZYV21388,Asia,Master's,Y,N,1008,2004,Midwest,70030.81,Year,Y,Certified
EZYV5382,Europe,Master's,N,N,1752,1920,Northeast,920.8805,Hour,Y,Denied
EZYV20052,North America,Master's,N,N,758,2003,Midwest,78900.51,Year,N,Certified
EZYV23579,Asia,Master's,Y,N,3677,1985,South,137367.95,Year,Y,Certified
EZYV2321,Asia,Master's,Y,N,3334,1987,South,108104.55,Year,N,Certified
EZYV18912,Asia,Master's,Y,N,2384,2001,West,14517.69,Year,Y,Certified
EZYV10795,Europe,Doctorate,N,Y,1166,1996,Midwest,54170.04,Year,Y,Certified
EZYV367,Asia,Master's,Y,N,5483,2003,West,48943.43,Year,Y,Certified
EZYV12256,Europe,Doctorate,Y,N,2625,2005,Northeast,87661.44,Year,Y,Certified
EZYV6580,Asia,Master's,Y,Y,43,1997,West,108092.95,Year,Y,Certified
EZYV9651,Asia,Master's,Y,N,4481,2005,West,29360.93,Year,Y,Certified
EZYV12220,North America,High School,Y,N,1341,2006,Northeast,767.9829,Hour,Y,Denied
EZYV13707,Asia,Master's,Y,N,2654,2005,South,109318.99,Year,N,Certified
EZYV9134,Asia,Doctorate,Y,N,1183,1916,West,43277.0,Year,Y,Certified
EZYV484,North America,Doctorate,Y,N,2691,2014,Northeast,27471.41,Year,Y,Certified
EZYV14555,Asia,Bachelor's,Y,N,3230,1845,Midwest,137798.77,Year,Y,Denied
EZYV9501,South America,Bachelor's,Y,N,110,2010,West,110308.6,Year,Y,Denied
EZYV4510,South America,Bachelor's,N,N,3442,1976,South,117113.41,Year,Y,Denied
EZYV3775,Asia,Bachelor's,Y,N,1479,1884,South,91075.89,Year,Y,Certified
EZYV12596,Asia,High School,Y,N,2597,2001,Midwest,69771.69,Year,Y,Denied
EZYV8592,Asia,Master's,N,N,2400,2008,Island,111523.06,Year,Y,Certified
EZYV18558,Asia,High School,Y,N,1870,2004,West,85979.34,Year,Y,Certified
EZYV21878,Europe,Master's,N,N,2576,1887,Northeast,50177.02,Week,Y,Certified
EZYV23657,Europe,Bachelor's,N,N,289,1969,West,16782.98,Year,Y,Certified
EZYV4077,Asia,Bachelor's,N,N,1174,2002,Northeast,95819.25,Year,Y,Denied
EZYV3717,Asia,Master's,N,N,6633,1973,South,448.9782,Hour,Y,Denied
EZYV13127,Asia,Master's,N,N,2125,2004,West,115782.91,Year,Y,Certified
EZYV21771,Asia,High School,Y,N,58630,1804,West,10581.31,Year,Y,Denied
EZYV21893,Asia,Bachelor's,Y,N,3328,1998,West,92609.22,Year,Y,Denied
EZYV8393,Asia,Bachelor's,Y,N,335,1892,South,136736.98,Year,Y,Certified
EZYV4873,North America,Master's,N,N,2604,1989,South,64965.61,Year,Y,Certified
EZYV5310,North America,Bachelor's,N,N,2794,1975,Northeast,33050.65,Year,Y,Certified
EZYV16162,North America,Master's,Y,N,4369,2012,West,61103.17,Year,Y,Certified
EZYV20192,Asia,Master's,N,N,4261,1984,West,144718.76,Year,Y,Denied
EZYV5658,Asia,Bachelor's,N,Y,992,2000,West,106119.51,Year,Y,Certified
EZYV1589,Asia,Master's,Y,N,479,2002,Northeast,106437.4,Year,Y,Certified
EZYV8640,Europe,Master's,N,N,2089,2016,West,399.6297,Hour,Y,Denied
EZYV21619,Asia,Bachelor's,N,N,1730,1855,Midwest,285256.54,Year,N,Certified
EZYV3933,North America,Master's,Y,N,1305,2005,West,148651.02,Year,N,Certified
EZYV19464,Asia,Bachelor's,Y,N,1335,2001,Northeast,33790.11,Year,Y,Denied
EZYV2637,Asia,Master's,Y,N,2688,1976,Northeast,15389.43,Year,Y,Certified
EZYV8183,Asia,Master's,Y,N,30172,2000,West,142272.08,Year,Y,Certified
EZYV8537,Asia,Bachelor's,N,N,2941,2007,West,81572.76,Year,Y,Denied
EZYV1853,Europe,Doctorate,N,N,1906,1999,West,60137.61,Year,Y,Certified
EZYV6892,Asia,Master's,Y,N,578,2003,South,66386.78,Year,Y,Certified
EZYV15898,Asia,Doctorate,Y,N,267,1984,Northeast,94803.17,Year,Y,Certified
EZYV10114,Asia,High School,Y,N,2929,1933,South,645.2913,Hour,Y,Denied
EZYV22164,Asia,High School,N,N,3264,1960,Northeast,27965.93,Year,Y,Denied
EZYV450,North America,Master's,N,N,781,1983,Midwest,78096.9,Year,N,Certified
EZYV18543,North America,Bachelor's,N,N,1399,1838,Northeast,89379.99,Year,Y,Certified
EZYV8341,Asia,Bachelor's,Y,N,946,2001,South,34213.79,Year,Y,Denied
EZYV4648,Africa,Bachelor's,N,N,2836,1971,Northeast,29943.98,Year,Y,Denied
EZYV24305,Asia,Bachelor's,Y,N,5427,1849,West,223673.34,Year,Y,Certified
EZYV765,Asia,Bachelor's,Y,N,1393,1991,South,135441.47,Year,Y,Certified
EZYV15728,Asia,Master's,N,N,1661,2011,South,39911.16,Year,Y,Certified
EZYV20949,Asia,Master's,Y,N,3826,2003,Midwest,44680.62,Year,Y,Certified
EZYV19362,Asia,Master's,N,Y,2923,1983,Northeast,89410.52,Year,Y,Certified
EZYV7318,North America,High School,Y,N,877,2015,Island,140961.13,Year,Y,Certified
EZYV17364,Asia,Bachelor's,N,N,2622,2005,Midwest,94791.93,Year,Y,Certified
EZYV2363,North America,Master's,Y,N,1503,2001,Island,116345.97,Year,N,Certified
EZYV18573,Asia,Master's,Y,N,4047,2001,Midwest,118256.41,Year,Y,Certified
EZYV14869,Asia,Bachelor's,N,N,2591,1986,Midwest,100761.17,Year,Y,Certified
EZYV19243,Asia,Master's,Y,Y,17641,1963,West,87457.99,Year,Y,Denied
EZYV17425,Asia,Master's,Y,N,3652,1998,South,552.6891,Hour,Y,Certified
EZYV6023,Asia,Master's,N,N,5482,2002,Northeast,46228.4,Year,N,Certified
EZYV22270,Asia,Master's,N,N,1969,1995,Northeast,166818.97,Year,N,Certified
EZYV8987,Asia,Bachelor's,Y,N,1062,1993,Northeast,66366.1,Year,Y,Denied
EZYV8682,Asia,Master's,Y,N,42,1986,South,66054.08,Year,N,Certified
EZYV22924,Asia,Bachelor's,Y,N,183,1989,Midwest,42657.46,Year,Y,Certified
EZYV679,Asia,Bachelor's,Y,N,413,2013,West,140154.91,Year,Y,Certified
EZYV11161,Asia,Master's,Y,N,11859,1979,Island,106146.33,Year,Y,Certified
EZYV14593,Asia,Master's,Y,N,2333,1984,South,130.63,Hour,Y,Certified
EZYV1779,Asia,Master's,Y,N,450,1974,Northeast,139860.51,Year,N,Certified
EZYV7954,Asia,Bachelor's,N,N,5959,1988,West,109430.43,Year,Y,Certified
EZYV16278,Asia,Bachelor's,N,N,1375,2002,Midwest,127110.13,Year,Y,Denied
EZYV24125,North America,Bachelor's,N,Y,3060,2007,West,65467.38,Year,Y,Certified
EZYV21595,Asia,Bachelor's,Y,N,2332,1997,South,51843.51,Year,Y,Certified
EZYV15816,Europe,Master's,N,N,3025,1979,Midwest,90563.82,Year,Y,Certified
EZYV276,Asia,Bachelor's,Y,N,1764,1961,South,65108.59,Year,Y,Certified
EZYV1025,Asia,Master's,N,N,1470,2007,Midwest,122257.16,Year,Y,Certified
EZYV25326,Asia,Master's,N,N,2899,1975,Northeast,348.9715,Hour,Y,Denied
EZYV14144,South America,Bachelor's,Y,N,1387,1969,Midwest,75410.57,Year,Y,Certified
EZYV1811,Europe,Doctorate,Y,Y,5815,1847,West,47486.45,Year,Y,Certified
EZYV16575,South America,Bachelor's,Y,N,578,1997,South,99072.22,Year,Y,Denied
EZYV19134,Asia,Master's,Y,N,1441,2003,West,102129.46,Year,Y,Certified
EZYV5575,Asia,Master's,Y,N,3766,1968,South,74335.9,Year,N,Certified
EZYV2283,Asia,Bachelor's,Y,N,2545,1999,South,112556.79,Year,Y,Certified
EZYV20505,Asia,Master's,Y,N,1539,2010,West,97621.2,Year,Y,Certified
EZYV6213,Asia,Bachelor's,Y,N,1596,2005,South,48569.51,Year,Y,Certified
EZYV1550,Asia,Bachelor's,Y,N,3702,1952,South,107686.68,Week,Y,Certified
EZYV1652,North America,Bachelor's,Y,N,514,2008,Midwest,44342.02,Year,Y,Certified
EZYV15994,Asia,Master's,N,N,2395,1983,Island,201367.99,Year,Y,Denied
EZYV23709,Asia,High School,Y,N,2872,1977,Northeast,264303.76,Year,Y,Denied
EZYV988,Asia,Master's,Y,N,3329,1983,Northeast,144548.82,Year,Y,Certified
EZYV214,North America,Master's,N,N,5396,1963,South,101399.51,Year,N,Certified
EZYV10631,Europe,Bachelor's,Y,N,566,1946,South,76488.99,Year,N,Certified
EZYV5394,Europe,Bachelor's,N,N,4044,2005,Northeast,59344.38,Year,Y,Denied
EZYV14687,North America,Bachelor's,N,N,1056,1897,West,48.1309,Hour,Y,Denied
EZYV996,Asia,Master's,N,N,302,2000,South,47.4872,Hour,Y,Certified
EZYV16127,Europe,High School,N,N,1875,2012,Island,23961.61,Year,Y,Denied
EZYV6700,Asia,Bachelor's,Y,Y,1548,1948,South,26489.1,Year,Y,Certified
EZYV19842,North America,Doctorate,N,Y,1096,1855,South,50316.73,Year,Y,Certified
EZYV2108,Asia,Bachelor's,N,Y,3037,2009,West,56741.44,Year,Y,Denied
EZYV14030,North America,Master's,Y,N,4157,1853,Northeast,6851.38,Year,Y,Certified
EZYV23721,Asia,High School,N,N,2225,1998,South,135188.33,Year,N,Denied
EZYV22616,Asia,Master's,Y,Y,268,1989,Northeast,908.937,Hour,Y,Denied
EZYV2086,Asia,Doctorate,Y,Y,3914,1995,South,75883.69,Year,Y,Certified
EZYV7141,Asia,Master's,Y,Y,1784,1995,Northeast,86942.67,Year,Y,Certified
EZYV24158,Europe,High School,N,N,489,2004,West,88072.61,Year,Y,Certified
EZYV7328,Europe,Bachelor's,N,N,1343,2000,West,28716.35,Year,Y,Certified
EZYV2447,Asia,Master's,N,Y,2187,2008,West,54175.98,Year,Y,Denied
EZYV442,Asia,Bachelor's,Y,N,137,1993,South,23649.64,Year,Y,Certified
EZYV6525,Asia,Bachelor's,Y,N,1074,1997,Northeast,164042.19,Year,Y,Denied
EZYV17659,Asia,Master's,N,N,1564,1963,Midwest,174246.98,Year,Y,Denied
EZYV21803,Oceania,Bachelor's,Y,N,4624,2012,South,86081.68,Year,Y,Denied
EZYV11314,Asia,Master's,Y,N,1605,2012,Northeast,38500.66,Year,Y,Certified
EZYV745,North America,High School,Y,N,4181,2002,West,724.0276,Hour,Y,Certified
EZYV21931,Asia,Bachelor's,N,N,2823,2004,West,109432.61,Year,Y,Certified
EZYV23324,North America,Bachelor's,N,N,2413,1968,Island,64402.71,Year,Y,Certified
EZYV8685,Asia,Master's,Y,N,1568,2007,South,13268.93,Year,Y,Certified
EZYV17758,Asia,Bachelor's,N,Y,2601,1999,South,117828.92,Year,Y,Certified
EZYV17056,Asia,Bachelor's,Y,N,956,1999,Midwest,122855.65,Year,Y,Certified
EZYV17314,Asia,Master's,Y,N,1765,1985,West,22470.2,Year,Y,Certified
EZYV10840,Asia,Bachelor's,Y,N,3512,1965,Midwest,94322.48,Year,Y,Denied
EZYV12699,Europe,Master's,Y,N,4076,1919,South,243111.61,Year,N,Certified
EZYV24787,Asia,Bachelor's,Y,N,2295,2004,South,68747.99,Year,Y,Denied
EZYV24766,North America,Bachelor's,Y,N,2794,2001,South,107104.72,Year,Y,Certified
EZYV18079,Asia,Master's,Y,N,4011,2000,Northeast,165398.74,Year,N,Denied
EZYV18555,South America,Doctorate,Y,N,1292,1981,West,37356.97,Year,Y,Denied
EZYV12514,Asia,Bachelor's,Y,N,164,2003,West,40461.49,Year,Y,Certified
EZYV18026,Asia,Master's,N,N,291,1977,South,56585.82,Year,Y,Denied
EZYV19553,Asia,Master's,N,N,459,1985,Northeast,124893.09,Week,Y,Certified
EZYV9826,Europe,High School,N,N,1752,1989,West,7867.1,Year,Y,Denied
EZYV5986,Asia,Bachelor's,Y,N,1110,1986,West,191522.3,Week,Y,Certified
EZYV12508,North America,Master's,N,N,69615,2011,Northeast,48743.46,Year,Y,Certified
EZYV9789,Asia,Bachelor's,N,N,70,1915,Midwest,78433.62,Year,Y,Certified
EZYV10363,North America,Master's,N,N,980,1916,Northeast,502.7575,Hour,Y,Certified
EZYV17942,Asia,Master's,N,N,1724,1962,West,118822.94,Year,Y,Certified
EZYV21728,Asia,Master's,Y,N,4553,2008,Midwest,60759.25,Year,N,Certified
EZYV20365,Asia,Bachelor's,Y,N,2561,1997,West,72226.36,Year,Y,Denied
EZYV18537,Asia,Master's,Y,N,3560,2007,Northeast,56163.5,Year,Y,Certified
EZYV20675,Asia,High School,N,N,2678,1997,South,94543.97,Year,Y,Certified
EZYV23430,Asia,Master's,N,N,4203,2005,South,104496.17,Year,N,Certified
EZYV19442,South America,Bachelor's,N,N,2534,1986,Northeast,57984.03,Year,Y,Denied
EZYV15773,Asia,High School,Y,N,3372,1953,West,46685.55,Year,Y,Denied
EZYV4842,Asia,Master's,N,Y,1937,2000,Midwest,36703.75,Year,Y,Certified
EZYV12783,Asia,Master's,Y,N,2739,2000,Midwest,70652.83,Year,Y,Certified
EZYV19121,Asia,Bachelor's,N,N,3048,1864,West,146359.52,Year,N,Denied
EZYV1895,Asia,Bachelor's,Y,N,2163,1962,Midwest,112188.0,Year,Y,Certified
EZYV16873,Asia,Bachelor's,Y,N,2620,1985,South,33302.48,Year,Y,Certified
EZYV9516,Asia,Master's,Y,N,2022,1953,Northeast,93877.27,Year,Y,Certified
EZYV9965,Asia,Master's,Y,N,269,2009,South,37960.11,Year,Y,Certified
EZYV20532,South America,Bachelor's,Y,N,2335,1983,West,127352.29,Year,Y,Certified
EZYV10598,Asia,Bachelor's,N,N,430,1855,South,414.6499,Hour,Y,Denied
EZYV10514,Asia,Master's,N,N,1697,2005,Northeast,82094.8,Year,N,Certified
EZYV15867,Asia,Master's,N,N,845,2013,Midwest,56122.22,Year,Y,Denied
EZYV15438,Asia,Master's,N,N,2465,2002,South,147491.19,Year,N,Certified
EZYV23589,Asia,Bachelor's,Y,N,3941,2010,Northeast,107975.7,Year,Y,Denied
EZYV20942,Asia,Master's,Y,N,368,1968,Northeast,121400.82,Year,Y,Certified
EZYV9344,North America,Master's,N,N,196,1999,Northeast,78957.67,Year,Y,Denied
EZYV22357,Asia,Master's,N,N,5485,1985,Northeast,83264.09,Year,Y,Denied
EZYV6061,Europe,Doctorate,Y,N,4057,1996,South,36307.58,Year,Y,Certified
EZYV4808,Asia,Master's,N,Y,487,1982,Northeast,109.4171,Hour,Y,Certified
EZYV20104,Asia,Bachelor's,Y,N,22,2006,West,45588.24,Year,Y,Denied
EZYV15945,Asia,Bachelor's,N,N,136,1939,Northeast,4276.52,Year,Y,Denied
EZYV20732,Asia,Master's,Y,N,80,1973,West,131.88,Hour,Y,Denied
EZYV8408,Asia,High School,N,N,2038,1985,Midwest,294258.8,Year,Y,Denied
EZYV18037,Asia,Bachelor's,Y,N,1840,2010,South,173423.09,Year,Y,Certified
EZYV2192,Asia,Master's,Y,Y,128,1985,South,106743.6,Year,Y,Certified
EZYV22378,Asia,Bachelor's,N,N,3731,1818,Midwest,16111.61,Year,Y,Denied
EZYV13396,North America,Master's,Y,N,3573,1969,South,168.7141,Hour,Y,Denied
EZYV24176,Asia,Bachelor's,N,N,1283,1989,Midwest,116987.68,Year,Y,Certified
EZYV25088,North America,Master's,Y,N,208,1992,Midwest,9085.67,Year,Y,Certified
EZYV23863,Asia,Master's,N,N,1945,2013,Midwest,54587.29,Year,Y,Certified
EZYV14963,Asia,Bachelor's,N,N,29396,1928,South,64053.68,Year,N,Denied
EZYV17643,Asia,Master's,N,N,962,1996,Midwest,43222.66,Year,Y,Certified
EZYV1959,Asia,Bachelor's,Y,Y,3211,2013,Northeast,109385.39,Year,Y,Certified
EZYV14106,Asia,Bachelor's,Y,N,1684,1960,Northeast,46858.75,Year,Y,Denied
EZYV2235,North America,Bachelor's,N,N,600,1990,Northeast,35667.42,Year,Y,Denied
EZYV4992,Europe,Doctorate,Y,N,3680,1981,Midwest,10921.36,Year,Y,Certified
EZYV1324,Asia,Bachelor's,Y,N,2259,2004,South,64825.9,Year,Y,Certified
EZYV18728,Europe,Doctorate,Y,Y,1479,2006,South,65129.81,Year,Y,Certified
EZYV13248,Asia,Bachelor's,Y,N,971,1978,Northeast,43756.51,Year,Y,Certified
EZYV13230,Africa,High School,Y,N,856,1988,Midwest,114049.59,Year,Y,Denied
EZYV12736,Asia,Bachelor's,Y,N,1382,1981,Northeast,11631.1,Year,Y,Denied
EZYV16766,Asia,Bachelor's,Y,N,193,1949,Northeast,96594.62,Year,Y,Certified
EZYV15238,Asia,Bachelor's,N,Y,20536,2016,South,117973.61,Year,Y,Certified
EZYV10128,Asia,High School,N,N,3354,2001,West,105377.93,Year,Y,Denied
EZYV15732,Asia,Master's,Y,N,144576,1986,Northeast,55493.82,Year,Y,Certified
EZYV2522,Asia,Bachelor's,Y,N,2952,2007,West,59555.7,Year,Y,Certified
EZYV15674,North America,Bachelor's,N,N,1587,2013,Northeast,100.91,Hour,Y,Certified
EZYV1548,Asia,Master's,Y,N,3449,2012,Northeast,71700.43,Year,Y,Certified
EZYV1330,Asia,Bachelor's,N,N,67,1986,West,73508.06,Year,Y,Denied
EZYV22011,Asia,Master's,Y,N,511,2007,Northeast,10558.54,Year,Y,Certified
EZYV25350,Asia,High School,Y,N,89016,1965,South,223.0344,Hour,Y,Certified
EZYV5545,Asia,Bachelor's,Y,N,10413,2004,South,75998.86,Week,Y,Certified
EZYV6520,Asia,Bachelor's,Y,N,4314,2011,Northeast,134045.03,Year,N,Certified
EZYV24413,Africa,Master's,Y,N,2605,1909,Northeast,394.3561,Hour,Y,Denied
EZYV23662,Asia,Doctorate,N,N,474,1969,South,50222.15,Year,Y,Certified
EZYV12779,North America,Master's,N,N,2382,2000,South,498.1069,Hour,Y,Certified
EZYV22842,Asia,Bachelor's,Y,N,5070,2007,South,119053.22,Year,Y,Certified
EZYV12976,Europe,Doctorate,Y,N,1190,1972,West,82538.1,Year,Y,Certified
EZYV5025,Asia,Bachelor's,Y,N,1348,1971,West,47894.41,Year,Y,Denied
EZYV14553,Europe,High School,Y,N,912,2003,West,16497.13,Year,Y,Denied
EZYV22754,Europe,Bachelor's,Y,Y,2101,1985,South,49080.07,Year,Y,Certified
EZYV1300,North America,Master's,Y,N,262,1969,South,124525.38,Year,N,Certified
EZYV2126,North America,Master's,Y,N,1566,1948,West,77136.35,Year,Y,Certified
EZYV7504,North America,High School,N,N,465,1971,West,301.6979,Hour,Y,Certified
EZYV20450,Asia,Bachelor's,N,N,1176,2001,South,45747.08,Year,Y,Denied
EZYV23307,Asia,Master's,N,N,2315,2012,Northeast,221757.19,Year,N,Denied
EZYV10181,Asia,Doctorate,N,N,2705,1996,South,227441.23,Year,N,Certified
EZYV22874,Asia,Doctorate,Y,N,3071,2001,Northeast,80283.7,Year,N,Certified
EZYV3233,Asia,Bachelor's,Y,N,2626,2011,South,112825.91,Year,Y,Certified
EZYV17487,Europe,Doctorate,N,N,3175,1913,West,86969.68,Year,Y,Certified
EZYV9428,Europe,Bachelor's,Y,Y,141,1819,South,39444.5,Year,Y,Certified
EZYV11664,Asia,Master's,N,Y,1373,1919,South,37811.56,Year,Y,Certified
EZYV5640,Asia,Master's,N,N,2601,1933,West,85283.88,Year,Y,Certified
EZYV18442,Asia,Bachelor's,N,N,2785,1982,Midwest,20116.9,Year,Y,Denied
EZYV3929,Asia,Bachelor's,N,Y,1990,1884,West,52102.86,Year,Y,Denied
EZYV602,North America,Master's,Y,N,1469,1981,South,27978.08,Year,Y,Certified
EZYV6412,Asia,Doctorate,Y,N,4872,1989,West,121812.24,Year,N,Certified
EZYV1214,Asia,Master's,Y,N,1917,2014,South,57844.47,Year,N,Certified
EZYV3788,Europe,Bachelor's,Y,N,2117,1998,South,58670.99,Year,Y,Certified
EZYV15301,Asia,Bachelor's,N,N,2138,1980,West,171558.9,Year,Y,Denied
EZYV18550,Asia,Master's,Y,N,3209,2004,West,143203.11,Year,N,Certified
EZYV11139,Asia,High School,N,N,2141,2000,Island,115.91,Hour,Y,Denied
EZYV17922,Asia,Bachelor's,N,N,2838,2003,Northeast,88695.99,Year,Y,Certified
EZYV7082,Asia,Doctorate,N,N,1024,2007,West,104718.09,Year,Y,Certified
EZYV20703,Asia,Master's,N,N,1453,1989,South,75829.13,Year,Y,Certified
EZYV23714,Asia,Master's,N,Y,3213,1985,West,1234.57,Year,Y,Certified
EZYV2676,North America,Master's,Y,N,4581,1904,West,110655.39,Year,Y,Certified
EZYV21723,South America,Master's,N,N,1636,2003,South,205.2109,Hour,Y,Certified
EZYV11417,Asia,Master's,N,N,2754,1997,South,121213.05,Year,Y,Certified
EZYV4260,Asia,Master's,Y,N,2563,2001,South,15377.39,Year,Y,Certified
EZYV23322,Europe,Bachelor's,N,Y,627,1988,Midwest,117257.64,Year,Y,Denied
EZYV20098,Asia,Master's,Y,N,4474,1971,South,122511.0,Year,N,Certified
EZYV16654,Asia,Bachelor's,N,N,876,1981,South,34115.93,Year,Y,Denied
EZYV10174,Europe,Master's,Y,Y,4882,2004,South,22574.62,Year,Y,Certified
EZYV17581,Asia,Bachelor's,N,N,4498,1977,South,781.1354,Hour,Y,Denied
EZYV1410,Europe,Bachelor's,N,N,288512,2005,South,21.1327,Hour,Y,Certified
EZYV24148,Africa,Master's,Y,N,2561,1983,Northeast,158748.55,Year,Y,Certified
EZYV1632,Asia,Bachelor's,Y,N,204,1971,South,566.4743,Hour,Y,Certified
EZYV325,Europe,Bachelor's,Y,N,6188,1993,South,94830.46,Year,Y,Certified
EZYV3106,South America,High School,N,N,337,1889,South,145.1134,Hour,Y,Denied
EZYV5398,Asia,Master's,Y,N,3545,1861,South,106808.71,Year,Y,Certified
EZYV15881,Asia,Master's,N,N,1152,2004,Midwest,26656.89,Year,N,Certified
EZYV2376,Asia,Bachelor's,N,N,448,1836,South,104747.65,Year,N,Certified
EZYV25389,Asia,Bachelor's,Y,N,858,1995,West,57840.87,Year,Y,Certified
EZYV8463,South America,Master's,Y,N,1581,2006,Northeast,84672.11,Year,Y,Certified
EZYV23103,Asia,Bachelor's,Y,Y,562,1929,West,145611.11,Year,Y,Certified
EZYV19396,North America,High School,N,N,772,1993,South,80017.28,Year,Y,Certified
EZYV16299,Asia,Bachelor's,Y,N,1485,2000,South,104830.94,Year,Y,Denied
EZYV21915,North America,High School,Y,N,306,1958,Northeast,63655.32,Year,Y,Certified
EZYV13305,Asia,Master's,N,N,2162,1940,Midwest,47925.02,Year,N,Certified
EZYV11228,Asia,High School,N,N,1341,2009,West,458.5898,Hour,Y,Denied
EZYV6832,Asia,Master's,Y,N,2767,2008,South,73539.29,Year,Y,Certified
EZYV13839,Europe,Doctorate,Y,N,101293,1999,South,10705.54,Year,Y,Certified
EZYV15248,Asia,Master's,N,N,5422,1868,Midwest,88903.89,Year,Y,Certified
EZYV4925,Asia,High School,Y,N,2638,2010,Northeast,38266.53,Year,Y,Denied
EZYV5938,Asia,High School,Y,N,593,1916,West,144929.16,Year,Y,Denied
EZYV19722,Europe,Master's,Y,N,1608,1978,South,130610.73,Year,Y,Certified
EZYV11305,South America,Bachelor's,N,N,1756,1991,South,546.5987,Hour,Y,Certified
EZYV181,Europe,Bachelor's,Y,Y,44069,2006,West,134350.49,Year,Y,Certified
EZYV7456,Europe,Bachelor's,Y,N,4618,1991,West,54095.28,Year,Y,Certified
EZYV14999,Asia,Bachelor's,N,Y,2293,2007,Northeast,64686.95,Year,Y,Denied
EZYV21554,Asia,Bachelor's,Y,N,1429,2011,Midwest,99935.97,Year,Y,Certified
EZYV12402,Europe,Doctorate,N,N,4215,1928,West,173489.48,Year,Y,Certified
EZYV22302,Asia,Doctorate,Y,N,1635,1996,South,116722.19,Year,Y,Certified
EZYV11400,Asia,Bachelor's,Y,N,791,1838,West,60113.44,Year,Y,Denied
EZYV20580,North America,Bachelor's,N,N,1923,2005,Northeast,21688.56,Year,Y,Denied
EZYV24350,Oceania,High School,Y,N,2146,1953,Northeast,699.7387,Hour,Y,Denied
EZYV5847,Asia,Master's,Y,N,2108,2007,Northeast,95712.5,Year,N,Certified
EZYV12587,Asia,Master's,N,N,182,1947,Northeast,130093.45,Year,Y,Certified
EZYV21193,Asia,Bachelor's,N,Y,1232,2003,South,141438.55,Year,Y,Certified
EZYV16913,North America,Master's,Y,Y,31,1997,South,106.22,Hour,Y,Denied
EZYV419,Asia,Bachelor's,Y,N,1363,1982,South,56188.13,Year,Y,Certified
EZYV12113,Asia,Master's,N,N,2551,2000,South,11282.96,Year,N,Certified
EZYV23983,Europe,Master's,N,N,290,1998,South,76433.65,Year,Y,Certified
EZYV23122,Europe,Master's,N,Y,24902,1983,West,30496.74,Year,Y,Denied
EZYV3237,Asia,Bachelor's,N,Y,1572,1998,South,111413.21,Year,Y,Denied
EZYV24263,Europe,Master's,Y,Y,1210,1972,West,50516.32,Year,Y,Certified
EZYV22481,Asia,Master's,N,N,3450,1868,South,102.7,Hour,Y,Denied
EZYV2349,North America,Bachelor's,Y,N,555,1982,South,249291.12,Month,Y,Certified
EZYV19133,Asia,Bachelor's,N,N,516,1991,Northeast,65030.99,Year,Y,Denied
EZYV13450,Asia,Bachelor's,Y,N,5070,1997,Midwest,55475.32,Year,Y,Certified
EZYV15363,Europe,High School,N,N,251,2003,West,42831.18,Year,Y,Denied
EZYV18677,Asia,Master's,Y,N,4583,2002,South,57703.17,Year,Y,Certified
EZYV7995,North America,Master's,N,N,403,1974,Northeast,64693.73,Year,N,Certified
EZYV13251,Europe,Master's,Y,N,649,2010,West,32037.9,Year,Y,Certified
EZYV14022,Asia,Bachelor's,Y,Y,224,1987,West,106967.85,Year,Y,Certified
EZYV16331,Asia,High School,Y,N,2243,1998,Northeast,45474.58,Year,Y,Certified
EZYV4058,North America,Bachelor's,Y,N,3551,2012,Northeast,123480.64,Year,Y,Certified
EZYV1171,Europe,Doctorate,N,N,3958,1977,West,73402.28,Year,Y,Certified
EZYV3480,Asia,Master's,N,N,1663,2003,Midwest,359.9667,Hour,Y,Denied
EZYV15197,Asia,Master's,N,N,857,2005,Midwest,134699.98,Year,Y,Certified
EZYV10650,Asia,Master's,Y,N,1542,2006,Northeast,900.8428,Hour,Y,Certified
EZYV3881,Europe,Bachelor's,Y,N,1087,1984,South,350.9681,Hour,Y,Denied
EZYV3619,Asia,Master's,N,N,23123,1950,South,142537.38,Year,N,Denied
EZYV18116,Asia,Master's,N,N,2022,2001,Northeast,119087.02,Year,N,Certified
EZYV10113,North America,Doctorate,Y,N,776,1988,Northeast,126481.29,Year,Y,Certified
EZYV25357,Asia,Bachelor's,N,N,2181,2004,South,63406.78,Year,Y,Certified
EZYV14324,Asia,High School,Y,Y,4963,1998,West,103642.77,Year,Y,Denied
EZYV7233,Asia,Master's,Y,N,5015,2005,West,69739.07,Year,Y,Certified
EZYV5767,Asia,Bachelor's,N,Y,2202,2010,South,66036.99,Year,Y,Certified
EZYV20533,Asia,Bachelor's,N,N,2649,2006,South,106777.41,Year,Y,Certified
EZYV15865,Europe,Bachelor's,Y,Y,1714,1900,West,99876.54,Year,Y,Certified
EZYV14896,Europe,Doctorate,Y,Y,5827,1989,Northeast,63920.53,Year,Y,Certified
EZYV16739,Asia,Master's,Y,N,1253,1982,West,59244.17,Year,Y,Certified
EZYV8088,Europe,Master's,Y,Y,157,2012,South,129904.83,Year,Y,Denied
EZYV9297,Europe,Bachelor's,Y,N,3369,1971,South,386.2526,Hour,Y,Denied
EZYV22336,North America,High School,Y,N,2134,2011,South,18893.21,Year,Y,Certified
EZYV22463,Asia,Bachelor's,N,N,1676,2004,Northeast,101314.5,Year,Y,Certified
EZYV20796,Asia,Bachelor's,Y,N,967,2000,West,128531.63,Year,Y,Certified
EZYV24366,Asia,Master's,Y,N,1707,2005,Midwest,40478.13,Year,Y,Certified
EZYV132,Asia,Bachelor's,Y,N,1333,1969,Northeast,341.0229,Hour,Y,Certified
EZYV23817,Asia,Master's,Y,N,104895,2006,Northeast,11949.71,Year,Y,Certified
EZYV10923,Asia,Bachelor's,Y,N,896,1994,Northeast,66628.36,Year,Y,Certified
EZYV22985,Asia,Bachelor's,Y,N,345,1991,West,154662.97,Year,Y,Certified
EZYV7087,South America,Master's,N,N,4836,1841,South,147.22,Hour,Y,Denied
EZYV21810,North America,Master's,N,N,2938,1994,West,34056.85,Year,Y,Certified
EZYV22762,Africa,Master's,N,N,934,2014,West,150534.4,Year,Y,Certified
EZYV20453,Asia,High School,N,N,4219,2000,Midwest,124265.9,Year,Y,Certified
EZYV15602,Asia,Master's,N,N,244,1998,South,71518.97,Year,Y,Denied
EZYV8057,Asia,Master's,N,N,1117,2008,Midwest,67865.79,Year,Y,Certified
EZYV2077,Asia,High School,Y,Y,1256,1919,South,104509.0,Year,Y,Certified
EZYV19189,Asia,High School,N,N,516,1838,Midwest,21522.06,Year,Y,Certified
EZYV12249,Europe,Bachelor's,N,N,2945,2010,West,78579.46,Year,Y,Certified
EZYV22518,Asia,High School,N,N,1789,1997,Midwest,75130.94,Year,Y,Certified
EZYV10108,Asia,Bachelor's,N,N,91,1991,South,836.4666,Hour,Y,Certified
EZYV9550,Europe,Bachelor's,Y,N,2473,1972,West,2957.58,Year,Y,Denied
EZYV11284,Asia,Bachelor's,N,N,1596,2005,Midwest,119308.95,Year,Y,Certified
EZYV12916,Asia,Bachelor's,N,N,449,1960,West,133675.89,Year,Y,Denied
EZYV2274,Asia,Master's,Y,N,1976,1962,Midwest,275627.59,Year,Y,Certified
EZYV12412,Asia,Bachelor's,N,N,599,1906,West,80261.08,Week,Y,Denied
EZYV14165,Asia,Bachelor's,Y,N,2446,2010,Midwest,71806.33,Year,Y,Certified
EZYV12896,Asia,Bachelor's,Y,N,2585,1978,Northeast,97862.01,Week,Y,Denied
EZYV17739,Asia,Master's,Y,N,1569,2005,Midwest,72620.96,Year,Y,Certified
EZYV8800,Asia,Bachelor's,Y,N,1794,2003,South,148801.76,Year,Y,Certified
EZYV20352,Asia,High School,Y,N,116630,1946,South,27519.71,Year,Y,Certified
EZYV13486,Asia,Bachelor's,Y,N,1561,1998,Northeast,92099.71,Year,Y,Certified
EZYV18731,Asia,Master's,Y,N,1664,1992,Northeast,153977.48,Year,N,Certified
EZYV5990,Asia,Master's,Y,N,5443,1845,West,49649.18,Year,Y,Certified
EZYV16350,Asia,Doctorate,Y,N,3359,1968,Northeast,22773.95,Year,Y,Certified
EZYV8244,Asia,Bachelor's,Y,N,502,1995,Midwest,166436.97,Year,Y,Denied
EZYV17941,Asia,Bachelor's,Y,N,1219,1996,Midwest,29022.98,Year,Y,Certified
EZYV6419,North America,Bachelor's,N,N,2175,1986,South,149197.43,Year,N,Denied
EZYV1772,Europe,Bachelor's,N,Y,1058,1984,South,41467.88,Year,Y,Certified
EZYV18273,Europe,Doctorate,Y,N,5264,1992,West,36056.83,Year,Y,Certified
EZYV13491,Asia,Master's,N,N,446,1855,West,91396.81,Year,N,Certified
EZYV11281,South America,Bachelor's,Y,N,1302,1973,South,367.6747,Hour,Y,Denied
EZYV2630,Asia,High School,N,N,3227,1845,Northeast,933.976,Hour,Y,Denied
EZYV3073,Asia,Master's,Y,N,2081,1978,Midwest,161375.16,Year,Y,Certified
EZYV1606,Asia,Bachelor's,N,N,4786,1938,Island,111918.61,Year,Y,Denied
EZYV24555,Asia,Bachelor's,N,N,2751,1992,South,125.79,Hour,Y,Certified
EZYV22559,Asia,Master's,Y,N,982,2007,Northeast,53367.94,Year,N,Certified
EZYV9113,Asia,Master's,Y,N,1901,2007,South,39788.79,Year,Y,Certified
EZYV16773,North America,Master's,N,N,5013,1941,South,121676.81,Year,Y,Denied
EZYV11650,North America,Master's,Y,N,3916,2003,West,31484.12,Year,Y,Certified
EZYV10262,Europe,Doctorate,Y,N,2983,2006,West,42160.9,Year,Y,Certified
EZYV23130,Asia,Master's,Y,N,3642,1977,West,77646.88,Year,Y,Denied
EZYV9669,Asia,Bachelor's,N,N,2001,2004,Midwest,120817.05,Year,Y,Certified
EZYV15872,Asia,Bachelor's,N,N,2242,1919,Northeast,56855.3,Year,Y,Certified
EZYV15006,Asia,High School,N,N,650,1979,West,164473.31,Year,Y,Denied
EZYV11007,Africa,Bachelor's,Y,N,520,1997,Midwest,55753.89,Year,Y,Certified
EZYV8774,Asia,Master's,Y,N,4697,1997,South,42492.2,Year,Y,Certified
EZYV6543,Asia,Bachelor's,Y,N,3616,1901,West,4840.5,Year,Y,Certified
EZYV16388,Asia,Bachelor's,Y,N,2182,1988,Northeast,137274.58,Year,Y,Certified
EZYV10298,Asia,Master's,N,N,3722,2001,Midwest,87115.45,Year,Y,Denied
EZYV10636,Europe,Master's,Y,N,1709,1995,West,58106.83,Year,Y,Certified
EZYV21594,Asia,Bachelor's,Y,N,2593,1994,West,126892.33,Year,Y,Certified
EZYV24120,Asia,Master's,Y,Y,2115,1998,South,32131.51,Year,Y,Certified
EZYV8248,Europe,Bachelor's,Y,N,724,2008,Northeast,38593.46,Year,Y,Certified
EZYV6042,Asia,Bachelor's,N,N,1494,1998,West,26666.61,Year,Y,Certified
EZYV6410,Africa,Master's,N,N,2149,1992,West,24247.4,Year,Y,Certified
EZYV5042,Asia,Bachelor's,N,Y,1452,1922,West,7773.02,Year,Y,Denied
EZYV11758,Asia,Bachelor's,Y,N,2849,2003,Midwest,109257.82,Year,Y,Certified
EZYV19686,Asia,Master's,Y,N,130,1817,West,31119.19,Year,N,Certified
EZYV5727,Asia,Master's,Y,N,2029,2009,Northeast,19912.9,Year,Y,Certified
EZYV3246,Asia,Bachelor's,Y,N,5711,1997,West,36421.78,Year,Y,Certified
EZYV5397,Asia,Doctorate,Y,Y,3013,1877,Northeast,18585.64,Year,Y,Certified
EZYV24482,Asia,Master's,Y,N,2990,2000,Midwest,235875.97,Year,Y,Certified
EZYV21744,Asia,Master's,Y,N,1239,2013,Midwest,25708.82,Year,Y,Certified
EZYV1921,Asia,Master's,Y,N,1685,2003,West,104577.45,Year,Y,Certified
EZYV3660,Africa,Master's,N,N,1985,2001,Northeast,672.6842,Hour,Y,Denied
EZYV22136,Asia,Master's,Y,N,52,2013,Midwest,112522.99,Year,N,Certified
EZYV12701,Europe,Master's,Y,N,2558,2005,Midwest,67888.89,Year,Y,Certified
EZYV1432,Europe,Master's,Y,N,293,1986,South,53804.49,Year,Y,Certified
EZYV23260,Asia,Master's,N,N,3780,2004,Northeast,32632.96,Year,N,Certified
EZYV13700,Asia,Master's,Y,N,2643,1997,Northeast,132713.25,Year,Y,Certified
EZYV17639,North America,High School,N,N,622,1987,West,302.2604,Hour,Y,Certified
EZYV13155,Europe,Bachelor's,Y,N,4458,1977,West,29289.56,Year,Y,Certified
EZYV23648,Europe,Bachelor's,N,N,1935,2000,South,92757.53,Year,Y,Certified
EZYV21966,Europe,Doctorate,Y,Y,2294,2004,West,19003.87,Year,Y,Certified
EZYV16793,Asia,High School,N,N,1415,1999,Midwest,79284.98,Year,Y,Certified
EZYV17152,Asia,High School,Y,N,1401,2000,West,134496.44,Year,Y,Certified
EZYV3880,Asia,Bachelor's,Y,N,2748,1911,West,56545.15,Year,Y,Certified
EZYV18309,Asia,Master's,N,Y,3594,2011,West,110885.22,Year,Y,Denied
EZYV16708,Asia,Master's,Y,N,3127,2000,West,53144.75,Year,N,Certified
EZYV14181,Asia,Master's,N,N,4763,1982,Midwest,108534.53,Year,Y,Certified
EZYV17324,Europe,Doctorate,N,N,564,2006,West,96301.46,Year,Y,Certified
EZYV24707,Africa,Master's,Y,N,2712,2005,South,142991.65,Year,Y,Certified
EZYV22476,Asia,Bachelor's,N,N,987,1999,South,45928.2,Year,Y,Denied
EZYV7773,North America,Bachelor's,Y,N,1978,2009,South,94069.28,Year,Y,Denied
EZYV23930,South America,Master's,Y,N,753,1998,Island,108392.22,Year,Y,Certified
EZYV5029,Europe,Bachelor's,Y,N,2533,1974,West,70262.29,Year,Y,Certified
EZYV19581,Europe,Bachelor's,Y,Y,3816,2006,South,59849.95,Year,Y,Denied
EZYV10428,Asia,Bachelor's,Y,N,3606,2005,Midwest,74479.27,Year,Y,Certified
EZYV10541,Europe,High School,N,N,3994,1904,West,33383.39,Year,Y,Denied
EZYV23792,Asia,Master's,Y,N,28870,2000,South,102438.68,Year,N,Certified
EZYV2712,Asia,Bachelor's,Y,Y,12341,2010,Midwest,71086.82,Year,Y,Certified
EZYV4535,Europe,Master's,N,N,1625,2004,South,30861.02,Year,Y,Certified
EZYV14029,Asia,Master's,Y,N,2504,2007,South,117857.79,Year,N,Certified
EZYV12664,North America,Bachelor's,Y,Y,826,2012,Northeast,107.6405,Hour,Y,Denied
EZYV20782,Europe,Doctorate,N,N,1972,1977,Northeast,24933.99,Year,Y,Certified
EZYV16332,Asia,Bachelor's,N,N,3448,1995,Northeast,39839.23,Year,Y,Certified
EZYV15239,Europe,Master's,Y,Y,58059,1817,Midwest,29237.53,Year,Y,Certified
EZYV23145,Asia,Master's,Y,N,4971,1978,West,72195.41,Year,Y,Denied
EZYV23991,North America,Master's,Y,N,191,1980,South,5027.44,Year,Y,Certified
EZYV24915,Europe,Master's,Y,N,2558,2000,Northeast,7480.44,Year,Y,Certified
EZYV23433,Asia,Bachelor's,Y,N,2194,2014,Northeast,145451.04,Year,Y,Certified
EZYV15463,Asia,Bachelor's,Y,Y,506,1997,South,113217.08,Year,Y,Certified
EZYV16900,Asia,Master's,Y,N,1386,1994,Midwest,14338.29,Year,Y,Certified
EZYV17840,Asia,Bachelor's,N,N,3096,2008,Midwest,75250.34,Year,Y,Certified
EZYV18564,Africa,Bachelor's,Y,N,4491,2006,South,81958.33,Year,N,Certified
EZYV21668,Asia,Bachelor's,Y,N,3713,2000,West,11883.82,Year,Y,Certified
EZYV21639,Africa,Bachelor's,N,N,4209,1998,Midwest,65991.56,Year,Y,Denied
EZYV11107,Asia,Bachelor's,N,N,1410,2007,Northeast,70628.78,Year,Y,Denied
EZYV4338,Asia,Master's,Y,N,333,2008,West,48764.07,Year,Y,Certified
EZYV25204,Asia,Master's,N,N,1711,2012,West,101901.33,Year,Y,Denied
EZYV2053,Europe,Master's,Y,Y,110,2004,West,150159.19,Year,Y,Certified
EZYV19032,Europe,Bachelor's,Y,N,753,1921,South,72041.34,Year,Y,Certified
EZYV13418,Asia,Master's,Y,N,709,1993,South,52926.52,Year,Y,Certified
EZYV21475,Asia,Master's,Y,N,3270,1999,Midwest,45956.02,Year,Y,Certified
EZYV9765,Asia,Bachelor's,Y,N,1270,1999,Northeast,65174.16,Year,Y,Certified
EZYV2199,Asia,Master's,Y,N,739,2006,Northeast,51864.68,Year,Y,Certified
EZYV20736,Africa,Master's,Y,N,459,1987,Northeast,116187.06,Year,Y,Denied
EZYV3401,Asia,Bachelor's,N,N,384,2000,West,77153.88,Year,Y,Denied
EZYV6836,Asia,Master's,Y,N,3231,2004,West,87473.6,Week,Y,Certified
EZYV19487,Europe,Master's,Y,N,4186,1994,West,64711.24,Year,Y,Certified
EZYV15572,Asia,High School,Y,N,414,2012,Northeast,82042.03,Week,Y,Denied
EZYV19539,Asia,Master's,N,N,1778,1987,Midwest,85987.83,Year,Y,Certified
EZYV18410,Asia,Master's,Y,N,3698,1998,Northeast,130008.01,Year,Y,Denied
EZYV11396,Asia,Bachelor's,N,Y,3222,2000,South,144728.15,Year,Y,Certified
EZYV818,North America,Bachelor's,N,N,16356,2003,Northeast,135763.05,Year,N,Denied
EZYV21821,Asia,High School,N,N,4687,2007,Midwest,100296.05,Year,Y,Certified
EZYV7742,North America,Master's,Y,N,987,1962,Island,37963.15,Year,Y,Denied
EZYV4770,Asia,Bachelor's,Y,N,2223,1952,South,160635.7,Year,Y,Denied
EZYV21814,Asia,Bachelor's,N,N,3160,2004,Midwest,22957.74,Year,Y,Denied
EZYV20402,North America,Bachelor's,Y,N,1163,1963,South,96568.48,Year,N,Certified
EZYV10582,North America,Master's,Y,N,2940,1982,Northeast,112990.06,Year,Y,Denied
EZYV10245,Asia,Bachelor's,N,N,2631,2006,Northeast,588.3444,Hour,Y,Certified
EZYV5792,Asia,Bachelor's,N,N,288,2007,Midwest,57206.3,Year,Y,Certified
EZYV15575,Asia,Master's,N,N,794,2005,South,109993.66,Year,N,Certified
EZYV19549,South America,Master's,Y,N,2388,1885,Midwest,120339.13,Week,Y,Denied
EZYV21735,Asia,Bachelor's,N,N,1314,2008,West,126992.77,Year,Y,Certified
EZYV17286,Europe,Master's,Y,N,2677,1997,Northeast,31979.7,Year,Y,Certified
EZYV21567,Asia,Master's,Y,N,691,2007,South,97801.35,Year,Y,Certified
EZYV15648,Asia,Master's,Y,N,2099,2000,Northeast,770.517,Hour,Y,Certified
EZYV1020,Europe,Doctorate,Y,N,2631,1998,Midwest,110391.42,Year,Y,Certified
EZYV9845,Asia,Bachelor's,Y,N,845,1978,West,45673.77,Year,Y,Certified
EZYV6922,Africa,Master's,N,N,724,2010,South,100800.01,Year,N,Certified
EZYV22712,Asia,Bachelor's,Y,N,1126,1991,Northeast,23110.98,Year,Y,Certified
EZYV11807,North America,Bachelor's,N,N,1880,1999,West,57715.82,Year,Y,Denied
EZYV4361,Europe,Bachelor's,Y,N,3553,1969,West,6168.39,Year,Y,Certified
EZYV7380,Asia,Bachelor's,N,N,2417,2009,Northeast,247602.36,Year,Y,Certified
EZYV10600,Asia,Master's,N,N,3429,2001,Midwest,121219.73,Year,Y,Denied
EZYV16560,North America,Bachelor's,Y,N,3026,1998,Northeast,22766.46,Week,Y,Denied
EZYV19601,Asia,Bachelor's,Y,N,1909,2012,Northeast,95048.16,Week,Y,Denied
EZYV13895,Asia,Master's,N,N,169,2006,Northeast,50001.66,Year,Y,Denied
EZYV9091,Asia,Bachelor's,N,N,114,1999,West,25842.98,Year,Y,Certified
EZYV4757,Europe,Doctorate,N,N,1237,2003,South,37832.12,Year,Y,Certified
EZYV12205,Asia,Master's,Y,N,1096,1998,South,83662.69,Year,N,Certified
EZYV9084,Asia,Master's,Y,N,337,2000,Midwest,50532.28,Year,Y,Certified
EZYV2012,Asia,Bachelor's,Y,Y,39,1969,South,54373.3,Year,Y,Certified
EZYV12535,Asia,Master's,N,N,1968,1909,Northeast,229794.44,Year,N,Certified
EZYV11882,Asia,Bachelor's,Y,N,30908,1996,West,45194.97,Year,Y,Denied
EZYV2819,North America,Bachelor's,N,N,2482,2002,Midwest,157950.29,Year,Y,Denied
EZYV1728,Asia,Bachelor's,N,N,573,2015,West,94507.94,Year,Y,Denied
EZYV14093,Asia,Bachelor's,Y,N,393,2005,West,51554.04,Year,Y,Certified
EZYV17189,Asia,Master's,Y,N,3574,1914,West,31620.19,Year,Y,Denied
EZYV23700,Asia,Bachelor's,Y,N,1050,2012,Northeast,232111.27,Year,Y,Certified
EZYV15335,North America,Doctorate,Y,N,3046,1989,West,59679.98,Year,Y,Denied
EZYV18002,Asia,Bachelor's,Y,N,1040,1985,West,102534.5,Year,Y,Certified
EZYV11431,Asia,High School,N,N,1193,2003,Midwest,111.42,Hour,Y,Denied
EZYV12397,Asia,Bachelor's,N,N,240,2010,West,27970.06,Year,Y,Certified
EZYV4708,Europe,Master's,N,N,2326,1988,West,228941.33,Year,Y,Denied
EZYV24624,Europe,Doctorate,Y,Y,501,2002,South,54809.81,Year,Y,Certified
EZYV13239,Asia,Bachelor's,N,N,2009,1996,West,344.3705,Hour,Y,Denied
EZYV20773,Asia,High School,N,N,1131,2001,Island,52.8246,Hour,Y,Denied
EZYV14237,North America,Bachelor's,N,N,3261,1977,South,39431.89,Year,N,Certified
EZYV11215,Asia,Doctorate,N,N,1171,1920,Midwest,83189.16,Year,Y,Certified
EZYV15364,Asia,Master's,N,N,3516,1998,Northeast,96049.0,Year,Y,Certified
EZYV18859,Asia,Bachelor's,Y,N,143660,1993,Northeast,118327.7,Year,Y,Denied
EZYV13805,Asia,Doctorate,N,Y,86,2000,South,47116.64,Year,Y,Certified
EZYV23399,Europe,Bachelor's,N,N,2816,1984,Northeast,29070.29,Year,Y,Certified
EZYV3018,Asia,Bachelor's,N,N,2611,2005,South,54246.72,Year,Y,Denied
EZYV3403,Asia,Bachelor's,Y,N,143,1999,West,57938.66,Year,Y,Certified
EZYV3031,Europe,Master's,Y,N,3394,1959,Northeast,100470.66,Year,Y,Certified
EZYV9133,Asia,Bachelor's,Y,N,2721,2004,West,77886.4,Year,Y,Denied
EZYV12605,South America,Bachelor's,Y,N,4986,1817,Northeast,79363.14,Year,Y,Certified
EZYV9512,Asia,Bachelor's,Y,N,2573,1873,South,76309.36,Year,Y,Denied
EZYV6629,Asia,Master's,Y,N,2514,1979,Northeast,91644.5,Year,Y,Certified
EZYV5426,North America,Doctorate,Y,N,4353,1998,South,7974.79,Year,Y,Certified
EZYV11892,Asia,Master's,Y,N,830,1983,Midwest,91381.96,Week,Y,Certified
EZYV7685,Asia,High School,Y,N,929,1998,Northeast,85001.73,Year,Y,Denied
EZYV9597,Europe,Bachelor's,Y,N,1486,1997,West,103168.2,Year,Y,Certified
EZYV23466,North America,Bachelor's,Y,N,2646,1983,Island,85551.45,Year,Y,Certified
EZYV18823,South America,Bachelor's,N,Y,2850,1920,South,5661.67,Year,Y,Denied
EZYV11208,Asia,Master's,N,Y,1910,1998,West,155887.18,Year,Y,Certified
EZYV13060,Asia,Bachelor's,Y,N,880,1998,South,157.66,Hour,Y,Denied
EZYV21658,Asia,Master's,Y,N,1451,1932,West,121377.83,Year,Y,Denied
EZYV8571,North America,High School,Y,N,5734,1963,South,21159.49,Year,Y,Certified
EZYV8833,Asia,Bachelor's,Y,N,2132,2011,Midwest,86050.8,Year,Y,Certified
EZYV10332,Europe,Bachelor's,Y,N,1128,2013,South,77891.11,Year,Y,Certified
EZYV9422,Europe,High School,Y,N,2511,2007,South,6474.84,Year,Y,Denied
EZYV3373,Asia,High School,Y,N,2786,1906,Midwest,100227.2,Year,Y,Denied
EZYV9357,Asia,Bachelor's,N,N,2064,1920,Midwest,245110.1,Year,Y,Certified
EZYV1707,Asia,Master's,Y,N,83371,2011,West,125796.26,Year,N,Certified
EZYV174,Asia,Bachelor's,Y,N,28592,1997,West,61740.3,Year,Y,Certified
EZYV6544,Asia,Doctorate,Y,N,1274,2001,Midwest,116873.37,Year,Y,Certified
EZYV18938,Asia,Master's,Y,Y,1743,2013,Northeast,105660.43,Year,Y,Certified
EZYV2269,Europe,Bachelor's,N,N,1264,2004,West,37240.61,Year,Y,Denied
EZYV19435,Europe,Doctorate,N,N,465,1956,Northeast,40267.59,Year,Y,Certified
EZYV20269,Europe,Master's,N,N,294,2004,Northeast,47307.78,Year,Y,Certified
EZYV23209,Asia,Bachelor's,N,N,3466,1949,West,56306.07,Year,Y,Denied
EZYV5993,North America,Master's,N,N,3765,2002,Northeast,38654.37,Year,Y,Denied
EZYV20810,Asia,High School,Y,Y,2132,1990,Northeast,79629.24,Year,Y,Denied
EZYV24643,Asia,High School,Y,N,1617,1995,Midwest,159506.49,Year,Y,Certified
EZYV17468,Asia,Bachelor's,N,N,4767,1930,West,95292.12,Year,Y,Certified
EZYV14033,North America,Bachelor's,Y,N,1540,1981,Northeast,265168.9,Year,Y,Certified
EZYV19992,Asia,Bachelor's,Y,N,106382,1998,Northeast,65432.09,Year,Y,Denied
EZYV9733,Africa,Master's,Y,N,3744,1999,Northeast,96696.54,Year,Y,Certified
EZYV24898,Asia,Bachelor's,N,Y,1813,2014,West,53560.76,Year,Y,Certified
EZYV3670,Asia,Master's,N,N,555,1968,Northeast,459.9704,Hour,Y,Denied
EZYV25115,North America,Bachelor's,Y,N,3077,2003,Northeast,110996.01,Week,Y,Certified
EZYV10151,Asia,Bachelor's,Y,N,3525,1970,Island,289878.68,Year,Y,Denied
EZYV17222,Asia,Master's,N,Y,3103,1999,West,8826.61,Year,Y,Certified
EZYV8613,Asia,Bachelor's,Y,N,4218,1999,South,54915.97,Year,Y,Certified
EZYV9044,Asia,Bachelor's,Y,N,810,2001,Northeast,31126.33,Year,Y,Certified
EZYV22530,Asia,Bachelor's,Y,Y,4582,1968,West,68345.92,Year,Y,Certified
EZYV16263,Asia,Master's,Y,N,2445,2001,South,105411.81,Year,Y,Certified
EZYV4792,Europe,Doctorate,Y,N,2789,1919,South,62367.86,Year,Y,Certified
EZYV17099,North America,Bachelor's,Y,N,3239,2011,South,449.2679,Hour,Y,Denied
EZYV17129,Asia,High School,N,N,2604,1941,Northeast,220.5704,Hour,Y,Denied
EZYV14481,Asia,Bachelor's,Y,N,2291,2007,West,87641.72,Year,Y,Certified
EZYV9556,Asia,High School,Y,N,790,2011,South,123689.54,Year,Y,Denied
EZYV1583,Asia,Bachelor's,N,N,1426,2007,Midwest,99789.16,Year,Y,Certified
EZYV9171,Asia,Master's,Y,N,4532,1985,West,74022.23,Year,Y,Certified
EZYV14746,Asia,Bachelor's,N,Y,125415,1999,West,70438.55,Year,Y,Denied
EZYV12444,North America,Master's,Y,N,133,2003,Northeast,141099.66,Year,N,Certified
EZYV19061,North America,Bachelor's,Y,N,1080,1817,South,63705.56,Year,Y,Denied
EZYV5625,Asia,Master's,N,N,494,1996,West,103245.81,Year,N,Certified
EZYV8534,Asia,High School,Y,N,2936,1956,West,125732.64,Year,Y,Denied
EZYV8709,Asia,Doctorate,Y,N,787,2005,West,4240.15,Year,Y,Certified
EZYV1715,Asia,Bachelor's,Y,N,1834,1804,Northeast,53169.18,Year,Y,Certified
EZYV24386,Europe,Master's,Y,Y,162,1983,Northeast,5747.66,Year,Y,Certified
EZYV2968,Europe,Bachelor's,N,Y,478,2001,West,52858.49,Year,Y,Certified
EZYV5467,Asia,Master's,Y,N,198,1979,West,29193.43,Year,Y,Certified
EZYV13977,North America,Master's,Y,N,1749,1855,Midwest,76004.85,Year,Y,Certified
EZYV6854,Asia,Bachelor's,N,N,1527,2013,South,38764.07,Year,Y,Denied
EZYV15716,Asia,High School,N,N,813,2001,West,57914.98,Year,Y,Denied
EZYV20887,Asia,Master's,Y,N,549,1997,Island,94064.29,Year,Y,Certified
EZYV14735,Asia,High School,N,Y,2859,2002,West,82124.12,Year,Y,Denied
EZYV17809,Asia,Bachelor's,N,N,3925,1838,Northeast,112376.07,Year,Y,Denied
EZYV19299,Asia,High School,Y,N,5923,1994,West,81462.23,Year,N,Certified
EZYV12571,Asia,Bachelor's,N,N,127,2004,South,77347.46,Year,Y,Denied
EZYV6821,South America,Master's,N,Y,2102,2010,Northeast,93930.25,Year,Y,Certified
EZYV579,Asia,Bachelor's,Y,N,1743,1998,West,110382.9,Year,Y,Certified
EZYV5337,Asia,Master's,Y,N,22840,1993,South,82507.76,Year,N,Certified
EZYV6170,Asia,Bachelor's,Y,N,4574,2007,South,52293.36,Year,Y,Certified
EZYV10543,Asia,Master's,Y,N,1169,1949,Northeast,147797.42,Year,Y,Certified
EZYV9559,Asia,Master's,Y,N,4189,1869,Northeast,68443.79,Year,Y,Certified
EZYV2795,Asia,Doctorate,N,Y,3274,1995,Northeast,122028.15,Year,Y,Denied
EZYV191,Asia,Bachelor's,Y,N,961,2007,West,123688.79,Year,Y,Certified
EZYV8710,Asia,Bachelor's,N,Y,2268,1858,South,284585.2,Year,Y,Certified
EZYV9119,Europe,Doctorate,Y,N,2659,1997,West,83842.45,Year,Y,Certified
EZYV13638,Asia,Doctorate,Y,N,1986,2010,Northeast,16177.16,Year,Y,Certified
EZYV2680,Asia,Bachelor's,Y,N,436,1971,South,29001.48,Year,Y,Certified
EZYV13067,Asia,Bachelor's,Y,Y,2565,1996,South,100830.21,Year,Y,Certified
EZYV8046,Asia,Bachelor's,N,Y,1998,1984,West,125175.16,Year,Y,Certified
EZYV21923,Asia,High School,Y,N,318,2011,West,65704.9,Year,Y,Certified
EZYV22942,Asia,Bachelor's,Y,N,34706,1996,Midwest,48484.58,Year,Y,Certified
EZYV6290,Europe,Master's,Y,N,32057,1985,West,20675.18,Year,Y,Certified
EZYV22228,Europe,Doctorate,N,N,3400,2002,West,22142.45,Year,Y,Certified
EZYV9040,Asia,Bachelor's,Y,N,1019,1911,West,85384.88,Week,Y,Certified
EZYV21450,Asia,High School,Y,N,3527,2005,Northeast,66727.69,Year,Y,Certified
EZYV1226,Europe,Doctorate,Y,N,2405,1986,South,429.95,Year,Y,Certified
EZYV1163,North America,Master's,Y,N,3515,2006,Northeast,102544.06,Year,N,Certified
EZYV23033,Asia,Master's,N,N,982,2007,West,116530.06,Year,N,Certified
EZYV19572,Asia,Master's,Y,N,949,1998,Northeast,137770.36,Year,N,Denied
EZYV1154,Asia,Master's,Y,N,5347,2004,South,73435.36,Year,Y,Certified
EZYV21205,North America,Doctorate,Y,N,1652,1887,West,1286.31,Year,Y,Certified
EZYV8225,Asia,Bachelor's,N,N,2738,1945,South,886.7405,Hour,Y,Certified
EZYV25131,Asia,Master's,N,N,3711,2010,Northeast,72925.13,Year,Y,Denied
EZYV8699,Asia,Bachelor's,Y,N,1221,2005,West,77954.93,Year,Y,Certified
EZYV11521,Asia,Bachelor's,N,N,1487,1928,Northeast,67602.95,Year,Y,Certified
EZYV7952,Asia,Bachelor's,Y,N,3515,2005,West,135734.65,Year,Y,Certified
EZYV21088,Asia,Master's,Y,N,395,1998,Northeast,187357.98,Year,Y,Denied
EZYV3962,North America,Bachelor's,N,N,1874,1985,Northeast,180.9354,Hour,Y,Denied
EZYV1199,North America,Bachelor's,N,N,1372,1995,West,504.3171,Hour,Y,Denied
EZYV1703,Asia,Master's,N,N,1751,2009,Northeast,52833.91,Year,N,Denied
EZYV6603,South America,Master's,Y,N,3788,1984,West,50166.77,Year,Y,Denied
EZYV8531,Europe,Master's,Y,N,1687,1946,West,32279.22,Year,Y,Certified
EZYV1119,Asia,Master's,Y,N,268,1922,West,32586.62,Year,Y,Certified
EZYV2849,Asia,Bachelor's,Y,N,2122,1997,Northeast,52130.26,Year,Y,Certified
EZYV13096,Asia,Master's,Y,N,2420,1872,Northeast,86266.26,Year,Y,Certified
EZYV7499,Asia,Master's,N,N,5147,2000,Island,5273.63,Year,N,Certified
EZYV22185,North America,Master's,N,N,2841,1977,Northeast,17364.35,Year,N,Certified
EZYV17596,Europe,Master's,N,N,1080,1989,Northeast,74799.0,Year,Y,Certified
EZYV16858,North America,Master's,N,N,2311,1951,West,148051.62,Year,N,Denied
EZYV14634,North America,Master's,Y,N,20791,2003,West,62130.66,Year,Y,Certified
EZYV12159,Asia,Bachelor's,N,N,2999,2010,Northeast,61481.73,Year,Y,Certified
EZYV4514,North America,Master's,Y,N,4542,2016,Northeast,69934.88,Year,Y,Certified
EZYV24578,Asia,Master's,Y,N,2354,1905,Northeast,77908.23,Year,Y,Certified
EZYV20517,Asia,Bachelor's,N,Y,1779,2007,West,54092.58,Year,Y,Certified
EZYV23338,Asia,Master's,Y,N,3230,1942,Midwest,83278.28,Week,Y,Certified
EZYV23164,Asia,Bachelor's,Y,N,2902,2008,Northeast,98663.41,Year,Y,Denied
EZYV8137,Asia,Master's,Y,N,1209,1983,Northeast,24701.96,Year,Y,Certified
EZYV10919,Asia,Master's,N,N,1140,1981,West,153854.63,Year,Y,Certified
EZYV14465,North America,Doctorate,N,N,1856,1984,South,36802.82,Year,Y,Certified
EZYV19081,Europe,Doctorate,Y,N,4223,1996,South,47466.95,Year,Y,Certified
EZYV4854,Asia,Master's,Y,N,4299,2010,Midwest,108055.29,Year,N,Certified
EZYV1794,Asia,Master's,Y,N,3496,2002,Northeast,67351.42,Year,Y,Certified
EZYV2095,Asia,Master's,Y,N,2555,2005,Northeast,220553.95,Year,N,Certified
EZYV20150,Asia,Bachelor's,Y,N,1666,1995,Northeast,132365.15,Year,Y,Denied
EZYV15551,Europe,High School,N,N,1139,1989,West,126928.13,Year,Y,Denied
EZYV22508,Asia,Bachelor's,Y,N,3623,2011,South,139416.28,Year,Y,Certified
EZYV5155,Asia,Master's,N,N,5584,1817,Northeast,54290.36,Year,Y,Certified
EZYV19729,Asia,Master's,Y,N,1199,1855,Midwest,72104.01,Year,Y,Certified
EZYV18500,Asia,Master's,N,N,3060,2001,Northeast,106200.19,Year,Y,Certified
EZYV18297,North America,Master's,Y,N,5787,1985,West,25060.68,Year,Y,Certified
EZYV19667,Asia,Bachelor's,Y,N,2638,1998,Midwest,76621.73,Year,Y,Denied
EZYV19418,North America,Master's,Y,N,4755,1963,Midwest,148525.31,Year,Y,Certified
EZYV20101,Asia,Master's,Y,N,2898,1839,Midwest,59472.8,Year,Y,Certified
EZYV6978,Asia,Bachelor's,N,N,2246,1891,West,26851.36,Year,Y,Denied
EZYV8733,North America,Bachelor's,N,N,573,1995,Northeast,123.0441,Hour,Y,Denied
EZYV25203,North America,Master's,N,N,907,2001,Midwest,134500.2,Year,N,Certified
EZYV7707,Asia,Bachelor's,N,N,2822,1953,Midwest,234856.36,Year,Y,Certified
EZYV6333,Europe,Bachelor's,Y,N,1529,1988,Midwest,104953.68,Year,Y,Certified
EZYV24822,Europe,Master's,Y,N,2766,2003,Midwest,42943.44,Year,Y,Certified
EZYV10932,Asia,Master's,Y,N,4231,2004,Northeast,6008.79,Year,Y,Certified
EZYV12353,Asia,Bachelor's,N,N,1587,1911,Northeast,1269.64,Year,N,Denied
EZYV22088,Asia,Master's,N,N,1778,1970,South,721.5271,Hour,Y,Denied
EZYV23266,Asia,Bachelor's,Y,N,2433,1998,South,110722.53,Year,N,Certified
EZYV14027,North America,High School,Y,N,123,1932,Northeast,164270.0,Year,Y,Denied
EZYV10746,Asia,Bachelor's,Y,N,3863,2010,Northeast,38911.5,Year,Y,Certified
EZYV22969,Asia,Bachelor's,N,N,2953,1998,South,58379.86,Year,Y,Certified
EZYV9118,Asia,Bachelor's,Y,N,453,1947,West,90124.25,Year,Y,Certified
EZYV12239,Africa,Doctorate,Y,N,16,1985,West,12301.04,Year,Y,Certified
EZYV14290,Africa,Doctorate,Y,N,58,1949,Northeast,14508.98,Year,Y,Certified
EZYV4723,North America,Bachelor's,Y,N,4849,1993,West,16308.15,Year,Y,Denied
EZYV23323,Asia,High School,N,Y,1657,1918,Northeast,156.3903,Hour,Y,Certified
EZYV6912,Asia,Bachelor's,Y,N,2617,1984,Northeast,39445.95,Year,Y,Certified
EZYV7792,Asia,High School,Y,N,5018,2004,Midwest,99750.15,Year,Y,Denied
EZYV21188,Asia,Master's,Y,N,2288,1974,Northeast,678.2778,Hour,Y,Denied
EZYV11528,Africa,High School,N,N,669,1980,Northeast,74479.53,Year,N,Denied
EZYV12064,Asia,High School,Y,N,2069,2005,Midwest,125320.77,Year,Y,Denied
EZYV5034,Asia,Master's,N,Y,1476,2003,South,102681.94,Year,Y,Certified
EZYV20902,Asia,Master's,N,N,4793,1979,Northeast,178481.26,Year,N,Certified
EZYV13462,Asia,Bachelor's,Y,N,1214,2005,West,20998.78,Year,Y,Certified
EZYV14579,Asia,Bachelor's,N,Y,3860,1994,West,27213.6,Year,Y,Denied
EZYV25083,Europe,Master's,Y,N,1674,1972,West,44712.12,Year,Y,Certified
EZYV22092,Europe,Doctorate,Y,N,2071,1911,West,60045.23,Year,Y,Certified
EZYV9333,Asia,Master's,N,Y,2928,1937,West,49786.35,Year,Y,Certified
EZYV11978,Asia,Bachelor's,Y,N,2519,1962,South,439.8307,Hour,Y,Certified
EZYV7063,Asia,Master's,Y,N,272,2008,Northeast,86795.53,Year,Y,Certified
EZYV21794,Asia,Bachelor's,Y,N,2565,1999,Midwest,165469.53,Year,Y,Certified
EZYV4098,Asia,Bachelor's,N,N,731,1976,West,45058.68,Year,Y,Denied
EZYV16216,Asia,Master's,Y,N,3386,2000,Northeast,92980.77,Year,Y,Certified
EZYV18786,Asia,Doctorate,Y,N,4488,1998,West,125970.79,Year,Y,Certified
EZYV2049,Asia,Bachelor's,Y,N,3163,2004,South,95418.65,Year,Y,Certified
EZYV6722,Asia,Master's,Y,N,1968,2009,Midwest,62903.34,Year,Y,Certified
EZYV18858,Asia,Master's,N,N,2529,2000,West,90059.25,Year,Y,Certified
EZYV6826,Asia,Master's,N,N,404,1985,Northeast,445.7888,Hour,Y,Certified
EZYV11394,North America,Bachelor's,Y,N,313,2004,Northeast,14292.34,Year,Y,Certified
EZYV622,Asia,Bachelor's,Y,N,3899,1989,West,105274.65,Year,Y,Certified
EZYV18128,Asia,Master's,Y,N,19337,1969,Northeast,82905.54,Year,Y,Denied
EZYV2019,Asia,Bachelor's,Y,Y,2431,2005,Northeast,124056.32,Year,Y,Certified
EZYV2662,Africa,Master's,N,N,20199,2005,South,120180.81,Year,N,Denied
EZYV6029,Asia,Master's,N,N,3647,2002,Northeast,228805.91,Year,Y,Certified
EZYV8654,Europe,High School,N,N,1288,2012,Northeast,43188.23,Year,Y,Denied
EZYV8477,Europe,Master's,Y,N,603,2007,West,38893.46,Year,Y,Certified
EZYV22454,Europe,Bachelor's,N,N,4812,1987,West,13353.76,Year,Y,Certified
EZYV3477,Asia,Master's,Y,N,2482,2002,Northeast,51019.68,Year,Y,Certified
EZYV7526,North America,Master's,N,Y,2758,2000,West,83956.4,Year,Y,Certified
EZYV23047,Asia,Bachelor's,N,N,1464,1872,South,12530.5,Year,Y,Denied
EZYV15377,Asia,Master's,N,N,1215,1999,South,125076.08,Year,N,Certified
EZYV15291,North America,High School,Y,N,917,1926,South,73652.88,Year,Y,Denied
EZYV9300,North America,Master's,Y,N,666,1982,South,97714.64,Year,Y,Certified
EZYV7245,North America,Bachelor's,Y,N,3793,1970,West,89894.47,Year,N,Certified
EZYV18096,North America,Master's,Y,N,2214,1989,South,11606.1,Year,Y,Certified
EZYV1090,Asia,Bachelor's,Y,N,1233,1875,South,65908.92,Year,Y,Certified
EZYV16878,Asia,Bachelor's,N,N,3533,2009,Northeast,60151.75,Year,Y,Denied
EZYV17800,Asia,Master's,N,N,2698,1995,Northeast,156872.53,Year,N,Certified
EZYV22355,Europe,Master's,Y,N,496,1994,South,41184.49,Year,Y,Certified
EZYV15694,Asia,Master's,N,Y,3305,2000,South,77719.98,Year,N,Denied
EZYV6830,Asia,Bachelor's,Y,N,2576,2011,West,73317.21,Year,Y,Certified
EZYV18284,Asia,Bachelor's,Y,N,1673,1984,South,104198.25,Year,N,Denied
EZYV3903,South America,High School,N,N,1260,1888,Northeast,128.01,Hour,Y,Denied
EZYV7334,Asia,Master's,Y,N,3396,1987,Midwest,156366.1,Year,Y,Certified
EZYV10987,Asia,Bachelor's,Y,Y,364,1975,South,67538.01,Year,Y,Denied
EZYV19141,Africa,Master's,Y,N,4139,2000,Northeast,52243.61,Year,Y,Denied
EZYV24683,Asia,Master's,Y,N,4763,1914,South,92084.89,Year,Y,Certified
EZYV929,North America,Doctorate,Y,N,2479,1919,Northeast,62207.61,Year,Y,Certified
EZYV11769,Asia,Bachelor's,Y,N,1017,2011,South,8299.73,Year,Y,Denied
EZYV15123,North America,Master's,Y,N,6894,1987,Midwest,34120.23,Year,Y,Certified
EZYV19953,Asia,Bachelor's,N,N,2825,2001,Northeast,692.3003,Hour,Y,Denied
EZYV23536,Asia,Bachelor's,Y,N,3098,1989,South,866.454,Hour,Y,Denied
EZYV5825,Asia,Bachelor's,N,N,506,1998,Midwest,30944.79,Year,Y,Denied
EZYV8905,Asia,Master's,Y,N,2397,1950,South,92531.99,Year,N,Certified
EZYV13075,North America,Master's,N,N,487,1882,Midwest,211819.51,Year,N,Certified
EZYV14318,Africa,Bachelor's,Y,N,686,1801,West,17261.3,Year,Y,Denied
EZYV4971,Asia,Doctorate,N,N,440,1997,Northeast,57822.08,Year,Y,Certified
EZYV3987,Europe,Bachelor's,Y,N,4196,1928,West,54902.11,Year,Y,Certified
EZYV23853,Asia,Bachelor's,N,N,5118,1993,South,121765.26,Year,Y,Certified
EZYV25023,Asia,Bachelor's,Y,N,1708,1986,Midwest,110888.1,Year,Y,Certified
EZYV17235,Asia,Master's,N,N,3162,2008,Midwest,65994.21,Year,Y,Certified
EZYV12607,North America,Bachelor's,Y,N,2032,1986,Northeast,87992.09,Year,Y,Certified
EZYV24286,Asia,Bachelor's,N,Y,19041,2013,Northeast,105666.43,Year,Y,Denied
EZYV22033,Asia,High School,Y,N,2890,2001,Northeast,20510.35,Year,Y,Denied
EZYV2714,Asia,High School,Y,N,77,1998,Northeast,111372.31,Year,Y,Denied
EZYV11775,North America,High School,Y,N,1393,1852,South,116158.23,Year,Y,Denied
EZYV2112,Asia,High School,N,N,592,1838,West,68598.69,Year,Y,Denied
EZYV3734,Asia,High School,Y,N,1762,1999,Midwest,130513.76,Year,Y,Denied
EZYV15966,Asia,High School,Y,N,3636,2006,South,60353.92,Year,Y,Certified
EZYV9058,North America,Master's,Y,N,2284,2005,West,81502.59,Year,Y,Denied
EZYV687,Asia,Master's,N,N,582,1971,South,92051.71,Year,Y,Certified
EZYV6697,North America,Doctorate,Y,N,33187,1984,West,63251.61,Year,Y,Certified
EZYV5101,Asia,Bachelor's,N,Y,1899,1986,West,75957.23,Year,Y,Denied
EZYV8204,Asia,High School,N,Y,1699,1999,South,129897.06,Year,Y,Denied
EZYV16100,North America,Master's,Y,N,2803,1998,Northeast,20645.46,Year,Y,Certified
EZYV3968,Europe,Doctorate,Y,N,3173,1987,South,2826.18,Year,Y,Certified
EZYV4169,South America,Master's,N,Y,661,2001,West,1919.38,Year,Y,Denied
EZYV23831,Asia,Bachelor's,Y,N,3772,2003,West,80221.72,Year,Y,Denied
EZYV22089,Asia,Bachelor's,Y,N,4478,1994,Northeast,34076.99,Year,Y,Certified
EZYV6883,Asia,High School,Y,N,2534,1976,West,104672.37,Year,Y,Denied
EZYV22967,Asia,Bachelor's,N,Y,2453,1994,South,178992.15,Year,Y,Denied
EZYV7660,Asia,Bachelor's,Y,Y,2640,1997,South,135703.69,Year,Y,Certified
EZYV16314,Asia,Master's,Y,N,3556,1987,Northeast,25436.75,Year,Y,Certified
EZYV3213,Asia,Bachelor's,N,N,710,1998,South,101498.84,Year,Y,Denied
EZYV4381,Asia,Bachelor's,Y,N,3935,1963,Northeast,53138.65,Year,Y,Denied
EZYV9310,North America,High School,N,N,69036,2005,Northeast,117542.92,Year,Y,Certified
EZYV3602,Asia,Master's,N,N,1763,1996,Midwest,71692.58,Year,N,Denied
EZYV13379,Africa,Master's,N,N,1387,2004,South,34362.28,Year,Y,Certified
EZYV11722,Asia,Bachelor's,Y,N,1980,2008,Northeast,105120.2,Year,Y,Certified
EZYV18009,Asia,Master's,Y,N,723,2009,South,94141.29,Year,Y,Certified
EZYV24344,North America,Master's,Y,N,3744,1999,Northeast,302.6871,Hour,Y,Certified
EZYV3253,Asia,Bachelor's,Y,N,1555,2007,South,17412.32,Year,Y,Certified
EZYV8380,Europe,High School,Y,N,1775,1978,Northeast,83932.24,Year,Y,Denied
EZYV14490,South America,Bachelor's,N,N,1296,2000,Northeast,565.1763,Hour,Y,Denied
EZYV19665,Asia,Master's,Y,N,2230,2012,Midwest,32494.93,Year,Y,Certified
EZYV24105,Africa,High School,Y,N,732,1966,Midwest,515.6394,Hour,Y,Denied
EZYV1161,Asia,Bachelor's,N,N,5190,2007,West,38556.23,Year,Y,Denied
EZYV2412,Asia,High School,N,N,270,2012,Midwest,18408.1,Year,Y,Certified
EZYV20523,North America,Bachelor's,Y,N,2480,1995,Northeast,170274.65,Week,Y,Denied
EZYV14962,North America,Doctorate,Y,N,2831,2002,West,92765.43,Year,Y,Certified
EZYV11743,Asia,Master's,N,Y,1755,1956,West,122903.03,Year,Y,Certified
EZYV17533,Asia,Bachelor's,N,N,627,2012,South,118010.07,Year,N,Denied
EZYV725,North America,Master's,Y,N,2886,1985,Northeast,45318.93,Year,Y,Certified
EZYV13781,South America,Bachelor's,N,Y,2412,1990,West,78334.02,Year,Y,Denied
EZYV23606,Asia,Master's,Y,N,3232,1991,South,76685.37,Year,Y,Certified
EZYV4888,Asia,Bachelor's,Y,N,3345,1969,West,22495.2,Year,Y,Certified
EZYV22288,Europe,Bachelor's,Y,Y,34,1970,South,124973.21,Year,Y,Certified
EZYV2799,North America,Master's,N,N,4488,2007,South,198796.55,Year,Y,Denied
EZYV21284,Europe,Bachelor's,Y,Y,6407,1986,West,48641.73,Year,Y,Certified
EZYV5132,Asia,Master's,N,Y,29369,1940,Northeast,48005.34,Year,Y,Certified
EZYV13431,North America,Doctorate,Y,N,2355,2011,Midwest,107858.98,Year,Y,Certified
EZYV15737,Asia,Bachelor's,Y,N,1403,1999,Northeast,61831.45,Year,Y,Certified
EZYV9925,Asia,Bachelor's,Y,N,4416,1968,South,75993.59,Year,Y,Certified
EZYV521,Asia,Bachelor's,Y,N,3272,1922,Midwest,95018.17,Year,Y,Certified
EZYV9707,North America,Bachelor's,Y,N,1002,1997,Midwest,93871.67,Year,Y,Certified
EZYV21662,Africa,Master's,N,N,3706,1946,South,124.53,Hour,Y,Denied
EZYV16328,Asia,Master's,Y,N,1104,2011,Northeast,25456.79,Year,Y,Certified
EZYV24839,Asia,Bachelor's,Y,Y,2814,2001,South,78534.41,Year,Y,Certified
EZYV12046,Asia,Master's,Y,N,3335,1998,Midwest,140303.86,Year,Y,Certified
EZYV20356,Asia,Doctorate,N,N,3942,2004,West,91493.18,Year,Y,Certified
EZYV18652,Asia,Master's,N,N,804,2006,Northeast,186806.5,Year,Y,Denied
EZYV3190,Asia,Master's,Y,N,2490,1970,West,276894.08,Year,N,Certified
EZYV22402,Asia,High School,Y,N,104,1943,Midwest,149781.03,Year,N,Certified
EZYV201,Asia,Doctorate,Y,N,3282,1979,West,74441.11,Year,Y,Certified
EZYV23402,Asia,Master's,Y,N,91435,2008,Northeast,104048.39,Year,Y,Certified
EZYV3541,Asia,Master's,Y,N,5145,2002,West,60436.86,Year,Y,Certified
EZYV304,Asia,Bachelor's,Y,N,2597,1945,West,155042.99,Year,Y,Certified
EZYV21126,Asia,Master's,Y,N,2763,2011,South,28808.16,Year,Y,Certified
EZYV5566,Asia,Bachelor's,N,Y,1318,2001,South,107731.52,Year,Y,Certified
EZYV24531,Europe,High School,N,N,2232,1966,South,17643.25,Year,Y,Certified
EZYV8409,Asia,Master's,Y,N,2691,1864,Midwest,55012.36,Year,Y,Certified
EZYV1554,Asia,Master's,N,Y,1941,2013,South,99478.67,Year,Y,Certified
EZYV19949,Asia,Bachelor's,Y,N,3758,1993,Midwest,81239.76,Year,Y,Certified
EZYV23541,Asia,Bachelor's,N,Y,1406,1851,West,56286.84,Year,Y,Denied
EZYV8306,Europe,Bachelor's,N,N,13242,1987,West,14570.17,Year,Y,Certified
EZYV23903,Asia,Bachelor's,N,Y,400,1997,Northeast,40845.8,Year,Y,Certified
EZYV1362,Asia,Bachelor's,N,N,757,1948,West,172647.18,Year,Y,Denied
EZYV23022,North America,Master's,Y,N,96907,2013,South,147806.31,Year,N,Certified
EZYV13699,North America,Bachelor's,N,N,286,2010,Northeast,279.0018,Hour,Y,Denied
EZYV22538,Asia,High School,Y,N,3842,2004,Northeast,73817.24,Year,Y,Denied
EZYV13576,Asia,High School,Y,N,746,1999,Midwest,180166.68,Year,Y,Denied
EZYV20298,Asia,High School,Y,N,4708,1997,South,51372.5,Year,Y,Certified
EZYV16898,Africa,Bachelor's,Y,N,3497,1980,South,88604.22,Year,Y,Certified
EZYV2607,Asia,Bachelor's,Y,N,363,2006,Northeast,93593.48,Year,Y,Certified
EZYV9895,Asia,Doctorate,N,N,20412,1996,Midwest,49412.04,Year,Y,Certified
EZYV2877,Asia,Bachelor's,N,N,3883,1978,West,75910.13,Year,Y,Denied
EZYV13068,Asia,Master's,N,N,42529,1999,West,29966.84,Year,Y,Denied
EZYV7442,North America,Master's,N,N,160,1863,South,133821.87,Year,N,Denied
EZYV8475,Asia,Doctorate,N,N,393,2011,South,115303.3,Year,Y,Certified
EZYV12776,North America,Bachelor's,Y,N,4594,2006,South,53523.79,Year,N,Denied
EZYV13591,Asia,Master's,Y,N,2061,1947,Midwest,102828.79,Year,Y,Certified
EZYV9014,North America,Bachelor's,Y,N,876,1968,South,44791.44,Year,Y,Denied
EZYV23985,North America,Bachelor's,N,N,1144,1978,Northeast,276.5056,Hour,Y,Denied
EZYV13057,Europe,Master's,Y,N,1632,1841,South,77155.86,Year,Y,Certified
EZYV5522,Europe,Doctorate,N,Y,4025,2007,West,6355.71,Year,Y,Certified
EZYV800,Asia,High School,N,N,372064,1963,West,28611.11,Year,Y,Denied
EZYV23009,Asia,Bachelor's,N,N,1285,1999,West,80544.5,Year,Y,Certified
EZYV24015,Asia,Bachelor's,N,N,1352,1995,Northeast,54408.26,Year,Y,Certified
EZYV19138,Asia,Master's,Y,N,2234,2006,South,35862.79,Year,Y,Certified
EZYV25031,Europe,Doctorate,N,N,62401,1896,Northeast,41758.94,Year,Y,Certified
EZYV22980,Asia,Bachelor's,Y,N,3201,1997,Midwest,65389.1,Year,Y,Certified
EZYV9537,North America,Master's,N,N,191,2001,South,34.5971,Hour,Y,Denied
EZYV20091,Asia,Bachelor's,Y,N,2831,1990,Northeast,67482.36,Year,Y,Certified
EZYV24018,North America,Master's,Y,N,1168,2003,Midwest,154945.02,Year,Y,Certified
EZYV15785,Asia,Bachelor's,N,N,1602,1985,South,123017.61,Year,N,Certified
EZYV20644,Asia,Master's,Y,N,3539,2000,Midwest,130013.75,Year,Y,Certified
EZYV2330,Asia,Master's,N,Y,3673,2013,South,68510.51,Year,Y,Certified
EZYV17916,Asia,Doctorate,Y,N,1959,1925,West,15683.14,Year,Y,Certified
EZYV24227,Europe,High School,N,N,48,2008,South,123656.77,Year,Y,Certified
EZYV23328,Asia,Bachelor's,Y,Y,439,1996,South,100007.12,Year,Y,Certified
EZYV3740,Asia,Bachelor's,Y,N,1648,2005,South,358.8772,Hour,Y,Certified
EZYV9064,Asia,Bachelor's,Y,N,2366,1997,West,90193.36,Year,Y,Certified
EZYV18782,Asia,Bachelor's,N,N,3140,1981,Northeast,153762.32,Year,N,Denied
EZYV4149,Asia,Master's,N,N,1764,1984,Northeast,121375.45,Year,N,Denied
EZYV5527,North America,Master's,Y,N,4268,1994,West,208798.89,Year,Y,Certified
EZYV12219,Asia,High School,N,N,2673,1960,Northeast,109.06,Hour,Y,Denied
EZYV1002,Asia,Master's,Y,N,995,1988,Northeast,173345.71,Year,N,Certified
EZYV20679,Asia,Bachelor's,N,N,1525,1996,Northeast,136.5,Hour,Y,Certified
EZYV336,Asia,Master's,Y,N,1222,1975,Midwest,54424.62,Year,Y,Certified
EZYV15298,Asia,Master's,N,N,183,2008,Midwest,58343.97,Year,Y,Certified
EZYV1017,Asia,Bachelor's,Y,N,2795,2008,West,68950.79,Year,Y,Certified
EZYV22473,Europe,Doctorate,N,N,1914,1971,Midwest,68973.47,Year,Y,Certified
EZYV14457,Asia,High School,N,N,494,1983,South,113427.01,Year,Y,Denied
EZYV10797,North America,Master's,Y,N,1663,2011,South,114454.78,Year,N,Certified
EZYV23682,Europe,Master's,N,N,778,1884,Northeast,851.3546,Hour,Y,Denied
EZYV5761,Asia,High School,N,N,4776,1864,Northeast,75560.67,Year,Y,Denied
EZYV22244,Europe,High School,Y,N,189,1999,Northeast,94698.97,Year,Y,Certified
EZYV3637,Asia,Master's,Y,N,3968,2001,Midwest,84472.54,Year,Y,Certified
EZYV21219,Asia,Master's,N,N,4092,1852,South,147550.66,Year,Y,Denied
EZYV8108,North America,High School,Y,N,809,2003,South,212.2408,Hour,Y,Certified
EZYV13761,Asia,Bachelor's,Y,N,4806,2000,Midwest,40247.39,Year,Y,Certified
EZYV20527,Asia,Master's,N,N,1207,1885,South,149166.98,Year,Y,Denied
EZYV17607,Asia,Bachelor's,N,N,4291,1998,West,48721.35,Year,Y,Certified
EZYV3161,Asia,Bachelor's,N,N,3014,1979,West,86898.39,Year,Y,Denied
EZYV23172,Asia,Bachelor's,Y,N,3564,1991,West,42000.02,Year,Y,Certified
EZYV18861,Asia,Master's,Y,N,3709,1984,West,107667.61,Year,Y,Certified
EZYV5951,Asia,Bachelor's,N,N,851,1979,Northeast,92941.44,Year,Y,Denied
EZYV2732,Europe,Doctorate,Y,N,2329,1922,West,78331.19,Year,Y,Certified
EZYV6008,Asia,Bachelor's,N,N,50,2001,South,39170.78,Year,Y,Certified
EZYV17913,Europe,Bachelor's,Y,N,128,1985,Northeast,309.3313,Hour,Y,Denied
EZYV15566,Asia,Master's,Y,Y,3157,2012,Northeast,19460.35,Year,Y,Certified
EZYV5758,Europe,Bachelor's,N,N,2682,1996,Midwest,108165.63,Year,Y,Certified
EZYV18804,Europe,Doctorate,Y,N,678,2010,West,64554.11,Year,Y,Certified
EZYV22401,Asia,Bachelor's,N,Y,979,2004,South,144691.23,Year,Y,Certified
EZYV14500,Europe,Bachelor's,Y,N,2939,1868,Northeast,53439.31,Week,Y,Certified
EZYV20202,Asia,Doctorate,Y,N,3138,1943,South,254522.41,Year,Y,Certified
EZYV24242,Asia,Master's,N,N,3911,1950,South,558.7753,Hour,Y,Certified
EZYV15386,Asia,Master's,N,N,5457,1962,Northeast,83979.4,Year,N,Certified
EZYV11928,Europe,Master's,Y,N,4946,1974,Northeast,90223.19,Year,Y,Certified
EZYV20055,Asia,Bachelor's,Y,N,74693,1926,South,10820.13,Year,Y,Certified
EZYV7618,Asia,Bachelor's,N,N,1628,1987,Midwest,163256.4,Year,Y,Certified
EZYV1954,South America,Bachelor's,Y,N,5684,1989,Northeast,101567.63,Year,Y,Certified
EZYV18866,Asia,Master's,Y,N,86873,1994,West,80962.43,Year,Y,Denied
EZYV7248,Asia,Master's,N,N,3891,1838,South,138356.27,Year,N,Certified
EZYV8705,Asia,High School,Y,N,1753,2007,Midwest,123380.14,Year,Y,Denied
EZYV15622,Asia,Bachelor's,N,N,2590,2009,West,69386.64,Year,Y,Certified
EZYV22675,Asia,High School,Y,N,10737,1895,South,156896.08,Year,N,Certified
EZYV24743,Asia,High School,N,N,3928,2004,West,50061.99,Year,Y,Denied
EZYV24030,Asia,Bachelor's,Y,N,3483,1999,West,50432.99,Year,Y,Certified
EZYV435,Asia,Master's,Y,N,1451,2009,South,129450.64,Year,N,Certified
EZYV23937,Europe,Doctorate,Y,N,575,1983,Northeast,112994.21,Year,Y,Certified
EZYV5523,Asia,Master's,N,Y,431,1915,South,124312.58,Year,Y,Certified
EZYV25344,Asia,Master's,Y,N,53376,1875,South,58641.89,Year,Y,Certified
EZYV180,Asia,High School,Y,N,977,1986,Northeast,105898.54,Year,Y,Denied
EZYV11283,Asia,Bachelor's,Y,N,1841,2003,Northeast,771.2467,Hour,Y,Denied
EZYV4746,Asia,Master's,N,N,2273,2012,Midwest,148573.02,Year,Y,Certified
EZYV21820,Asia,Master's,N,N,2564,1976,South,50764.05,Year,N,Certified
EZYV14953,Europe,High School,N,N,3336,2000,West,27253.73,Year,Y,Denied
EZYV25342,Asia,High School,Y,N,688,1984,Midwest,153694.13,Year,Y,Certified
EZYV21063,Asia,Master's,N,N,3056,2000,Northeast,11434.13,Year,Y,Denied
EZYV5156,Oceania,Bachelor's,Y,N,284,2001,West,94679.66,Year,N,Certified
EZYV1058,Asia,Bachelor's,Y,N,709,2006,Northeast,114128.01,Year,Y,Certified
EZYV21023,Asia,Bachelor's,N,N,2155,2004,West,58231.08,Year,Y,Certified
EZYV13152,Europe,High School,N,N,1940,1853,Northeast,381.6072,Hour,Y,Denied
EZYV9942,Asia,Master's,N,N,3052,2009,South,37840.44,Year,N,Certified
EZYV3858,Europe,Doctorate,N,N,1672,1982,Northeast,82562.68,Year,Y,Certified
EZYV22000,North America,Master's,N,N,818,1833,West,130343.26,Year,Y,Denied
EZYV5554,North America,Bachelor's,Y,N,1427,1996,South,74414.52,Year,Y,Denied
EZYV5434,North America,Bachelor's,Y,N,3331,2014,Northeast,38929.61,Year,Y,Denied
EZYV24992,Asia,Doctorate,N,Y,649,2004,South,78029.15,Year,Y,Certified
EZYV22070,Asia,Bachelor's,N,N,46,1841,Northeast,233585.11,Month,Y,Certified
EZYV4244,Asia,Master's,Y,N,10301,1998,Midwest,52766.14,Year,Y,Certified
EZYV9520,Asia,Master's,Y,N,628,1831,South,116703.6,Year,Y,Certified
EZYV13449,Asia,Master's,N,N,3798,1946,Northeast,397.1918,Hour,Y,Certified
EZYV16139,Europe,Doctorate,Y,N,1876,2008,South,12122.78,Year,Y,Certified
EZYV6680,Asia,Bachelor's,N,N,3806,1996,Northeast,79468.74,Year,Y,Denied
EZYV18310,North America,Master's,N,N,3718,1999,Midwest,88781.62,Year,N,Certified
EZYV11864,Asia,High School,Y,N,5113,1975,West,93146.1,Year,Y,Denied
EZYV23267,Asia,Doctorate,Y,N,546,2007,Northeast,38383.38,Year,Y,Certified
EZYV17955,Africa,Master's,N,N,2179,2002,Midwest,187478.91,Year,Y,Certified
EZYV12424,Asia,High School,Y,N,3653,2009,South,65838.3,Year,Y,Denied
EZYV12316,Asia,Bachelor's,Y,N,3381,2004,South,128927.12,Year,Y,Certified
EZYV25264,Asia,Bachelor's,Y,N,2605,1994,South,35011.04,Year,Y,Certified
EZYV15763,Europe,Master's,N,N,5459,1882,Northeast,71819.68,Year,Y,Certified
EZYV8399,Asia,Master's,N,N,2641,2002,West,106.25,Hour,Y,Certified
EZYV2404,Asia,High School,Y,Y,1411,2009,West,75107.37,Year,Y,Denied
EZYV2207,Asia,Bachelor's,Y,N,637,1876,South,81234.09,Year,Y,Certified
EZYV24412,Asia,Master's,Y,N,203,1985,Midwest,252661.63,Year,Y,Certified
EZYV14665,Asia,Bachelor's,Y,N,5122,1888,West,20876.92,Year,Y,Certified
EZYV21787,Asia,Bachelor's,Y,N,814,1989,West,9367.78,Year,Y,Denied
EZYV15585,Asia,Doctorate,N,Y,1932,1990,South,110348.46,Year,Y,Denied
EZYV5924,Asia,Bachelor's,Y,Y,2147,2010,West,504.72,Year,Y,Certified
EZYV13237,Europe,Bachelor's,N,N,11811,2011,South,84555.48,Year,Y,Certified
EZYV13180,Asia,Master's,N,N,1732,1991,South,31005.69,Year,Y,Certified
EZYV23028,Asia,High School,Y,N,1828,1922,Northeast,152858.34,Year,N,Denied
EZYV12418,Asia,Bachelor's,N,N,1358,1974,Northeast,40.9826,Hour,Y,Denied
EZYV2640,North America,Doctorate,Y,N,1313,2007,South,106584.63,Year,Y,Certified
EZYV14269,Asia,High School,Y,N,651,1891,Northeast,135798.49,Year,Y,Denied
EZYV11460,Europe,Master's,Y,N,4395,2005,Northeast,35424.19,Year,Y,Certified
EZYV567,Asia,Bachelor's,Y,N,1236,1911,Midwest,57972.25,Year,Y,Certified
EZYV124,North America,Master's,N,N,1099,2005,West,204832.52,Year,N,Denied
EZYV1540,North America,Bachelor's,N,N,3635,1886,West,84581.2,Year,N,Denied
EZYV19712,Europe,Master's,Y,N,1380,2002,West,21464.83,Year,Y,Certified
EZYV7031,Asia,Bachelor's,Y,N,96,1996,Northeast,158.4,Hour,Y,Denied
EZYV4054,Asia,High School,Y,N,3108,1839,Midwest,160559.12,Year,Y,Denied
EZYV7211,Asia,Bachelor's,Y,N,2841,1999,South,49817.21,Year,Y,Denied
EZYV4886,Europe,Bachelor's,Y,N,1687,1944,West,53562.18,Year,Y,Certified
EZYV6247,Asia,High School,Y,N,91,1975,West,280205.27,Year,Y,Denied
EZYV2154,Asia,Master's,N,Y,2932,1998,West,106017.36,Year,Y,Denied
EZYV16547,North America,Master's,Y,N,2224,1981,West,82079.49,Year,N,Denied
EZYV20495,Europe,Doctorate,Y,N,4396,1911,Northeast,70017.26,Year,Y,Certified
EZYV11906,Asia,Bachelor's,Y,N,2099,2008,South,85733.28,Year,Y,Certified
EZYV24170,Asia,Bachelor's,Y,N,1114,2006,Island,129300.86,Year,N,Denied
EZYV5829,Europe,Master's,N,N,877,2012,Northeast,36973.67,Year,N,Certified
EZYV16082,Asia,Bachelor's,N,N,1741,2000,West,59524.97,Year,Y,Denied
EZYV12148,Europe,Bachelor's,N,N,497,1995,South,25755.42,Year,Y,Certified
EZYV14061,North America,Bachelor's,N,N,58950,1988,South,789.4758,Hour,Y,Certified
EZYV18972,South America,High School,N,N,1997,2010,South,67389.17,Year,Y,Certified
EZYV6818,Asia,Bachelor's,Y,N,3312,1972,Northeast,115988.67,Year,Y,Denied
EZYV21812,Asia,Bachelor's,N,N,2518,1889,West,166653.6,Year,Y,Certified
EZYV22987,Asia,Master's,N,N,1888,1962,Northeast,34756.18,Year,Y,Denied
EZYV23,Asia,Master's,Y,N,2878,1968,West,45642.39,Year,Y,Certified
EZYV25087,Asia,Master's,Y,Y,2759,2008,South,111533.44,Year,Y,Certified
EZYV19381,Asia,Bachelor's,Y,N,1435,1997,South,16461.54,Year,Y,Certified
EZYV17430,Asia,Bachelor's,Y,N,874,2007,Northeast,53142.76,Year,Y,Certified
EZYV16427,Asia,Bachelor's,Y,N,4719,1936,South,174949.42,Year,Y,Certified
EZYV5905,North America,Master's,N,N,853,1958,Northeast,106028.48,Year,N,Certified
EZYV22130,North America,Bachelor's,Y,N,4041,1999,Midwest,21553.23,Year,Y,Denied
EZYV13936,Asia,High School,N,N,1164,1994,Midwest,36949.8,Year,Y,Denied
EZYV23953,Asia,Bachelor's,N,N,1037,2007,South,60480.29,Year,Y,Denied
EZYV15511,Asia,Master's,N,Y,73744,1986,South,22347.87,Year,Y,Certified
EZYV8950,Asia,Master's,Y,N,3149,1997,Midwest,9475.45,Year,Y,Certified
EZYV4660,North America,Bachelor's,Y,N,3526,1838,Midwest,81268.06,Year,Y,Certified
EZYV2561,Asia,Master's,Y,N,1236,2001,Midwest,90489.51,Year,Y,Certified
EZYV6406,Asia,Master's,N,N,1229,1994,West,112505.46,Year,Y,Certified
EZYV2459,North America,Bachelor's,Y,N,3761,2006,South,91132.02,Year,Y,Certified
EZYV12357,Asia,High School,Y,N,3574,1967,Northeast,128901.25,Year,Y,Denied
EZYV5141,Asia,Bachelor's,Y,N,3835,2015,West,83334.04,Year,Y,Certified
EZYV492,Asia,Bachelor's,N,N,1126,2010,Northeast,52988.17,Year,Y,Denied
EZYV5751,Asia,High School,Y,N,3067,2002,South,61920.48,Year,Y,Denied
EZYV11818,Asia,Bachelor's,N,N,815,2001,West,87930.41,Year,Y,Certified
EZYV10198,Asia,Master's,Y,N,183,2015,South,67351.47,Year,N,Certified
EZYV3109,North America,Master's,Y,N,2563,1855,Northeast,86528.21,Year,Y,Certified
EZYV9197,Europe,Bachelor's,N,Y,950,2006,South,111692.79,Year,Y,Certified
EZYV22851,North America,Master's,N,N,1164,2006,Northeast,85785.07,Year,Y,Certified
EZYV18514,Europe,Doctorate,Y,N,1536,1897,Northeast,4732.79,Year,Y,Certified
EZYV5143,Asia,Bachelor's,Y,N,1374,2002,South,76390.79,Year,Y,Denied
EZYV2020,Asia,High School,Y,N,491,2004,Northeast,110924.43,Year,Y,Denied
EZYV15443,Asia,Bachelor's,Y,N,1331,1904,Northeast,27255.56,Year,Y,Certified
EZYV5442,Asia,Master's,Y,N,5144,2005,Midwest,75044.57,Year,Y,Certified
EZYV18903,Asia,High School,Y,N,2237,2007,West,2999.93,Year,Y,Denied
EZYV24034,South America,Master's,Y,N,1883,2001,South,15017.34,Year,Y,Certified
EZYV3261,Asia,Doctorate,Y,Y,741,1997,South,82643.23,Year,Y,Certified
EZYV18952,Asia,Bachelor's,Y,N,4468,2004,Northeast,124155.24,Year,Y,Certified
EZYV25140,Europe,Bachelor's,Y,N,4040,1922,West,31299.58,Year,Y,Certified
EZYV682,Asia,High School,Y,N,33345,1998,Northeast,107882.31,Year,Y,Denied
EZYV11225,North America,Master's,Y,N,3639,2006,Midwest,42138.36,Year,Y,Certified
EZYV10546,Asia,High School,Y,Y,1329,2006,South,91773.62,Year,Y,Denied
EZYV7894,Asia,Bachelor's,N,N,2944,1985,Northeast,61852.78,Year,N,Denied
EZYV3490,Asia,High School,Y,N,5678,2007,West,78023.01,Year,Y,Denied
EZYV13494,Oceania,Bachelor's,N,Y,1333,1855,South,100717.14,Year,Y,Certified
EZYV6421,Asia,Bachelor's,Y,N,16733,2007,Midwest,78888.5,Year,Y,Certified
EZYV8622,Asia,Master's,N,N,443,2005,South,41120.48,Year,N,Certified
EZYV2962,Asia,Bachelor's,Y,N,1493,2000,West,103516.76,Year,Y,Certified
EZYV24217,Asia,Doctorate,N,N,3855,2007,Northeast,50349.66,Year,Y,Denied
EZYV21196,Asia,Master's,Y,N,2070,1987,Island,244049.04,Year,Y,Certified
EZYV19033,Asia,Master's,Y,N,2385,1999,Midwest,134987.28,Year,Y,Certified
EZYV14206,Asia,Master's,N,N,28040,2010,Midwest,25765.41,Year,Y,Certified
EZYV23675,Asia,Bachelor's,N,N,1862,1948,Northeast,652.6848,Hour,Y,Denied
EZYV16232,Europe,Bachelor's,N,Y,1864,1997,West,96831.56,Year,Y,Denied
EZYV13016,Asia,Master's,Y,Y,1336,2004,Northeast,51865.43,Year,Y,Certified
EZYV2222,Asia,High School,Y,N,3612,2003,West,194.01,Year,Y,Denied
EZYV10006,Asia,Bachelor's,Y,N,4831,1838,Island,144726.46,Year,Y,Denied
EZYV15953,Asia,Bachelor's,Y,N,1300,1998,Northeast,195046.21,Year,Y,Certified
EZYV17744,Asia,High School,N,N,1034,2005,Northeast,210.7526,Hour,Y,Denied
EZYV2757,Asia,High School,N,N,4813,2007,Midwest,66453.54,Year,Y,Denied
EZYV3364,North America,Master's,Y,N,650,2010,West,71818.78,Year,Y,Certified
EZYV9047,Asia,Bachelor's,N,N,2644,1981,Midwest,210465.5,Year,Y,Certified
EZYV825,Europe,Bachelor's,Y,N,5178,2001,West,4371.14,Year,Y,Certified
EZYV12186,Europe,Master's,N,N,5411,1994,West,49585.08,Year,Y,Certified
EZYV6959,North America,Bachelor's,Y,N,170,1899,Northeast,30424.64,Year,Y,Denied
EZYV2090,Asia,High School,Y,N,222,1982,Midwest,122720.12,Year,Y,Certified
EZYV17098,North America,Master's,N,N,2963,2010,Northeast,4486.07,Year,N,Certified
EZYV6048,Asia,Bachelor's,Y,N,2650,1847,Northeast,103893.14,Year,Y,Denied
EZYV16374,Asia,High School,Y,N,5130,1988,Northeast,13997.91,Year,Y,Certified
EZYV22544,Asia,Bachelor's,Y,N,2661,1972,Northeast,27593.85,Year,Y,Denied
EZYV21248,Asia,Bachelor's,Y,N,5799,2002,South,46539.06,Year,Y,Certified
EZYV18108,Europe,Master's,Y,N,3172,1987,West,9912.5,Year,Y,Certified
EZYV11142,Asia,Master's,N,N,13572,1947,West,97113.76,Year,Y,Denied
EZYV17101,Asia,Bachelor's,Y,N,2998,1998,West,112896.31,Year,Y,Denied
EZYV14424,Asia,Master's,Y,N,412,2013,Northeast,88345.0,Year,Y,Certified
EZYV10341,South America,High School,N,N,1018,1978,Northeast,209040.38,Year,Y,Denied
EZYV677,Asia,Bachelor's,N,N,987,1968,Midwest,98467.88,Year,Y,Certified
EZYV18964,Asia,Bachelor's,Y,N,794,1877,Northeast,56558.44,Year,Y,Certified
EZYV22305,Asia,Bachelor's,Y,N,1121,1998,South,203013.68,Year,Y,Certified
EZYV10395,Asia,Bachelor's,N,N,2742,2009,Northeast,63576.33,Year,Y,Certified
EZYV14943,Asia,Bachelor's,Y,N,4084,1887,Northeast,1503.74,Year,Y,Certified
EZYV6208,Asia,Master's,Y,N,2021,1932,Midwest,147419.9,Year,Y,Certified
EZYV15175,North America,Bachelor's,N,N,3399,1909,West,88436.0,Year,N,Denied
EZYV8743,Asia,Master's,N,N,1744,1988,Northeast,55479.27,Year,Y,Certified
EZYV4036,Asia,Bachelor's,Y,N,4266,2001,West,52595.55,Year,Y,Certified
EZYV8007,Europe,Bachelor's,N,N,105016,1921,Northeast,31970.53,Year,Y,Certified
EZYV14192,Asia,Bachelor's,N,N,1373,2007,West,117447.57,Year,Y,Certified
EZYV17821,Asia,Master's,Y,N,95347,1995,West,69692.24,Year,Y,Certified
EZYV20718,Asia,Bachelor's,Y,N,3935,1994,West,63634.36,Year,Y,Denied
EZYV22558,Asia,Master's,Y,N,1379,2010,Midwest,43501.55,Year,Y,Certified
EZYV25098,Asia,Bachelor's,Y,N,3726,1996,Island,37665.99,Year,Y,Denied
EZYV1270,Asia,Master's,N,N,12180,2011,Northeast,61622.91,Year,N,Denied
EZYV13841,North America,Master's,Y,N,169,2009,West,4664.03,Year,Y,Certified
EZYV1311,Asia,Doctorate,N,N,3072,2006,Northeast,60225.0,Year,Y,Denied
EZYV24450,Asia,Doctorate,Y,N,1084,2000,South,18905.31,Year,Y,Certified
EZYV23432,Asia,Master's,N,N,1819,1995,South,48563.54,Year,Y,Certified
EZYV2924,Europe,Doctorate,N,Y,2769,1981,West,1366.89,Year,Y,Certified
EZYV20080,Africa,Master's,Y,Y,298,2013,South,52180.17,Year,Y,Certified
EZYV19059,Asia,Bachelor's,Y,N,169,1969,West,107696.5,Year,Y,Certified
EZYV10599,Asia,Bachelor's,Y,Y,1000,2001,Northeast,82219.89,Year,Y,Denied
EZYV20948,Asia,Master's,N,N,2354,2014,South,562.2244,Hour,Y,Certified
EZYV4085,Europe,Master's,Y,N,1509,1991,West,47910.12,Year,Y,Certified
EZYV21124,Asia,Master's,N,N,1415,1968,Midwest,3708.18,Year,N,Denied
EZYV23676,Asia,High School,N,N,77,2012,Northeast,54187.53,Year,Y,Certified
EZYV7973,Asia,Bachelor's,Y,N,1466,2005,South,61920.23,Year,Y,Denied
EZYV21740,Asia,Bachelor's,Y,N,1258,1990,South,32655.35,Year,Y,Certified
EZYV22281,Asia,Bachelor's,Y,N,1120,2012,Northeast,126244.31,Year,Y,Denied
EZYV5610,North America,Bachelor's,Y,N,4244,2002,West,85876.28,Year,N,Denied
EZYV5933,Asia,Master's,N,N,3069,1988,Northeast,48622.88,Year,Y,Certified
EZYV19918,Asia,Master's,Y,N,5309,1984,Northeast,96219.61,Year,N,Certified
EZYV23060,North America,High School,Y,N,2674,2000,West,48243.47,Year,Y,Certified
EZYV24574,Asia,High School,N,N,2295,2010,Midwest,37874.33,Year,Y,Denied
EZYV9881,Europe,Bachelor's,Y,N,623,2010,South,38073.44,Year,Y,Certified
EZYV24479,Asia,Bachelor's,Y,N,225,1983,Northeast,11228.83,Year,Y,Certified
EZYV783,Europe,Bachelor's,Y,N,4879,1998,Northeast,35244.7,Year,Y,Certified
EZYV8782,Asia,Master's,Y,N,2550,2005,South,110952.94,Year,Y,Certified
EZYV5922,Europe,Bachelor's,Y,N,3412,2007,Northeast,978.5011,Hour,Y,Certified
EZYV8308,Europe,Doctorate,N,N,4016,1997,West,80413.76,Year,Y,Certified
EZYV24938,Europe,Bachelor's,Y,N,2413,1992,West,44629.62,Year,Y,Certified
EZYV19714,Asia,High School,N,N,70702,2013,South,106526.6,Year,Y,Certified
EZYV8915,Asia,Bachelor's,N,N,4427,1998,Northeast,5.6396,Hour,Y,Denied
EZYV8314,Europe,High School,N,Y,4599,1975,Midwest,28994.33,Year,Y,Denied
EZYV2952,Asia,Master's,N,N,25536,1999,South,22576.11,Year,Y,Denied
EZYV1149,Asia,Doctorate,N,N,2380,2006,Midwest,143988.01,Year,Y,Certified
EZYV2643,Africa,Doctorate,N,N,2669,2001,South,76839.65,Year,Y,Denied
EZYV13947,Asia,Bachelor's,N,N,3140,1989,Midwest,122936.33,Year,Y,Denied
EZYV3061,Asia,Bachelor's,N,N,4325,1838,West,86615.64,Year,Y,Denied
EZYV10471,Asia,Master's,N,N,109,2000,Midwest,44906.13,Year,Y,Certified
EZYV6720,Asia,Bachelor's,N,N,28850,2011,South,109282.81,Year,Y,Certified
EZYV9131,Europe,Bachelor's,Y,N,2362,1878,West,86599.01,Year,Y,Certified
EZYV17116,Asia,Master's,N,N,766,1900,Midwest,146777.9,Year,Y,Certified
EZYV18071,Asia,Master's,Y,N,535,1974,West,41762.93,Year,Y,Certified
EZYV12089,Asia,Bachelor's,N,N,3859,1924,West,81226.12,Year,Y,Certified
EZYV21260,Asia,Master's,Y,N,2031,1993,South,91545.59,Year,N,Certified
EZYV21102,Asia,Master's,N,N,3070,1969,West,522.8648,Hour,Y,Denied
EZYV11626,North America,Bachelor's,Y,N,1928,2011,South,81146.02,Year,Y,Certified
EZYV17715,Asia,Master's,N,N,1913,2005,Northeast,212457.11,Year,N,Certified
EZYV7041,North America,Bachelor's,Y,N,2461,1998,Northeast,27241.18,Year,Y,Denied
EZYV6871,South America,Master's,N,Y,3287,1924,West,42710.96,Year,Y,Certified
EZYV6310,Europe,Doctorate,Y,N,2320,1988,South,31855.55,Year,Y,Certified
EZYV13971,Oceania,Doctorate,N,N,1439,1877,South,76021.5,Year,Y,Certified
EZYV12886,Asia,High School,Y,Y,4370,1996,South,99850.6,Year,Y,Denied
EZYV9554,North America,Bachelor's,N,N,386,2007,South,402.6269,Hour,Y,Denied
EZYV1255,Asia,High School,Y,N,364,1993,Northeast,55294.64,Year,Y,Denied
EZYV12606,Asia,Master's,Y,Y,1424,1968,West,71186.62,Year,Y,Certified
EZYV18888,North America,Master's,N,N,6696,1993,West,93453.58,Year,N,Certified
EZYV14865,Asia,Bachelor's,Y,N,2990,1947,West,121234.69,Year,Y,Certified
EZYV7547,Asia,High School,N,N,2756,2008,Northeast,86541.17,Year,Y,Denied
EZYV17901,North America,Bachelor's,N,N,929,1831,South,612.305,Hour,Y,Denied
EZYV5168,North America,Bachelor's,Y,N,843,1975,Northeast,173.3297,Hour,Y,Denied
EZYV17708,Europe,Bachelor's,Y,Y,2942,1947,West,64787.02,Year,Y,Certified
EZYV18235,Asia,Bachelor's,Y,N,273,2010,Northeast,69672.87,Year,Y,Certified
EZYV21384,Europe,Doctorate,N,Y,1086,2000,Midwest,29367.93,Year,Y,Certified
EZYV10742,North America,Bachelor's,N,N,27752,2012,Northeast,49474.81,Year,Y,Certified
EZYV23494,Asia,Master's,N,N,1652,2010,Midwest,80470.58,Year,Y,Certified
EZYV9114,Europe,High School,Y,N,76,1985,South,165969.42,Year,Y,Denied
EZYV22132,Asia,Bachelor's,Y,N,2411,2011,Northeast,69193.61,Year,Y,Denied
EZYV22749,Europe,Bachelor's,Y,N,2046,2001,West,59523.7,Year,Y,Certified
EZYV14511,Europe,Bachelor's,N,N,52,1977,South,62699.95,Year,Y,Certified
EZYV21072,Asia,Master's,Y,N,4226,2008,Northeast,83632.5,Year,Y,Certified
EZYV10343,Asia,Bachelor's,N,N,2078,2011,West,125978.46,Year,Y,Certified
EZYV20625,Asia,Bachelor's,Y,N,55047,1989,Midwest,24459.8,Year,Y,Certified
EZYV24962,Europe,High School,Y,N,5615,1999,West,72847.64,Year,Y,Certified
EZYV14620,Asia,Bachelor's,N,N,3355,2009,South,76482.16,Year,N,Denied
EZYV25403,Asia,Bachelor's,N,N,461,1997,West,464.4856,Hour,Y,Certified
EZYV11317,Asia,Bachelor's,Y,N,28,2002,West,25809.59,Year,Y,Denied
EZYV15810,North America,Master's,Y,N,2497,1900,South,151253.56,Year,N,Certified
EZYV23878,Asia,Master's,Y,N,3619,1998,South,103361.79,Year,Y,Certified
EZYV3256,Asia,Bachelor's,Y,N,4106,2010,Northeast,98699.15,Year,Y,Certified
EZYV25457,Asia,Bachelor's,Y,N,998,1996,South,67340.65,Year,Y,Certified
EZYV3303,Asia,Master's,Y,N,2462,2011,South,92962.2,Year,Y,Certified
EZYV11066,Asia,Master's,Y,N,352,1995,Northeast,261496.17,Year,N,Certified
EZYV24930,North America,Master's,Y,N,3895,2006,Northeast,20218.04,Year,Y,Certified
EZYV4181,Asia,Bachelor's,N,N,3655,1975,West,178617.39,Year,Y,Denied
EZYV2204,Africa,Bachelor's,Y,N,3780,1991,Northeast,117276.12,Year,Y,Certified
EZYV11803,Asia,Bachelor's,Y,N,5332,1995,South,112574.99,Year,Y,Certified
EZYV11445,Asia,High School,N,N,2121,1838,South,113239.94,Year,Y,Denied
EZYV17734,Asia,Bachelor's,N,N,2210,2001,Northeast,977.4751,Hour,Y,Certified
EZYV7563,South America,Master's,Y,N,4120,1997,West,35170.74,Year,Y,Certified
EZYV21964,Europe,Master's,N,Y,1759,1928,Midwest,132525.06,Year,Y,Certified
EZYV20775,Asia,High School,Y,N,2039,1984,Northeast,163581.86,Year,Y,Certified
EZYV4721,Asia,Master's,Y,N,181,2010,West,103723.93,Year,Y,Certified
EZYV16744,South America,Master's,N,N,464,1980,Midwest,155.98,Hour,Y,Denied
EZYV20897,Europe,Doctorate,Y,N,2189,2005,South,8977.46,Year,Y,Certified
EZYV16303,North America,Bachelor's,N,N,1616,2000,West,118401.25,Year,Y,Certified
EZYV16475,Europe,Doctorate,Y,N,4329,2012,West,28993.15,Year,Y,Certified
EZYV4364,Asia,Bachelor's,Y,N,3314,2000,Midwest,66063.41,Year,Y,Certified
EZYV10569,Asia,Master's,N,N,1647,2005,Midwest,140007.9,Year,Y,Certified
EZYV19684,Asia,Bachelor's,Y,Y,1035,2012,South,132295.56,Year,Y,Certified
EZYV10855,Europe,Doctorate,Y,N,3524,1978,West,72737.66,Year,Y,Certified
EZYV20376,Asia,Master's,N,N,882,1976,South,153744.28,Year,Y,Denied
EZYV1328,Asia,Bachelor's,Y,N,1559,1963,West,137088.38,Year,Y,Certified
EZYV17126,Asia,High School,Y,N,5754,1996,South,161045.07,Year,Y,Certified
EZYV14173,Asia,Bachelor's,Y,N,2368,1951,West,121532.01,Year,Y,Certified
EZYV17997,Oceania,Bachelor's,Y,N,284,1989,South,86440.77,Year,Y,Denied
EZYV10204,Asia,Master's,Y,N,436,2013,South,1592.93,Year,N,Certified
EZYV11368,Asia,High School,Y,N,827,1956,South,62752.72,Year,Y,Denied
EZYV16193,Asia,Master's,Y,N,856,2006,Northeast,111114.06,Week,Y,Certified
EZYV4963,Europe,Bachelor's,N,Y,1928,1986,South,18429.0,Year,Y,Certified
EZYV8688,Europe,Master's,Y,N,130,1947,Midwest,71419.11,Year,Y,Certified
EZYV358,North America,Doctorate,Y,N,28418,1969,Northeast,109700.58,Year,Y,Certified
EZYV12194,Asia,Master's,Y,N,2400,2012,Northeast,80921.45,Year,Y,Certified
EZYV22681,South America,Bachelor's,Y,N,320,1986,West,49745.51,Year,Y,Certified
EZYV19261,Asia,Master's,Y,Y,2672,2007,South,68545.84,Year,Y,Certified
EZYV3917,Asia,Bachelor's,N,Y,693,1979,South,81296.02,Year,Y,Denied
EZYV7768,Europe,Master's,Y,N,916,1994,West,100425.29,Year,Y,Certified
EZYV16769,Asia,Doctorate,Y,N,1946,1869,West,90686.97,Year,Y,Denied
EZYV7713,Asia,Master's,N,N,1353,2005,Midwest,87243.36,Year,Y,Certified
EZYV15596,Asia,Bachelor's,N,Y,716,1976,West,75650.04,Week,Y,Certified
EZYV23277,Europe,Bachelor's,Y,N,1301,2004,South,54928.49,Year,Y,Certified
EZYV1885,Asia,Bachelor's,Y,N,2506,2007,Midwest,75010.58,Year,Y,Certified
EZYV21974,Asia,Master's,N,N,4911,2005,South,88041.02,Year,N,Certified
EZYV15552,Asia,Master's,Y,N,3505,2011,Midwest,126371.14,Year,Y,Certified
EZYV19219,Europe,High School,Y,N,2536,1954,Midwest,163341.22,Year,Y,Certified
EZYV15488,Asia,Master's,Y,N,4100,1958,Northeast,186866.95,Year,Y,Certified
EZYV1259,North America,Bachelor's,N,N,1447,1984,Northeast,26679.76,Year,Y,Denied
EZYV10712,Asia,Master's,Y,N,2133,1978,South,111559.85,Month,Y,Certified
EZYV13116,Asia,Bachelor's,Y,N,1007,1936,South,65823.36,Year,Y,Certified
EZYV4013,Asia,Master's,N,Y,1792,1998,Northeast,143437.65,Year,Y,Denied
EZYV16703,Asia,Bachelor's,Y,N,1454,2013,South,87260.69,Year,Y,Denied
EZYV2136,Europe,High School,Y,N,2345,1999,West,113020.08,Year,Y,Denied
EZYV16685,North America,Bachelor's,Y,N,1063,1987,Northeast,30912.39,Year,Y,Denied
EZYV10645,Asia,Master's,Y,N,1711,1975,Northeast,57745.32,Year,Y,Certified
EZYV15975,Asia,High School,Y,N,2507,1912,South,53339.14,Year,Y,Certified
EZYV23759,Asia,Doctorate,N,N,14269,2010,Northeast,63785.67,Year,Y,Certified
EZYV23500,Europe,Doctorate,N,N,1293,1994,West,37182.04,Year,Y,Certified
EZYV16761,Asia,Doctorate,N,N,1399,2005,Midwest,179859.81,Year,Y,Certified
EZYV21948,Europe,Bachelor's,Y,N,3132,1985,Northeast,707.8056,Hour,Y,Denied
EZYV4921,Europe,Doctorate,Y,N,5601,1990,Northeast,7672.13,Year,Y,Certified
EZYV5313,Asia,Bachelor's,Y,N,290,2013,West,92629.01,Year,Y,Certified
EZYV6271,Asia,Master's,Y,N,3159,2006,Midwest,81913.56,Year,Y,Certified
EZYV13085,Asia,Bachelor's,N,N,4820,2004,West,56608.48,Year,Y,Denied
EZYV23168,Asia,Bachelor's,Y,N,2072,1994,South,111304.17,Year,Y,Denied
EZYV6172,Asia,Bachelor's,Y,N,1356,1975,Northeast,5743.18,Year,Y,Certified
EZYV15343,South America,High School,N,Y,1585,1999,South,174153.73,Year,Y,Denied
EZYV15339,Asia,Master's,N,N,4594,1994,West,83288.7,Year,N,Denied
EZYV16019,Oceania,Master's,Y,N,1373,2003,Midwest,49705.63,Year,Y,Certified
EZYV11210,Asia,Bachelor's,Y,Y,1652,2012,South,4877.78,Year,Y,Denied
EZYV2469,Asia,Bachelor's,Y,N,28060,1878,West,89546.29,Year,Y,Certified
EZYV20573,Asia,Bachelor's,Y,N,50,1998,South,63485.6,Year,Y,Denied
EZYV18822,Asia,Master's,N,N,438,2009,West,63144.75,Year,Y,Certified
EZYV21574,Europe,Master's,N,Y,1553,1930,West,15730.24,Year,Y,Certified
EZYV19675,North America,Bachelor's,Y,N,175,1838,West,58329.92,Year,Y,Certified
EZYV461,Asia,Master's,N,N,922,1998,South,46080.75,Year,Y,Certified
EZYV21615,Asia,Doctorate,N,N,234,2007,Midwest,9206.96,Year,Y,Certified
EZYV15942,Asia,Bachelor's,N,N,5436,2004,West,95914.89,Year,Y,Certified
EZYV2119,Europe,Doctorate,Y,N,8438,1998,West,16118.77,Year,Y,Certified
EZYV16664,Europe,Bachelor's,N,N,2527,1998,West,40125.84,Year,Y,Certified
EZYV23609,Asia,Bachelor's,N,N,610,2003,Northeast,590.5765,Hour,Y,Denied
EZYV14025,Asia,Master's,Y,N,904,2007,Midwest,210655.53,Year,Y,Certified
EZYV11770,Africa,Bachelor's,Y,N,8824,1855,West,474.9025,Hour,Y,Denied
EZYV14612,Asia,Master's,Y,N,467,2013,West,555.5698,Hour,Y,Certified
EZYV24446,South America,Bachelor's,N,N,3315,1994,Northeast,51591.59,Year,Y,Certified
EZYV24536,South America,Master's,N,N,1484,2012,West,41375.84,Year,Y,Denied
EZYV952,Asia,Bachelor's,Y,N,708,2007,South,138315.14,Year,Y,Certified
EZYV4396,Asia,High School,N,N,2010,2009,Midwest,62363.94,Year,Y,Denied
EZYV20803,Asia,Master's,Y,N,245673,1928,Midwest,110747.97,Year,Y,Certified
EZYV16950,South America,Master's,Y,N,4169,1999,Island,32865.26,Year,Y,Denied
EZYV23797,Asia,Master's,Y,N,134,1996,South,99945.0,Year,Y,Certified
EZYV18621,Europe,Bachelor's,N,N,3669,2010,South,32512.42,Year,Y,Certified
EZYV19711,Asia,Doctorate,Y,N,1204,2001,Northeast,91539.47,Year,Y,Certified
EZYV17232,North America,Bachelor's,Y,N,608,2000,Northeast,45958.43,Year,Y,Denied
EZYV20891,Asia,Bachelor's,Y,N,4245,1855,Northeast,44600.61,Year,Y,Denied
EZYV19844,Asia,Master's,Y,N,2119,1920,South,9782.22,Year,Y,Certified
EZYV19926,Europe,Doctorate,Y,N,2160,2010,West,53750.13,Year,Y,Certified
EZYV1561,Asia,Bachelor's,Y,Y,786,2010,South,31000.31,Year,Y,Certified
EZYV24327,Europe,Master's,Y,N,1775,2010,Midwest,70423.69,Year,Y,Certified
EZYV6214,Asia,Doctorate,N,N,2079,1969,Midwest,83097.42,Year,Y,Certified
EZYV10671,Asia,Master's,N,N,2899,2007,South,140908.82,Year,N,Certified
EZYV4385,Asia,High School,Y,N,1470,1990,West,56416.43,Year,Y,Denied
EZYV9871,Asia,Master's,Y,N,145600,1897,Northeast,33868.25,Year,Y,Certified
EZYV12134,Asia,Bachelor's,Y,N,318,1985,Midwest,15999.93,Year,Y,Certified
EZYV25271,Asia,Bachelor's,Y,N,1244,1990,South,114388.39,Year,Y,Denied
EZYV20046,Europe,Doctorate,Y,N,914,1809,Northeast,33116.0,Year,Y,Certified
EZYV19025,Asia,Master's,N,N,2332,2005,South,765.169,Hour,Y,Denied
EZYV3421,Asia,Bachelor's,Y,N,970,1933,South,112316.3,Year,Y,Certified
EZYV5050,Asia,Bachelor's,Y,N,610,2011,Northeast,723.9761,Hour,Y,Denied
EZYV22768,Asia,High School,Y,N,3869,1994,Northeast,46763.11,Year,Y,Denied
EZYV16202,Asia,Bachelor's,N,N,235,2014,Northeast,130562.97,Year,Y,Denied
EZYV17561,North America,Master's,N,N,1351,1970,Island,95330.07,Year,Y,Certified
EZYV19237,Europe,Master's,Y,N,2329,1889,West,9822.94,Year,Y,Certified
EZYV17616,Asia,High School,N,N,1469,2006,West,68269.08,Year,Y,Denied
EZYV20633,Asia,Bachelor's,Y,Y,641,2007,Northeast,39025.91,Year,Y,Certified
EZYV8528,Asia,Bachelor's,N,N,848,1974,Northeast,80494.37,Year,N,Denied
EZYV7673,Asia,Master's,N,Y,1489,1997,West,97188.83,Year,Y,Certified
EZYV23987,Europe,Doctorate,N,N,15602,2001,Northeast,3153.74,Year,Y,Certified
EZYV18279,Asia,High School,N,Y,1139,1892,South,66501.78,Year,Y,Certified
EZYV21018,Africa,Master's,Y,N,2413,1997,Northeast,62417.24,Year,Y,Certified
EZYV21234,Europe,Bachelor's,N,Y,746,2011,South,25237.95,Year,Y,Certified
EZYV6604,Asia,Bachelor's,Y,N,4417,1998,South,29836.17,Year,Y,Denied
EZYV8900,Asia,Bachelor's,N,N,1172,2013,Midwest,2190.85,Year,Y,Certified
EZYV9459,Asia,Bachelor's,Y,N,2356,2000,West,133614.05,Year,Y,Denied
EZYV19459,Europe,Doctorate,N,Y,1791,1991,Midwest,26975.05,Year,Y,Denied
EZYV9655,Asia,Master's,Y,N,1391,2008,Northeast,81966.92,Year,N,Certified
EZYV1217,Asia,Bachelor's,N,N,2865,1997,Northeast,355.613,Hour,N,Denied
EZYV12534,Asia,Bachelor's,Y,N,4305,2014,South,99701.09,Year,N,Denied
EZYV11501,Asia,Master's,Y,N,1960,1847,West,50872.54,Year,Y,Certified
EZYV10809,Asia,Master's,Y,N,1690,1838,South,253.7681,Hour,Y,Certified
EZYV9504,Asia,Bachelor's,N,N,3039,2007,Northeast,129954.04,Year,Y,Denied
EZYV7541,Asia,Bachelor's,Y,N,1439,1996,West,53523.89,Year,Y,Denied
EZYV13227,North America,Bachelor's,N,N,448,2006,Northeast,87359.42,Year,Y,Certified
EZYV1517,Asia,Bachelor's,Y,N,42,1984,South,111423.13,Year,Y,Certified
EZYV15958,Asia,Bachelor's,N,N,2971,1888,South,100882.4,Year,N,Certified
EZYV1763,Asia,Master's,N,N,2399,2007,Midwest,119755.93,Year,N,Certified
EZYV6809,Asia,Master's,Y,N,827,2009,West,18952.58,Year,Y,Certified
EZYV17931,North America,Master's,Y,N,3060,2008,Northeast,196354.31,Year,Y,Denied
EZYV15447,Asia,Master's,Y,N,4513,1872,Northeast,17049.74,Year,N,Certified
EZYV13004,Asia,Bachelor's,N,Y,3435,1843,Midwest,84917.76,Year,Y,Denied
EZYV2097,Asia,Master's,N,N,962,1999,Midwest,237539.32,Year,N,Certified
EZYV7222,Asia,Bachelor's,N,Y,100771,1838,Northeast,187808.28,Year,Y,Certified
EZYV23686,Asia,Master's,N,N,5476,1984,South,35035.36,Year,Y,Denied
EZYV10037,Europe,Bachelor's,Y,N,2678,1994,Northeast,95042.33,Year,Y,Certified
EZYV12897,Asia,Master's,Y,N,1418,1998,Midwest,54297.03,Year,Y,Certified
EZYV3092,Asia,Master's,N,Y,2261,1985,Northeast,191992.04,Year,Y,Denied
EZYV2348,Asia,Master's,N,N,2446,2006,Northeast,101.93,Hour,Y,Denied
EZYV1420,Africa,Bachelor's,Y,N,502,2004,Northeast,56203.25,Year,Y,Certified
EZYV19106,Asia,Bachelor's,N,Y,1354,2005,South,59228.35,Year,Y,Certified
EZYV17509,Asia,Bachelor's,N,N,1603,2002,Northeast,419.8784,Hour,Y,Denied
EZYV3818,Asia,Bachelor's,Y,N,1051,1999,South,852.32,Year,Y,Denied
EZYV16588,Asia,High School,N,N,2729,1986,South,886.646,Hour,Y,Denied
EZYV16624,North America,Master's,Y,N,3723,2014,Midwest,15091.01,Year,Y,Certified
EZYV11698,Asia,Bachelor's,Y,N,1917,1998,South,96485.36,Year,Y,Certified
EZYV8151,North America,Bachelor's,Y,N,599,2011,West,118051.38,Year,Y,Denied
EZYV13255,Asia,Bachelor's,N,N,195,2006,South,65492.16,Year,N,Denied
EZYV1507,Europe,Master's,N,N,2074,1924,Northeast,835.3447,Hour,Y,Certified
EZYV11115,Asia,Master's,N,Y,2295,1997,South,109208.02,Year,Y,Certified
EZYV20677,North America,Bachelor's,N,N,393,2002,South,56188.28,Year,Y,Denied
EZYV15804,Asia,High School,Y,N,5404,2000,Northeast,52562.41,Year,Y,Denied
EZYV18237,Asia,Bachelor's,N,N,4208,1998,Northeast,107033.3,Year,Y,Denied
EZYV3097,Europe,High School,Y,N,3850,1977,West,187.42,Hour,Y,Denied
EZYV5417,North America,High School,Y,N,3200,1998,Northeast,115.1174,Hour,Y,Certified
EZYV452,Asia,Master's,Y,N,3057,1995,South,22784.52,Year,Y,Certified
EZYV24816,Asia,Master's,Y,N,1359,1999,Northeast,67250.43,Year,Y,Certified
EZYV1413,Asia,Master's,Y,N,3920,2007,Northeast,174702.9,Year,Y,Certified
EZYV17106,Asia,Bachelor's,Y,N,796,1998,South,81866.98,Year,Y,Certified
EZYV16614,Asia,Bachelor's,N,N,2554,1962,West,128351.74,Year,Y,Denied
EZYV24824,Asia,Master's,Y,N,1579,1999,Midwest,134919.68,Year,Y,Certified
EZYV3534,Asia,Bachelor's,Y,N,5045,1977,West,61905.11,Year,Y,Certified
EZYV13927,North America,Bachelor's,Y,Y,1096,2006,South,79904.0,Year,Y,Certified
EZYV20707,Europe,Master's,N,N,4763,2004,South,38241.33,Year,Y,Certified
EZYV22504,Europe,Master's,Y,N,32585,1849,West,25331.76,Year,Y,Certified
EZYV8426,Asia,Master's,Y,Y,765,1855,West,18195.91,Year,Y,Certified
EZYV11051,Asia,Bachelor's,N,N,1478,1834,Northeast,144806.4,Year,Y,Denied
EZYV16989,Asia,Bachelor's,N,Y,3157,2005,West,110157.83,Year,Y,Certified
EZYV13405,Europe,Master's,N,N,4361,1998,West,105801.19,Year,Y,Denied
EZYV15305,Asia,Bachelor's,Y,N,1624,1852,South,36837.82,Year,Y,Denied
EZYV3862,Asia,Bachelor's,Y,N,492,1976,South,61300.75,Year,Y,Denied
EZYV7998,Asia,Bachelor's,Y,N,741,2007,West,149476.72,Year,Y,Denied
EZYV17963,Asia,High School,Y,N,2150,1945,Midwest,124940.96,Year,Y,Certified
EZYV10301,Asia,Master's,Y,N,987,1997,West,46369.39,Year,Y,Certified
EZYV12695,Asia,High School,N,N,559,1982,Northeast,170242.41,Year,N,Denied
EZYV14709,Asia,High School,Y,N,184,2005,Northeast,87843.72,Year,Y,Denied
EZYV21904,Asia,Bachelor's,Y,Y,1431,1997,Northeast,18821.99,Year,Y,Denied
EZYV7834,Asia,Bachelor's,N,N,257,1980,West,79091.09,Year,Y,Certified
EZYV20909,Asia,Bachelor's,Y,N,6908,1964,South,29831.5,Year,Y,Denied
EZYV1126,Asia,Master's,Y,Y,3151,1970,West,46574.43,Year,Y,Certified
EZYV20743,Asia,Bachelor's,N,N,265,1979,South,576.5398,Hour,Y,Denied
EZYV1011,Europe,High School,N,Y,4223,1993,Midwest,144384.1,Year,Y,Certified
EZYV25478,Asia,Master's,Y,N,1121,1910,South,146298.85,Year,N,Certified
EZYV25358,Asia,Master's,Y,N,6691,2007,West,38097.67,Year,Y,Certified
EZYV15667,Asia,Bachelor's,Y,N,3186,1961,Midwest,145785.76,Year,Y,Certified
EZYV21518,Asia,Master's,N,N,3418,2002,Midwest,217976.16,Year,Y,Certified
EZYV4741,Asia,High School,N,N,1749,1989,West,120378.21,Year,N,Denied
EZYV22750,North America,Bachelor's,Y,N,2594,1995,Northeast,36467.45,Year,N,Certified
EZYV20886,Asia,Bachelor's,N,Y,1009,2010,South,92678.0,Year,N,Denied
EZYV1343,Asia,Bachelor's,N,Y,1764,1999,South,53490.26,Year,Y,Certified
EZYV7044,Europe,Master's,Y,Y,1590,1975,West,33722.94,Year,Y,Denied
EZYV11439,Asia,Bachelor's,N,Y,2090,2011,South,109495.97,Year,Y,Certified
EZYV25039,Asia,Doctorate,Y,N,4143,1931,West,3827.62,Year,Y,Certified
EZYV3944,Europe,High School,N,Y,3048,1996,Northeast,230843.7,Year,Y,Denied
EZYV17535,Europe,Doctorate,Y,N,35719,2013,West,1075.92,Year,Y,Certified
EZYV16424,South America,Bachelor's,Y,N,16864,2002,West,73666.77,Year,Y,Denied
EZYV12017,Asia,Bachelor's,N,N,4871,2002,Midwest,24041.35,Year,Y,Certified
EZYV10669,Asia,Bachelor's,Y,N,421,1994,Midwest,103854.19,Year,Y,Certified
EZYV25034,North America,Bachelor's,Y,N,188,1991,South,160230.41,Year,Y,Denied
EZYV13403,Asia,Bachelor's,N,N,4796,2009,Northeast,159030.67,Year,Y,Certified
EZYV5683,Europe,Master's,N,Y,958,1912,West,52234.88,Year,Y,Certified
EZYV19514,South America,Doctorate,N,N,1985,1989,Northeast,221498.71,Year,Y,Certified
EZYV25198,Asia,Master's,Y,N,3515,2008,Midwest,164593.87,Year,Y,Certified
EZYV7858,Oceania,Bachelor's,Y,N,607,2005,West,148912.29,Year,Y,Denied
EZYV5185,South America,Doctorate,Y,N,125,2004,South,261.5594,Hour,Y,Certified
EZYV25298,Asia,Master's,Y,N,28730,1979,Northeast,76465.4,Year,Y,Certified
EZYV13829,Asia,Bachelor's,Y,N,863,2009,South,148967.73,Year,Y,Certified
EZYV595,Asia,Master's,N,N,1110,2010,Island,81285.88,Year,Y,Denied
EZYV17094,South America,Master's,N,N,2323,2000,West,118451.11,Year,Y,Denied
EZYV9812,Asia,High School,Y,N,5614,2012,Northeast,325.1749,Hour,Y,Denied
EZYV24840,Asia,High School,Y,N,4881,2002,Midwest,64546.32,Year,Y,Certified
EZYV8755,North America,Bachelor's,N,Y,7609,2006,South,85095.73,Year,Y,Certified
EZYV3908,Europe,Doctorate,N,N,3009,1999,Northeast,10291.85,Year,Y,Certified
EZYV11563,Asia,Master's,Y,N,2478,2004,South,16460.49,Year,Y,Certified
EZYV4261,Asia,Bachelor's,Y,N,1559,1998,Midwest,74820.92,Year,Y,Denied
EZYV4503,Asia,Master's,N,Y,1425,2004,Northeast,25554.17,Year,Y,Denied
EZYV22895,North America,Master's,Y,N,5937,1944,Midwest,105842.33,Year,N,Denied
EZYV20934,Asia,Bachelor's,Y,N,471,1991,South,144788.08,Year,Y,Certified
EZYV19145,Asia,Bachelor's,N,Y,2404,1999,South,32876.53,Year,Y,Denied
EZYV14111,Asia,Bachelor's,N,N,622,1997,Northeast,33827.47,Year,Y,Certified
EZYV15385,Asia,Bachelor's,Y,Y,69088,1993,South,108009.01,Year,Y,Denied
EZYV21360,Asia,Bachelor's,Y,N,2829,1985,Northeast,130737.85,Year,Y,Certified
EZYV9657,Asia,High School,N,N,369,1956,Northeast,68450.7,Year,Y,Denied
EZYV11686,Europe,Master's,N,N,2571,1988,West,28337.8,Year,Y,Certified
EZYV15476,Asia,High School,Y,N,4338,2008,West,48562.86,Year,Y,Denied
EZYV21352,Asia,Master's,Y,N,694,1981,Northeast,48764.13,Year,N,Certified
EZYV14993,Asia,Bachelor's,N,N,154,2008,Northeast,130081.59,Year,Y,Certified
EZYV10907,Asia,Bachelor's,Y,N,31378,2005,South,124823.44,Year,N,Certified
EZYV402,Asia,Bachelor's,Y,Y,1000,1848,West,103200.45,Year,Y,Certified
EZYV4080,Asia,Bachelor's,Y,N,513,2000,Northeast,116933.57,Year,Y,Certified
EZYV6575,Asia,Bachelor's,Y,N,2145,2006,West,45497.73,Year,Y,Denied
EZYV8628,North America,Master's,N,N,1221,2008,Northeast,94513.1,Year,Y,Denied
EZYV2326,Asia,Master's,N,N,594,2000,Midwest,87483.21,Year,Y,Certified
EZYV470,North America,Master's,N,N,412,2010,West,27656.02,Year,Y,Denied
EZYV8253,Asia,Doctorate,Y,N,2272,2013,Northeast,29385.11,Year,Y,Certified
EZYV12635,Asia,Bachelor's,Y,N,2045,1994,West,29511.45,Year,Y,Certified
EZYV15424,Asia,Master's,N,N,339,1997,Northeast,47808.3,Year,Y,Certified
EZYV18886,Asia,Master's,N,N,356,1999,West,137266.38,Year,Y,Certified
EZYV45,Asia,High School,Y,N,5407,1998,West,28989.87,Year,Y,Denied
EZYV19937,North America,Master's,Y,N,2466,2005,Midwest,97253.69,Year,Y,Certified
EZYV6522,Asia,High School,Y,N,3986,1905,Midwest,18111.76,Year,Y,Denied
EZYV340,Asia,High School,Y,N,4550,1968,Midwest,104457.29,Year,Y,Certified
EZYV4252,Asia,Bachelor's,Y,N,3739,2007,Northeast,73841.92,Year,N,Certified
EZYV556,Asia,Master's,Y,N,2774,1985,South,133170.7,Year,N,Certified
EZYV3326,Asia,High School,Y,N,1992,2011,West,42517.25,Year,Y,Denied
EZYV19419,Asia,Bachelor's,Y,Y,670,1938,West,82744.02,Year,Y,Denied
EZYV122,South America,Bachelor's,N,N,1415,1913,Northeast,53114.02,Year,Y,Denied
EZYV16888,North America,Doctorate,Y,Y,3550,1986,West,51336.08,Year,Y,Denied
EZYV24900,North America,High School,Y,N,647,1999,Northeast,127234.69,Year,Y,Denied
EZYV10005,Asia,Bachelor's,N,N,1976,2009,West,210460.6,Year,Y,Certified
EZYV8386,Asia,High School,N,N,1632,1888,Northeast,1600.01,Year,Y,Denied
EZYV22198,Oceania,Master's,Y,N,871,2005,South,109502.26,Year,N,Certified
EZYV8109,Asia,Master's,Y,N,1748,2000,Island,248608.01,Year,Y,Certified
EZYV17433,Asia,Master's,N,Y,134,2000,West,123584.93,Year,Y,Certified
EZYV15437,Europe,Bachelor's,Y,N,1338,2016,West,639.9571,Hour,Y,Denied
EZYV1116,Europe,Doctorate,Y,N,45449,2010,Northeast,16945.99,Year,Y,Certified
EZYV16131,Asia,Master's,Y,N,2991,1995,Midwest,122019.09,Year,Y,Certified
EZYV23424,South America,Master's,Y,N,66273,2003,West,51385.09,Year,Y,Certified
EZYV1970,Asia,Master's,N,N,623,1980,West,157203.4,Year,Y,Denied
EZYV8123,Europe,Master's,Y,N,4963,1999,Northeast,48688.45,Year,Y,Certified
EZYV12104,North America,Master's,Y,N,2300,2005,Northeast,65693.84,Year,N,Certified
EZYV6989,Asia,Master's,N,N,42168,1994,Midwest,80150.78,Year,Y,Certified
EZYV20685,North America,Master's,Y,N,32,1882,Northeast,106951.04,Year,Y,Denied
EZYV21697,South America,Master's,Y,N,3260,1817,West,112.86,Hour,Y,Certified
EZYV14448,Asia,Bachelor's,Y,N,1439,1976,South,54913.45,Year,Y,Denied
EZYV8436,Europe,High School,Y,N,356,1982,West,60563.08,Year,Y,Denied
EZYV18984,Europe,High School,Y,N,47,2004,West,50248.61,Year,Y,Certified
EZYV12940,Asia,Master's,N,N,124465,1993,South,698.7048,Hour,Y,Denied
EZYV2641,Asia,Doctorate,N,N,2662,1911,Northeast,774.2597,Hour,Y,Denied
EZYV4922,Asia,High School,N,N,1148,2007,Midwest,62840.43,Year,Y,Denied
EZYV11222,Europe,Bachelor's,N,N,2674,1854,West,57862.23,Year,Y,Denied
EZYV13223,Asia,Master's,N,N,4656,1997,South,111600.89,Year,N,Certified
EZYV13775,Asia,Master's,Y,Y,379,1896,Northeast,273951.68,Year,Y,Certified
EZYV5710,Asia,High School,N,N,3155,2009,West,87967.23,Year,Y,Denied
EZYV23660,South America,Bachelor's,Y,N,1246,2009,Midwest,752.8408,Hour,Y,Denied
EZYV19275,Asia,Bachelor's,Y,N,4098,1955,Northeast,141521.04,Year,Y,Certified
EZYV12374,Asia,Bachelor's,Y,N,5921,2001,West,81479.72,Year,Y,Certified
EZYV12781,Asia,Bachelor's,N,N,339,2010,South,46762.49,Year,N,Certified
EZYV12515,Asia,Doctorate,Y,N,4655,2008,West,28655.55,Year,Y,Certified
EZYV1774,Europe,Bachelor's,Y,N,2054,2004,South,77357.77,Year,Y,Certified
EZYV16046,Asia,Bachelor's,Y,N,5367,1800,West,91868.42,Year,Y,Denied
EZYV17186,Asia,Master's,N,N,5920,1856,South,48154.03,Year,N,Denied
EZYV9995,Asia,High School,Y,N,489,1985,Midwest,72802.98,Year,Y,Denied
EZYV11567,Asia,Master's,Y,N,732,1937,Northeast,53552.67,Year,N,Certified
EZYV14615,Europe,High School,N,N,358,1986,West,16515.69,Year,Y,Denied
EZYV24228,Asia,Bachelor's,N,N,71,1998,West,13511.41,Year,Y,Denied
EZYV22546,Asia,Doctorate,N,N,5033,1968,South,74751.42,Year,N,Certified
EZYV11300,Asia,High School,Y,N,3763,2004,West,157559.04,Year,Y,Denied
EZYV3107,Europe,Master's,Y,N,147,2007,Midwest,92462.43,Year,Y,Certified
EZYV2873,Asia,Bachelor's,Y,N,1970,1997,Midwest,48773.33,Year,Y,Certified
EZYV20544,Asia,High School,Y,N,2987,2003,Midwest,109697.39,Year,Y,Denied
EZYV11074,Asia,Bachelor's,Y,N,2113,1966,South,44737.35,Year,Y,Certified
EZYV1491,North America,Bachelor's,Y,N,1156,1992,West,446.24,Year,Y,Certified
EZYV6293,Asia,High School,Y,N,2530,2000,South,46968.89,Year,Y,Denied
EZYV13534,Asia,Bachelor's,N,Y,821,2000,West,92207.89,Year,Y,Denied
EZYV5433,Asia,Bachelor's,Y,N,2460,2009,Northeast,76609.27,Year,Y,Certified
EZYV23906,Europe,Bachelor's,Y,Y,1685,2013,Northeast,99822.09,Year,Y,Denied
EZYV6850,Asia,Master's,Y,N,1216,1997,Northeast,39505.55,Week,Y,Certified
EZYV19218,Asia,Master's,N,N,3472,2004,South,440.757,Hour,Y,Denied
EZYV12893,Asia,High School,Y,N,1046,2005,West,45272.78,Year,Y,Denied
EZYV22821,Asia,Master's,Y,N,370,1817,South,145446.44,Year,Y,Certified
EZYV15610,South America,High School,Y,N,462,2011,Midwest,50500.61,Year,Y,Denied
EZYV21884,Asia,High School,N,N,826,1998,Northeast,58488.92,Year,Y,Certified
EZYV6332,Asia,Master's,Y,N,992,1971,Midwest,112981.74,Year,Y,Certified
EZYV13363,Asia,Master's,N,N,2207,2013,Island,142449.08,Year,Y,Denied
EZYV19633,Europe,Bachelor's,Y,N,3616,1998,South,84582.21,Year,Y,Certified
EZYV14711,Asia,Master's,Y,N,5445,1963,West,90439.22,Year,Y,Certified
EZYV1848,Asia,Master's,N,N,4612,2000,Midwest,247545.23,Year,Y,Certified
EZYV11101,Europe,High School,Y,N,2685,2008,South,52613.73,Year,Y,Denied
EZYV169,Asia,Bachelor's,N,N,3639,1988,Northeast,192.157,Hour,Y,Denied
EZYV4805,Asia,High School,N,Y,993,2005,West,21838.63,Year,Y,Denied
EZYV18557,Asia,Master's,N,N,12950,2001,Northeast,171976.84,Year,N,Certified
EZYV9416,North America,Bachelor's,N,N,15896,1992,Northeast,32943.35,Year,Y,Certified
EZYV9000,Asia,Master's,N,N,1408,2010,Northeast,783.4324,Hour,Y,Certified
EZYV21582,Asia,High School,Y,Y,1066,1911,South,6247.61,Year,N,Certified
EZYV6574,Asia,Bachelor's,Y,N,1258,2005,West,53677.0,Year,Y,Denied
EZYV24814,Asia,High School,Y,N,955,1850,South,150899.42,Year,Y,Certified
EZYV632,Asia,Doctorate,N,N,88484,2001,South,53999.52,Year,Y,Certified
EZYV23719,Asia,Master's,N,N,2066,1978,Midwest,29101.12,Year,Y,Certified
EZYV17383,Asia,Bachelor's,N,N,2513,1968,West,104507.4,Year,Y,Certified
EZYV1223,Asia,Bachelor's,Y,N,5877,2013,West,150646.84,Year,Y,Certified
EZYV13072,Asia,Bachelor's,Y,N,2642,2000,South,86619.71,Year,Y,Denied
EZYV16130,Oceania,High School,Y,N,17389,1996,Midwest,21609.33,Year,Y,Certified
EZYV224,Europe,Bachelor's,N,N,787,1913,Northeast,158569.72,Year,N,Denied
EZYV23519,Asia,Master's,N,N,3470,2004,Northeast,343.8597,Hour,Y,Denied
EZYV8706,Asia,Master's,Y,N,2440,2006,Midwest,78564.67,Year,Y,Certified
EZYV9892,Asia,Bachelor's,N,N,1275,2013,Midwest,92740.98,Year,Y,Certified
EZYV20496,Europe,Master's,N,N,3181,2005,Northeast,136603.07,Year,N,Certified
EZYV17735,Asia,Master's,Y,N,548,1993,Northeast,71703.66,Year,Y,Certified
EZYV4605,Asia,Master's,N,N,101159,2010,West,85621.41,Year,N,Denied
EZYV25060,Asia,Master's,N,N,1397,1949,Northeast,152367.64,Year,Y,Certified
EZYV8315,Asia,Bachelor's,Y,N,2569,2000,Northeast,36227.21,Year,Y,Certified
EZYV19960,Asia,High School,Y,Y,4841,2006,West,52309.85,Year,Y,Certified
EZYV2915,Asia,Bachelor's,N,Y,622,2009,West,143084.69,Year,Y,Denied
EZYV18977,Asia,Bachelor's,N,N,474,1970,South,94.6627,Hour,Y,Denied
EZYV17102,North America,Bachelor's,Y,N,3112,2007,Northeast,154318.43,Year,Y,Certified
EZYV11543,Asia,Master's,Y,N,101941,1975,Northeast,80889.54,Year,Y,Certified
EZYV10970,North America,Bachelor's,N,N,1008,1838,Northeast,72620.02,Year,Y,Denied
EZYV21855,Asia,Master's,N,N,10341,2011,Northeast,147114.27,Year,Y,Certified
EZYV21852,North America,Bachelor's,Y,N,2953,2006,West,22810.37,Year,Y,Denied
EZYV12952,Europe,Master's,Y,Y,1624,2003,Northeast,59082.94,Year,Y,Certified
EZYV4633,Europe,Doctorate,Y,N,1470,2010,West,9194.56,Year,Y,Certified
EZYV14299,Asia,Master's,Y,N,209,1965,Midwest,39544.26,Year,Y,Certified
EZYV6962,Asia,Master's,Y,N,417,1807,South,210.5073,Hour,Y,Certified
EZYV8670,Asia,Master's,Y,N,2753,2003,Northeast,144550.77,Year,N,Certified
EZYV2351,Asia,Master's,N,N,2309,2007,West,19334.81,Year,Y,Denied
EZYV9345,North America,Master's,Y,N,673,1993,Northeast,146269.27,Year,N,Certified
EZYV19703,Asia,High School,N,N,2541,1982,Northeast,447.3009,Hour,Y,Denied
EZYV3553,South America,Master's,N,N,3298,2005,South,80136.3,Year,Y,Denied
EZYV1849,Asia,Bachelor's,Y,N,1377,1993,West,57439.52,Year,Y,Certified
EZYV8621,Europe,Master's,N,N,1091,1974,Northeast,43622.41,Year,Y,Denied
EZYV8373,Asia,Bachelor's,Y,N,677,1990,West,13501.01,Year,Y,Denied
EZYV16369,Asia,Master's,N,N,2070,1985,South,101.72,Hour,Y,Denied
EZYV22870,North America,Bachelor's,Y,N,2049,1970,Northeast,5822.31,Year,Y,Certified
EZYV24332,Europe,Bachelor's,N,Y,1198,1998,South,87713.35,Year,Y,Certified
EZYV23325,Asia,High School,N,Y,1738,2011,South,67830.39,Year,Y,Certified
EZYV12642,Asia,Master's,Y,N,1250,2007,West,146169.22,Year,Y,Certified
EZYV22045,Asia,Master's,Y,N,35124,1998,Northeast,6818.27,Year,Y,Certified
EZYV7678,Asia,Master's,Y,N,5306,2008,South,64710.12,Year,Y,Certified
EZYV12619,Asia,Bachelor's,Y,N,3911,2013,Northeast,29456.98,Year,Y,Certified
EZYV24865,Asia,Master's,Y,N,1785,2001,West,197899.31,Year,N,Certified
EZYV7027,Asia,Master's,N,Y,1100,1994,South,121474.97,Year,Y,Certified
EZYV24901,Africa,Bachelor's,N,Y,341,1870,West,60003.26,Year,Y,Certified
EZYV24086,Asia,High School,Y,Y,17225,2000,South,165330.05,Year,Y,Denied
EZYV24917,Asia,Bachelor's,N,N,1295,2000,West,116575.67,Year,Y,Certified
EZYV20036,Asia,Bachelor's,Y,N,3499,1986,South,5019.54,Year,Y,Certified
EZYV2416,Europe,High School,Y,N,5430,1867,South,15005.35,Year,Y,Certified
EZYV16734,Asia,Bachelor's,Y,N,3135,1954,Northeast,334.8349,Hour,Y,Certified
EZYV13059,Asia,Bachelor's,Y,N,2249,2002,Northeast,49179.36,Year,Y,Denied
EZYV8044,Asia,Bachelor's,N,N,2297,1996,West,161675.79,Year,Y,Certified
EZYV21003,Asia,Master's,N,N,1396,1981,Midwest,17391.4,Year,Y,Certified
EZYV20063,Asia,Master's,Y,N,4174,1912,Northeast,4797.89,Year,Y,Certified
EZYV15122,Asia,Bachelor's,Y,N,131543,1948,Northeast,80358.97,Year,Y,Certified
EZYV24836,Asia,Master's,Y,N,1864,1950,South,307.7918,Hour,Y,Denied
EZYV16226,Asia,Bachelor's,Y,N,1925,1995,West,77803.04,Year,Y,Certified
EZYV28,Asia,High School,Y,Y,2889,2005,South,103029.33,Year,Y,Certified
EZYV1266,Asia,Doctorate,Y,N,3880,2001,South,103294.94,Year,Y,Certified
EZYV19096,Asia,Master's,N,Y,2484,2009,South,62311.78,Year,Y,Certified
EZYV10424,Asia,Bachelor's,N,N,2212,1900,South,144093.11,Year,Y,Certified
EZYV9796,Europe,Doctorate,Y,N,3094,1899,South,158189.91,Year,Y,Certified
EZYV19182,North America,Master's,Y,N,3676,1994,Northeast,118616.0,Year,Y,Certified
EZYV6235,North America,Bachelor's,Y,N,1894,1991,Northeast,51044.98,Year,N,Certified
EZYV19527,Asia,Master's,Y,N,4002,2002,Northeast,48929.35,Year,Y,Certified
EZYV2750,Asia,Bachelor's,N,N,2316,1965,South,80248.77,Year,N,Denied
EZYV15544,Asia,Bachelor's,N,N,4180,1884,Northeast,88515.94,Year,Y,Certified
EZYV7984,Asia,Master's,Y,N,392,2009,Midwest,121466.65,Year,Y,Certified
EZYV6272,Europe,Bachelor's,Y,Y,1281,2010,Northeast,82294.13,Year,Y,Certified
EZYV20862,Asia,Bachelor's,Y,N,1638,2001,Midwest,100.17,Hour,Y,Denied
EZYV22472,North America,Master's,N,N,2673,1831,West,44575.6,Year,Y,Certified
EZYV23761,Asia,Bachelor's,N,N,706,2000,Midwest,28841.92,Year,Y,Certified
EZYV3794,Asia,Master's,Y,N,3022,2008,Northeast,30488.04,Year,Y,Certified
EZYV23912,Asia,Bachelor's,N,N,3193,1876,Northeast,131550.23,Year,Y,Denied
EZYV23176,Asia,Master's,N,N,989,1948,South,118258.71,Year,Y,Certified
EZYV20126,Asia,Master's,Y,N,2817,2006,Northeast,60676.15,Year,Y,Denied
EZYV5124,North America,Bachelor's,N,N,2869,1991,West,707.433,Hour,Y,Certified
EZYV23809,South America,Master's,Y,Y,1038,2000,Northeast,48520.92,Year,Y,Denied
EZYV24301,Europe,Bachelor's,Y,Y,1760,1999,West,129307.2,Year,Y,Certified
EZYV20018,Asia,High School,Y,Y,942,1974,West,23433.48,Year,Y,Certified
EZYV5317,Asia,Bachelor's,N,N,258,1998,South,83907.43,Year,Y,Certified
EZYV13350,Asia,High School,Y,N,3782,1991,Midwest,62307.13,Year,Y,Denied
EZYV2539,North America,Bachelor's,Y,N,1807,2009,Northeast,798.4,Year,Y,Certified
EZYV19763,Europe,Doctorate,N,N,392,2001,West,3490.23,Year,Y,Certified
EZYV8043,Asia,Bachelor's,N,N,2242,2001,South,155.0951,Hour,Y,Denied
EZYV20836,North America,Bachelor's,Y,Y,383,2004,South,48767.67,Year,Y,Certified
EZYV3776,Africa,Doctorate,Y,Y,3061,1998,South,36779.89,Year,Y,Certified
EZYV15963,Asia,Master's,N,N,2432,1999,South,304.0015,Hour,Y,Denied
EZYV13113,Asia,Bachelor's,Y,N,4308,1947,Midwest,83353.73,Year,Y,Certified
EZYV22300,North America,Bachelor's,N,N,704,1980,South,31204.63,Year,Y,Certified
EZYV22086,Asia,Master's,Y,N,3638,1954,West,38152.17,Year,Y,Certified
EZYV11638,Asia,Master's,Y,N,1053,1967,South,105539.75,Year,Y,Certified
EZYV12477,Asia,High School,Y,N,2473,2011,South,82678.69,Year,Y,Denied
EZYV21654,Europe,Master's,Y,N,472,1999,South,42310.98,Year,Y,Certified
EZYV22871,Asia,Bachelor's,Y,Y,1047,2008,South,88790.21,Year,Y,Certified
EZYV25355,Europe,Master's,N,Y,327,1994,South,57577.91,Year,Y,Certified
EZYV11237,North America,Bachelor's,Y,N,836,2003,Northeast,23637.85,Year,Y,Certified
EZYV25157,Asia,High School,Y,N,3227,1985,West,65292.22,Year,N,Certified
EZYV25395,Asia,Master's,N,N,4216,1942,South,87380.06,Year,Y,Denied
EZYV13984,Asia,Bachelor's,Y,N,2550,2009,Midwest,71055.61,Year,Y,Certified
EZYV21456,Asia,Bachelor's,Y,N,6077,2011,Northeast,27556.25,Year,Y,Certified
EZYV1431,Asia,High School,N,N,144584,1991,South,87926.31,Year,Y,Certified
EZYV5563,Asia,Doctorate,N,N,3214,1986,Northeast,19.3731,Hour,Y,Certified
EZYV16554,Asia,Doctorate,Y,N,5491,2004,South,6690.41,Year,Y,Certified
EZYV463,Asia,Bachelor's,Y,N,4258,2008,West,40926.81,Year,Y,Certified
EZYV22276,Asia,Doctorate,Y,N,4296,2005,South,16832.21,Year,Y,Certified
EZYV23787,Europe,Bachelor's,N,Y,2224,1984,South,103291.69,Year,Y,Denied
EZYV16330,Asia,Master's,Y,N,2192,2007,Midwest,127325.21,Year,Y,Certified
EZYV3588,Asia,Bachelor's,Y,N,835,1987,Northeast,134462.14,Year,Y,Certified
EZYV12562,Europe,Master's,Y,N,214,2005,West,21945.77,Year,Y,Certified
EZYV24749,Asia,High School,Y,Y,1431,1964,Northeast,63435.85,Year,Y,Certified
EZYV20420,Asia,Master's,N,N,2257,2012,West,159625.49,Year,N,Denied
EZYV10008,Asia,Bachelor's,N,Y,66319,2007,Northeast,146925.37,Year,Y,Denied
EZYV8717,North America,Doctorate,N,N,5511,1864,Northeast,63450.51,Year,Y,Certified
EZYV21824,North America,Bachelor's,Y,N,357,1994,West,889.6182,Hour,Y,Denied
EZYV13365,Asia,Bachelor's,Y,N,2404,2006,South,93396.86,Year,Y,Denied
EZYV15604,Asia,Bachelor's,Y,N,2790,1998,South,92894.45,Year,N,Denied
EZYV3824,Asia,Master's,N,Y,1868,1999,South,98459.28,Year,Y,Denied
EZYV23093,Asia,Master's,Y,N,5986,1977,West,22637.9,Year,Y,Certified
EZYV18099,South America,High School,Y,N,72520,1969,West,116261.45,Year,N,Certified
EZYV8955,Asia,Master's,Y,N,2318,1989,Northeast,95510.3,Year,Y,Certified
EZYV10591,South America,High School,Y,N,2741,1884,South,10578.76,Year,Y,Denied
EZYV12625,Europe,Bachelor's,Y,N,1215,2004,South,9297.2,Year,Y,Certified
EZYV11354,North America,Master's,Y,N,13790,1998,Northeast,17856.49,Year,Y,Certified
EZYV19811,Asia,Bachelor's,Y,N,376,1988,Northeast,1778.33,Year,Y,Denied
EZYV2087,North America,Bachelor's,N,N,5010,1969,Northeast,96268.49,Year,N,Denied
EZYV1793,Asia,Bachelor's,N,N,3167,1981,Northeast,10474.05,Year,N,Denied
EZYV4962,Asia,Bachelor's,Y,N,2879,2008,West,51298.41,Year,Y,Certified
EZYV10668,North America,Master's,N,N,509,2012,West,142103.74,Year,Y,Certified
EZYV16486,Asia,Master's,N,N,996,2000,South,97525.57,Year,N,Certified
EZYV10140,Asia,Master's,N,Y,1051,2001,West,61651.14,Year,Y,Certified
EZYV16434,North America,Bachelor's,N,N,969,1970,West,135763.92,Year,Y,Certified
EZYV20414,Asia,Bachelor's,Y,N,703,1994,Northeast,192702.13,Year,Y,Certified
EZYV22316,Asia,Master's,Y,N,3171,1945,West,45016.79,Year,Y,Denied
EZYV21730,Asia,Bachelor's,Y,N,155,2007,West,151403.23,Year,Y,Denied
EZYV4607,Asia,Master's,N,N,808,1988,Midwest,156855.87,Year,Y,Denied
EZYV12078,Asia,Master's,N,N,33626,1986,West,130.18,Hour,Y,Denied
EZYV9384,Africa,Master's,N,N,699,1987,Northeast,103119.78,Year,Y,Certified
EZYV9003,Asia,Master's,Y,N,999,1839,Midwest,153897.11,Year,Y,Certified
EZYV23216,North America,Bachelor's,N,N,3751,1947,Northeast,536.2963,Hour,Y,Denied
EZYV21899,Asia,Master's,N,N,4206,2007,Midwest,151301.48,Year,Y,Certified
EZYV18957,Asia,Bachelor's,Y,N,592,2002,South,7239.86,Year,Y,Denied
EZYV19289,Asia,High School,Y,N,528,1999,Midwest,62628.67,Year,Y,Certified
EZYV22959,Asia,Master's,N,N,4412,2016,Midwest,125088.46,Year,Y,Denied
EZYV17188,Asia,Bachelor's,N,N,3953,2006,Midwest,150379.4,Year,Y,Certified
EZYV12864,Europe,Master's,Y,N,1857,1994,Midwest,78677.1,Year,Y,Certified
EZYV12576,Asia,Bachelor's,N,N,396,1910,West,148106.01,Year,Y,Denied
EZYV15822,Asia,Bachelor's,Y,N,4034,2012,West,84907.0,Year,Y,Denied
EZYV20172,Asia,Master's,N,N,473,2005,Midwest,89001.33,Year,Y,Certified
EZYV4428,Europe,Bachelor's,N,N,3620,1994,Northeast,46823.16,Year,Y,Certified
EZYV5003,Asia,Bachelor's,N,N,4888,1988,Northeast,113881.29,Year,Y,Certified
EZYV24572,North America,Master's,Y,N,1226,2011,Island,87563.23,Year,Y,Certified
EZYV1651,Asia,Master's,N,N,1682,1998,South,95078.36,Year,N,Certified
EZYV24710,Asia,Bachelor's,Y,N,2621,1995,Northeast,66588.78,Year,Y,Certified
EZYV13089,Asia,Doctorate,Y,N,1885,2005,Northeast,85690.49,Year,Y,Certified
EZYV2896,North America,Master's,N,N,3304,1997,West,8914.12,Year,Y,Denied
EZYV11407,Europe,Bachelor's,N,N,2629,2004,West,105823.23,Year,Y,Certified
EZYV23964,Asia,Bachelor's,Y,N,1442,2000,West,121896.1,Year,Y,Certified
EZYV10230,Asia,Master's,Y,N,1305,1986,Midwest,69650.25,Week,Y,Certified
EZYV19387,Asia,Bachelor's,N,N,1905,1986,South,58246.93,Year,Y,Certified
EZYV18905,North America,Master's,N,N,2188,2005,South,32709.0,Year,N,Denied
EZYV3757,Asia,Bachelor's,N,N,512,1976,Midwest,133870.7,Year,Y,Denied
EZYV15656,Asia,High School,Y,N,437,1998,Midwest,114162.79,Year,N,Denied
EZYV9762,Asia,Bachelor's,Y,N,4655,2013,Northeast,85403.46,Year,Y,Certified
EZYV10942,Europe,Master's,Y,N,1552,1998,West,77243.1,Year,Y,Certified
EZYV8679,Asia,Bachelor's,Y,N,688,1850,West,68822.95,Year,Y,Certified
EZYV19277,Europe,Bachelor's,Y,N,2327,2004,West,58955.49,Year,Y,Certified
EZYV14366,Asia,Bachelor's,Y,N,3504,1884,West,79781.32,Year,Y,Denied
EZYV17183,Asia,Bachelor's,Y,N,4702,1985,West,109371.04,Year,Y,Certified
EZYV10360,Asia,Bachelor's,Y,N,1835,2002,Midwest,109258.43,Year,Y,Denied
EZYV17954,North America,Master's,Y,N,1288,2006,Midwest,46605.1,Year,Y,Certified
EZYV14089,Europe,High School,N,N,3026,1838,Northeast,38627.67,Year,Y,Denied
EZYV11361,Asia,Master's,N,N,2771,1961,Northeast,128983.47,Year,N,Certified
EZYV15691,Asia,Master's,N,N,4774,1821,South,78880.41,Year,N,Certified
EZYV14582,North America,High School,Y,N,1379,1999,West,170568.94,Year,Y,Denied
EZYV17619,Asia,Bachelor's,Y,N,2232,1998,West,46875.14,Year,Y,Certified
EZYV21509,Asia,Master's,Y,Y,46735,1997,Midwest,36326.32,Year,Y,Certified
EZYV7809,Asia,High School,N,N,67,2006,Midwest,56921.3,Year,Y,Denied
EZYV23560,North America,Master's,Y,N,2969,1968,Northeast,40245.67,Year,Y,Certified
EZYV2149,Asia,Bachelor's,N,N,4494,2007,South,105190.0,Year,Y,Certified
EZYV15448,Europe,Master's,N,N,893,1998,Midwest,158755.06,Year,Y,Certified
EZYV18867,South America,Master's,Y,Y,937,1997,Northeast,164171.12,Year,Y,Certified
EZYV15046,Asia,Bachelor's,Y,N,1523,2005,Midwest,212779.75,Year,Y,Certified
EZYV24474,Asia,Bachelor's,N,N,1892,1988,Northeast,242247.08,Year,Y,Denied
EZYV22252,Asia,Bachelor's,Y,N,1721,1996,Northeast,4092.89,Year,Y,Certified
EZYV14625,North America,Doctorate,Y,N,24084,1995,Northeast,58092.99,Year,Y,Certified
EZYV4931,North America,Master's,N,N,1409,2016,South,146921.84,Year,Y,Certified
EZYV6258,Asia,Bachelor's,N,Y,3462,1999,West,110110.28,Year,Y,Certified
EZYV23108,Asia,Doctorate,Y,N,27264,1989,South,85824.55,Year,Y,Certified
EZYV6600,Asia,Master's,Y,N,2385,1982,Northeast,201238.34,Year,Y,Certified
EZYV12403,Asia,Master's,N,N,2644,2001,Northeast,23957.53,Year,Y,Certified
EZYV21182,Asia,Master's,N,Y,1119,1986,South,64912.19,Year,Y,Certified
EZYV21373,Europe,Bachelor's,N,N,1041,1930,Northeast,50960.5,Year,Y,Certified
EZYV21236,Asia,Bachelor's,N,N,5588,1998,South,66435.87,Year,N,Certified
EZYV7149,North America,Master's,Y,N,2151,2012,Northeast,102680.8,Year,Y,Certified
EZYV19629,Asia,Master's,Y,N,3187,2011,South,139754.12,Year,Y,Certified
EZYV13650,Asia,Doctorate,N,Y,19885,1990,West,83787.64,Year,Y,Certified
EZYV25318,Europe,Bachelor's,Y,N,1152,2013,South,49941.93,Year,Y,Denied
EZYV22646,Asia,High School,Y,N,1768,2001,South,398.8298,Hour,Y,Denied
EZYV3033,Asia,Master's,N,N,2148,2015,Midwest,544.0921,Hour,Y,Denied
EZYV5197,Asia,Master's,Y,N,3357,1992,Northeast,105187.89,Year,N,Certified
EZYV15649,Asia,Master's,N,N,1422,2000,Midwest,95827.95,Year,Y,Certified
EZYV21756,Asia,Master's,Y,N,1499,1874,West,79028.55,Year,Y,Denied
EZYV15642,Asia,Bachelor's,Y,N,2729,2000,Northeast,93385.56,Year,Y,Denied
EZYV21232,Europe,Doctorate,Y,N,1758,1978,Northeast,31651.06,Year,Y,Denied
EZYV23614,Asia,Bachelor's,Y,N,19608,1939,South,92216.19,Year,Y,Denied
EZYV11703,Europe,Master's,N,N,2147,1993,West,64520.7,Year,Y,Certified
EZYV11569,South America,Master's,Y,N,881,1977,West,98341.47,Year,Y,Denied
EZYV16918,North America,Master's,Y,N,4347,2006,West,55989.7,Year,Y,Denied
EZYV20191,Asia,Master's,Y,N,2746,1977,Midwest,49818.71,Year,Y,Certified
EZYV7304,Europe,Doctorate,Y,N,2020,1994,West,23734.75,Year,Y,Certified
EZYV5135,North America,High School,Y,N,5715,1872,Northeast,47932.38,Year,Y,Certified
EZYV6820,Asia,Bachelor's,Y,N,2277,1956,South,61816.85,Year,Y,Certified
EZYV24706,North America,High School,N,N,631,2005,South,60349.64,Year,Y,Denied
EZYV11008,Asia,Bachelor's,Y,N,5225,1945,Midwest,63628.06,Year,Y,Certified
EZYV20287,Asia,Master's,N,N,1800,2007,South,71439.6,Year,N,Certified
EZYV9896,Asia,Bachelor's,N,N,2660,1982,Midwest,207377.51,Year,Y,Certified
EZYV4904,Asia,Master's,Y,N,5784,2010,Northeast,63008.79,Year,N,Certified
EZYV12195,South America,Master's,Y,N,3504,1989,South,75063.57,Year,Y,Certified
EZYV4306,Asia,High School,Y,N,1096,1991,West,49980.64,Year,Y,Denied
EZYV14064,Asia,Bachelor's,N,Y,3508,2011,South,41737.57,Year,Y,Denied
EZYV25469,Asia,Bachelor's,N,N,373,2005,Midwest,272715.74,Year,N,Certified
EZYV22702,Europe,Bachelor's,N,N,3219,1977,Northeast,226.1194,Hour,Y,Denied
EZYV24880,Asia,Master's,N,N,2766,2004,Northeast,164035.34,Year,Y,Certified
EZYV20351,Asia,Bachelor's,Y,N,117,1990,Northeast,205126.88,Year,Y,Certified
EZYV7477,Asia,Master's,Y,N,4033,2010,South,126622.47,Year,Y,Certified
EZYV10857,Asia,Master's,N,N,2604,2013,Midwest,84049.1,Year,N,Certified
EZYV38,Europe,Master's,Y,Y,44,1965,South,110817.26,Year,Y,Certified
EZYV3842,Europe,Bachelor's,Y,Y,3866,2010,West,45449.09,Year,Y,Certified
EZYV17269,Asia,Bachelor's,Y,Y,3878,1911,West,100877.29,Year,Y,Certified
EZYV22554,Africa,Master's,N,Y,4245,1968,Northeast,148730.84,Year,Y,Certified
EZYV6442,Asia,Master's,Y,N,1317,2007,Midwest,48440.56,Year,Y,Certified
EZYV20112,Asia,Bachelor's,Y,N,1959,2008,Northeast,50418.81,Year,Y,Certified
EZYV3829,Asia,Bachelor's,N,N,1671,1963,South,65820.55,Year,Y,Denied
EZYV6304,Asia,High School,N,N,4064,2014,Midwest,203266.74,Year,Y,Denied
EZYV23217,North America,Master's,Y,N,4611,1982,South,65171.27,Year,Y,Certified
EZYV20341,Europe,Doctorate,N,N,3316,1947,South,37283.08,Year,Y,Denied
EZYV10800,Europe,Master's,Y,N,220,1984,Northeast,105082.98,Year,Y,Certified
EZYV16196,Asia,Bachelor's,Y,N,4547,1978,West,90670.38,Year,Y,Denied
EZYV12167,North America,Doctorate,N,N,2091,2013,Northeast,82547.42,Year,Y,Certified
EZYV4434,Europe,Doctorate,Y,N,1959,2007,Northeast,15592.02,Year,Y,Certified
EZYV1306,North America,Doctorate,Y,N,6397,1976,Northeast,57334.17,Year,Y,Certified
EZYV8740,Asia,Doctorate,Y,Y,76,2007,West,58854.57,Year,Y,Certified
EZYV1172,Asia,Bachelor's,N,Y,3013,2005,South,136743.29,Year,Y,Certified
EZYV604,Asia,High School,Y,N,3144,2012,Northeast,14034.51,Year,Y,Denied
EZYV24017,Asia,Bachelor's,N,N,3225,1998,West,166.67,Hour,Y,Denied
EZYV23138,Asia,Bachelor's,Y,N,2442,2004,South,83637.2,Year,Y,Certified
EZYV10680,Asia,Bachelor's,Y,N,2933,2001,West,114916.3,Year,Y,Denied
EZYV12122,Europe,Master's,Y,N,284,2006,Northeast,67984.22,Year,Y,Certified
EZYV16848,Asia,High School,N,N,121,1999,Midwest,106921.18,Year,Y,Certified
EZYV2316,North America,High School,Y,Y,120,2012,Northeast,45079.13,Year,Y,Certified
EZYV15746,Asia,Master's,N,N,3131,1998,Midwest,173234.63,Year,Y,Certified
EZYV2444,Asia,Master's,N,N,3130,1994,Midwest,2100.58,Year,Y,Certified
EZYV2133,Asia,Bachelor's,Y,Y,1388,1986,South,40394.78,Year,Y,Certified
EZYV1309,Asia,Bachelor's,Y,N,2041,2004,Midwest,226090.72,Year,Y,Certified
EZYV23036,North America,Doctorate,Y,N,237,2008,Northeast,110149.19,Year,Y,Certified
EZYV10880,Asia,Master's,Y,N,195,1993,South,106743.79,Year,Y,Certified
EZYV5821,Asia,High School,N,N,2501,1960,Midwest,108288.59,Year,Y,Denied
EZYV19808,Asia,Master's,Y,N,1472,1986,South,161750.11,Year,N,Certified
EZYV20360,North America,High School,Y,N,1522,1994,South,1648.07,Year,Y,Certified
EZYV25475,Africa,Doctorate,N,N,2594,1979,Northeast,51104.78,Year,Y,Certified
EZYV16104,Europe,Master's,Y,N,527,2000,West,40150.6,Year,Y,Certified
EZYV18109,Europe,Doctorate,Y,N,3146,2007,Midwest,80500.16,Year,Y,Certified
EZYV21848,Europe,Master's,Y,N,1902,1975,West,5577.94,Year,Y,Certified
EZYV9210,Asia,Bachelor's,N,N,1164,2005,Midwest,26690.05,Year,Y,Certified
EZYV631,Asia,Master's,Y,Y,8780,1846,South,81640.69,Year,Y,Certified
EZYV10686,Europe,Master's,Y,Y,1338,2004,Northeast,92227.16,Year,Y,Certified
EZYV4717,North America,Bachelor's,N,N,4659,2005,West,78661.63,Year,N,Denied
EZYV4402,Asia,Master's,N,N,1040,1986,Midwest,127982.72,Year,N,Denied
EZYV19508,Africa,Master's,Y,N,108435,2004,Northeast,84296.13,Year,N,Certified
EZYV22649,Europe,Doctorate,N,N,1645,1970,West,73370.72,Year,Y,Certified
EZYV9144,Asia,Bachelor's,N,N,1887,1984,West,100463.47,Year,Y,Denied
EZYV11362,Asia,Bachelor's,Y,N,739,1810,Midwest,204806.0,Year,Y,Certified
EZYV23344,Asia,Master's,Y,N,3109,1980,Midwest,62461.41,Year,Y,Certified
EZYV6682,Europe,Doctorate,Y,N,2094,1996,Midwest,40865.66,Year,Y,Certified
EZYV7745,Asia,Master's,Y,N,4961,2000,South,58597.26,Year,Y,Certified
EZYV9253,Europe,Bachelor's,Y,N,2887,2002,West,2952.08,Year,Y,Certified
EZYV5854,Asia,Bachelor's,N,N,1109,2003,South,154764.83,Year,Y,Certified
EZYV8262,Asia,High School,Y,N,6044,1999,Northeast,110976.71,Year,Y,Denied
EZYV20512,Asia,Bachelor's,Y,N,2157,2005,Northeast,43680.22,Year,Y,Denied
EZYV14477,Asia,Master's,N,N,1388,2004,Midwest,84475.36,Year,Y,Certified
EZYV8482,Asia,Master's,Y,N,3068,2005,South,61230.67,Year,Y,Certified
EZYV5070,North America,Master's,N,N,878,2007,Midwest,74183.96,Year,Y,Certified
EZYV23571,Europe,Doctorate,N,N,1462,2001,Northeast,151.3908,Hour,Y,Certified
EZYV6476,North America,Master's,Y,Y,1602,1940,Northeast,817.62,Year,Y,Certified
EZYV7450,Asia,Bachelor's,Y,N,1708,1919,South,20844.04,Year,Y,Certified
EZYV21007,Asia,Bachelor's,Y,N,3821,2003,Northeast,720.4899,Hour,Y,Denied
EZYV9529,Asia,Bachelor's,Y,N,3232,2007,South,80601.28,Year,N,Certified
EZYV24042,Asia,High School,Y,N,3678,2009,South,61069.2,Year,Y,Certified
EZYV14966,Asia,High School,Y,N,1863,1898,Midwest,68198.34,Year,Y,Denied
EZYV5677,Asia,High School,Y,N,688,2007,South,34142.98,Year,Y,Denied
EZYV22310,Asia,Master's,Y,N,2368,1993,Midwest,135896.83,Year,Y,Certified
EZYV8595,Asia,Bachelor's,N,N,173,2004,Midwest,224366.03,Year,Y,Certified
EZYV20367,Asia,Master's,Y,N,25904,1958,South,114836.37,Year,Y,Certified
EZYV674,Asia,Master's,N,N,1318,1989,Northeast,59665.28,Year,Y,Denied
EZYV4459,Asia,Bachelor's,Y,N,1181,2002,West,28631.58,Year,Y,Denied
EZYV17991,Asia,Bachelor's,Y,N,525,1999,Midwest,115219.03,Year,Y,Denied
EZYV1265,Africa,Master's,Y,N,1914,1999,South,70490.25,Year,Y,Certified
EZYV10863,Asia,Bachelor's,Y,N,1456,1978,West,44180.77,Year,Y,Denied
EZYV5702,Europe,Master's,N,N,2703,2006,Midwest,87947.06,Year,Y,Certified
EZYV25452,North America,High School,Y,N,97,2013,Northeast,111518.59,Year,N,Denied
EZYV22328,Asia,Master's,Y,N,2461,1831,Midwest,239600.76,Year,Y,Certified
EZYV15031,Asia,Master's,Y,N,2643,2009,Midwest,143335.37,Year,N,Certified
EZYV16598,Asia,Master's,Y,N,415,2000,South,64412.13,Year,Y,Certified
EZYV22512,Oceania,Master's,Y,N,1927,1968,Midwest,24831.89,Week,Y,Certified
EZYV19972,Asia,Bachelor's,N,N,3324,1998,West,9604.32,Year,Y,Certified
EZYV7694,Asia,Bachelor's,N,Y,1857,1998,South,66891.27,Year,Y,Certified
EZYV6709,North America,Master's,Y,N,4687,1997,Northeast,88765.44,Year,Y,Certified
EZYV10771,North America,Master's,N,N,2008,2011,Northeast,41882.14,Year,Y,Certified
EZYV4281,Asia,Master's,N,Y,2423,1928,South,45565.67,Year,Y,Denied
EZYV22134,Asia,Master's,Y,N,105,1997,South,65384.35,Year,Y,Certified
EZYV5681,Europe,Master's,Y,N,2094,2010,Northeast,117448.63,Year,Y,Certified
EZYV14479,Asia,High School,Y,N,1044,1983,Midwest,104917.45,Year,Y,Denied
EZYV2716,Asia,Bachelor's,Y,N,4884,2012,West,88961.17,Year,Y,Certified
EZYV16134,North America,Bachelor's,Y,N,153,1983,South,722.2923,Hour,Y,Certified
EZYV14881,Asia,Master's,N,N,2916,1963,West,20929.57,Year,Y,Certified
EZYV15265,South America,Master's,N,N,6951,1873,Midwest,122257.96,Year,Y,Certified
EZYV940,Asia,Master's,Y,N,1874,1921,West,41178.56,Year,Y,Certified
EZYV3702,North America,Bachelor's,N,Y,1197,2001,Midwest,49385.62,Year,Y,Denied
EZYV23613,Europe,Doctorate,Y,N,1457,2006,Northeast,46461.7,Year,Y,Certified
EZYV19825,Asia,Master's,Y,N,3029,1983,Midwest,125496.73,Year,Y,Certified
EZYV5926,Asia,Master's,N,N,1122,2004,West,81307.97,Year,Y,Certified
EZYV16686,South America,Master's,N,N,4835,2001,West,62936.33,Year,Y,Denied
EZYV4707,North America,Master's,Y,N,1198,1981,Northeast,11816.98,Year,Y,Certified
EZYV10461,Africa,Master's,N,N,2008,2007,Northeast,46851.15,Year,Y,Denied
EZYV15719,Asia,Master's,Y,N,265,2010,Midwest,55566.15,Year,Y,Certified
EZYV11756,Asia,High School,Y,Y,1768,1998,South,130171.7,Year,Y,Denied
EZYV12305,Europe,Bachelor's,N,N,4735,1991,West,85554.99,Year,Y,Certified
EZYV7306,Asia,High School,N,N,2176,1989,South,64776.23,Year,Y,Denied
EZYV12447,Europe,Master's,Y,N,2604,1997,South,6463.36,Year,Y,Certified
EZYV9887,Asia,Bachelor's,Y,N,2346,2010,Midwest,148759.43,Year,Y,Certified
EZYV733,Asia,Bachelor's,N,N,2377,1989,South,225.6413,Hour,Y,Certified
EZYV7483,Asia,Master's,N,Y,3304,1925,Northeast,32300.19,Year,Y,Certified
EZYV24909,Asia,Master's,Y,N,3976,2002,South,66740.65,Year,Y,Certified
EZYV17403,Asia,Master's,N,Y,2323,2001,West,130876.09,Year,Y,Denied
EZYV14877,Europe,High School,Y,N,2837,1892,Northeast,6816.23,Year,Y,Denied
EZYV3741,Asia,Master's,Y,N,4668,2001,West,84889.85,Year,Y,Certified
EZYV20146,Asia,Bachelor's,Y,N,5476,1968,Northeast,10904.53,Year,Y,Certified
EZYV23189,Europe,High School,Y,N,2505,1914,South,115.19,Hour,Y,Certified
EZYV15936,Asia,Bachelor's,Y,N,1658,2007,West,110699.34,Year,Y,Certified
EZYV22656,Asia,Bachelor's,N,N,1975,1992,Midwest,132115.38,Year,Y,Denied
EZYV22921,Asia,Bachelor's,Y,N,3268,2007,Midwest,82953.96,Year,Y,Certified
EZYV18562,Asia,High School,N,N,1902,1997,Midwest,94585.14,Year,Y,Certified
EZYV4090,North America,High School,Y,N,869,1993,West,115.55,Hour,Y,Certified
EZYV19222,Africa,Master's,N,N,6084,1996,Midwest,91868.48,Year,Y,Certified
EZYV12764,Asia,Bachelor's,N,N,796,2006,West,104669.52,Year,Y,Denied
EZYV9630,Asia,Master's,N,N,2065,1997,Northeast,15752.27,Year,Y,Certified
EZYV24821,Asia,Bachelor's,Y,N,3140,2000,West,77985.55,Year,Y,Certified
EZYV5578,Asia,Master's,Y,N,187,1885,Northeast,71501.88,Year,Y,Certified
EZYV559,Asia,Master's,N,N,4990,1976,Northeast,117998.47,Year,N,Denied
EZYV14370,Asia,Master's,N,N,1318,2001,Midwest,71754.9,Year,Y,Certified
EZYV14596,Asia,Bachelor's,Y,N,4626,2003,South,572.1959,Hour,Y,Denied
EZYV9758,North America,Bachelor's,Y,N,2925,1975,West,44364.98,Year,N,Certified
EZYV13747,Asia,Master's,Y,N,46,2007,South,47971.34,Year,Y,Certified
EZYV4969,Asia,High School,Y,N,183,2004,South,76119.17,Year,Y,Denied
EZYV4278,Europe,High School,N,Y,5752,1999,South,82305.59,Year,Y,Denied
EZYV20179,Asia,Bachelor's,N,Y,4789,1981,South,78986.4,Year,Y,Certified
EZYV14365,Asia,Master's,Y,N,2190,1839,West,56618.56,Year,Y,Certified
EZYV359,Asia,High School,N,N,1983,2010,West,30668.32,Year,Y,Denied
EZYV15680,Asia,Master's,Y,N,3480,1995,West,476.6519,Hour,Y,Certified
EZYV24812,Asia,High School,Y,N,638,2015,Midwest,47281.06,Year,Y,Certified
EZYV23419,Asia,Bachelor's,Y,Y,798,2007,South,56761.03,Year,Y,Certified
EZYV22397,Asia,Bachelor's,N,N,2507,1998,Northeast,127822.96,Year,Y,Certified
EZYV13218,Asia,Master's,Y,N,2314,1999,West,37860.98,Year,Y,Certified
EZYV25040,Asia,Bachelor's,N,N,1777,1969,Northeast,180920.71,Year,Y,Certified
EZYV17475,Asia,Bachelor's,Y,N,764,1908,Midwest,46064.58,Year,Y,Certified
EZYV1997,Asia,Bachelor's,N,N,1779,1989,Northeast,82498.26,Year,N,Denied
EZYV21588,Europe,Bachelor's,N,N,1879,1953,Midwest,127997.92,Year,Y,Certified
EZYV23833,Asia,High School,Y,N,3122,2000,South,182.37,Hour,Y,Denied
EZYV12257,Asia,High School,N,N,5206,1998,South,44177.08,Year,Y,Denied
EZYV13402,Asia,Master's,N,N,2818,1970,South,364.3584,Hour,Y,Denied
EZYV16071,Asia,Bachelor's,Y,N,3957,1949,Northeast,138155.24,Year,Y,Certified
EZYV2483,Europe,Doctorate,Y,N,198,1947,Northeast,88531.72,Year,Y,Certified
EZYV21363,Asia,Bachelor's,Y,N,674,1987,South,94358.01,Year,Y,Denied
EZYV17284,Asia,Master's,N,N,2587,1928,Northeast,66979.75,Year,Y,Denied
EZYV17068,Asia,Bachelor's,Y,N,355,1838,West,157009.87,Month,Y,Certified
EZYV7322,Asia,Master's,N,Y,326338,1875,South,28113.94,Year,Y,Certified
EZYV4274,Asia,Master's,Y,N,102,2011,South,87297.35,Year,Y,Certified
EZYV2553,Africa,Doctorate,N,N,3449,2009,Northeast,130701.58,Year,N,Denied
EZYV15761,Asia,Master's,N,N,1387,1981,Northeast,106403.95,Year,Y,Denied
EZYV18797,Asia,High School,Y,N,1614,1873,Midwest,95839.99,Year,Y,Denied
EZYV6774,Asia,Bachelor's,N,N,194,2009,West,86628.06,Year,Y,Certified
EZYV10067,Europe,Bachelor's,Y,N,1333,2000,South,117503.91,Year,Y,Certified
EZYV3395,Asia,Bachelor's,N,N,1938,2008,South,14516.74,Year,Y,Denied
EZYV16236,Asia,Master's,Y,N,1104,2008,South,143798.9,Year,Y,Certified
EZYV16738,Asia,Master's,N,N,2007,1987,Northeast,77714.45,Year,N,Certified
EZYV21532,Europe,Bachelor's,N,Y,1724,1992,West,110824.54,Year,Y,Certified
EZYV11034,Europe,Master's,Y,Y,1733,2013,West,7343.65,Year,Y,Certified
EZYV19408,Asia,Master's,Y,N,146,2008,South,49698.84,Year,Y,Certified
EZYV21687,Asia,Master's,Y,N,2328,2006,Midwest,98707.5,Year,Y,Certified
EZYV14644,Asia,Doctorate,Y,N,1090,1982,South,42143.81,Year,Y,Certified
EZYV10420,North America,Master's,Y,N,2384,1953,South,2289.59,Year,Y,Certified
EZYV6040,Asia,Master's,Y,N,1976,2001,South,101497.72,Year,Y,Certified
EZYV10653,Asia,Bachelor's,Y,N,2736,1996,Northeast,96361.16,Year,Y,Denied
EZYV20564,North America,Bachelor's,Y,N,2433,2001,Northeast,15776.79,Year,Y,Certified
EZYV22772,Asia,Bachelor's,N,N,2379,1999,South,133291.57,Year,Y,Denied
EZYV443,Asia,Master's,N,N,956,1960,West,118922.84,Year,Y,Denied
EZYV2929,Asia,Bachelor's,Y,Y,3236,1919,West,93149.96,Year,Y,Certified
EZYV12108,Asia,High School,N,N,1178,2004,Midwest,104029.6,Year,Y,Denied
EZYV9066,Asia,High School,Y,N,4349,2004,Northeast,107987.27,Year,Y,Denied
EZYV4516,Asia,Master's,N,N,1294,1999,South,73274.64,Year,Y,Denied
EZYV17683,North America,Master's,Y,N,89179,1971,Northeast,62666.11,Year,Y,Certified
EZYV19477,Europe,Master's,Y,N,1104,2000,South,56797.94,Year,Y,Certified
EZYV6670,Asia,Bachelor's,N,Y,4994,1998,Midwest,57923.73,Year,Y,Certified
EZYV17917,North America,Master's,Y,N,4400,2001,South,52233.72,Year,Y,Certified
EZYV19021,Asia,Doctorate,Y,N,5422,2006,Northeast,34965.62,Year,Y,Certified
EZYV11250,North America,Master's,N,N,3018,1950,Midwest,589.9443,Hour,Y,Denied
EZYV24027,Asia,High School,Y,N,1584,1987,Northeast,71652.43,Year,Y,Denied
EZYV23199,Asia,Bachelor's,N,Y,9888,1999,West,155493.42,Year,Y,Denied
EZYV3221,Asia,Master's,N,N,3403,2004,Northeast,9277.64,Year,N,Denied
EZYV20565,Asia,Master's,N,N,2477,2007,Midwest,105892.04,Year,Y,Certified
EZYV8668,Asia,Bachelor's,Y,N,1571,1977,Midwest,4646.41,Year,Y,Certified
EZYV9665,Asia,Master's,Y,N,786,1929,Northeast,81412.15,Year,N,Certified
EZYV24906,Asia,Master's,Y,N,5150,2002,South,47797.58,Year,N,Denied
EZYV9195,Asia,Bachelor's,Y,Y,1688,1971,South,80772.41,Year,Y,Certified
EZYV10649,Asia,Master's,N,N,3592,2003,Northeast,216.4821,Hour,Y,Denied
EZYV5772,Asia,Doctorate,Y,Y,2911,2005,Northeast,139260.8,Year,Y,Certified
EZYV15402,Asia,Master's,Y,N,1271,1962,Northeast,132533.24,Year,Y,Certified
EZYV19473,Europe,Master's,N,N,2453,1994,Northeast,81316.53,Year,Y,Certified
EZYV3282,Asia,Master's,Y,N,553,2008,Northeast,7948.62,Year,Y,Certified
EZYV19924,North America,Master's,Y,Y,2477,1819,Northeast,108534.01,Year,Y,Certified
EZYV2396,Europe,Bachelor's,Y,N,3034,1995,West,59243.9,Year,Y,Certified
EZYV5551,Asia,Master's,N,N,546,1993,South,104901.79,Year,Y,Certified
EZYV9324,Asia,Master's,N,N,5185,1997,Midwest,118319.57,Year,Y,Certified
EZYV5272,North America,Bachelor's,Y,N,173,2001,Northeast,1208.7,Year,N,Certified
EZYV8719,Asia,Master's,Y,N,1316,2005,Midwest,53807.61,Year,Y,Certified
EZYV10191,Asia,Bachelor's,Y,N,5088,2008,South,43892.41,Year,Y,Certified
EZYV11956,Asia,Master's,Y,N,2077,2004,Midwest,127169.72,Year,Y,Certified
EZYV19585,Asia,Bachelor's,Y,N,1727,1991,South,82645.89,Year,Y,Certified
EZYV25021,Asia,Master's,Y,N,2178,1998,Northeast,497.0797,Hour,Y,Certified
EZYV19943,Asia,Master's,Y,Y,4033,2007,West,131559.15,Year,Y,Denied
EZYV5514,Asia,Master's,Y,N,1871,2007,Northeast,107647.02,Year,N,Certified
EZYV17979,Europe,Master's,Y,N,482,2009,West,59142.58,Year,Y,Certified
EZYV3633,Africa,Doctorate,N,Y,3226,2001,Northeast,94574.44,Year,Y,Denied
EZYV1046,Europe,Doctorate,Y,N,48289,1998,West,38517.04,Year,Y,Certified
EZYV14257,Asia,Bachelor's,N,N,1805,1996,Northeast,61960.62,Year,Y,Certified
EZYV5989,Asia,Bachelor's,Y,N,2275,1984,West,123737.54,Year,Y,Denied
EZYV20275,Asia,Bachelor's,Y,N,2369,1984,Northeast,186.7734,Hour,Y,Denied
EZYV18451,Asia,Bachelor's,Y,Y,2453,1998,South,72900.62,Year,Y,Certified
EZYV1580,Europe,Doctorate,Y,Y,2504,2000,South,205508.95,Year,Y,Certified
EZYV6037,Europe,Doctorate,Y,N,3633,1978,Northeast,86920.45,Year,Y,Certified
EZYV12656,Asia,Bachelor's,N,N,2873,1998,West,408.9777,Hour,Y,Denied
EZYV3406,Asia,Master's,Y,N,2111,2008,Midwest,121629.6,Month,N,Certified
EZYV22799,Europe,Bachelor's,Y,Y,3083,2005,West,47468.14,Year,Y,Denied
EZYV1434,Europe,Bachelor's,Y,N,1342,2013,South,56975.77,Year,Y,Certified
EZYV21525,Asia,Bachelor's,N,N,2776,1875,West,35560.68,Year,Y,Certified
EZYV3712,Asia,Bachelor's,N,N,1853,1981,Midwest,70334.36,Year,Y,Denied
EZYV12968,Asia,High School,Y,N,54,1929,Midwest,78549.95,Year,Y,Denied
EZYV23259,Asia,Bachelor's,N,N,662,2012,Northeast,3224.01,Year,Y,Certified
EZYV12266,Asia,Master's,N,N,1952,1987,West,132550.69,Year,Y,Certified
EZYV5333,South America,Bachelor's,N,N,3837,1997,West,85230.28,Year,Y,Denied
EZYV20944,Asia,Master's,Y,N,780,1998,South,54233.53,Year,Y,Certified
EZYV21804,North America,Doctorate,N,N,5119,1989,South,118535.57,Year,Y,Certified
EZYV7136,Asia,Doctorate,N,N,4478,2005,Midwest,102284.9,Year,Y,Certified
EZYV19175,Asia,Bachelor's,N,N,4505,2013,Midwest,85822.38,Year,Y,Certified
EZYV6714,Asia,Doctorate,N,Y,712,2003,South,123756.6,Year,Y,Certified
EZYV5477,Asia,Bachelor's,Y,N,1987,2009,Northeast,69768.35,Year,Y,Certified
EZYV910,Asia,Doctorate,Y,Y,1961,1998,West,91772.54,Year,Y,Certified
EZYV9239,Asia,Doctorate,N,Y,1131,1997,West,3556.83,Year,Y,Certified
EZYV20548,Asia,High School,N,N,152,1916,Northeast,79396.67,Year,N,Denied
EZYV15193,Asia,Bachelor's,Y,N,2359,1989,South,47843.13,Year,Y,Certified
EZYV1000,Europe,Doctorate,N,Y,115,1965,South,48947.85,Year,Y,Certified
EZYV6195,Asia,Master's,N,N,4930,1852,South,123157.63,Year,Y,Certified
EZYV18567,Asia,High School,N,N,1826,1979,Northeast,99220.86,Year,Y,Certified
EZYV11270,Asia,Doctorate,N,N,3433,1982,Northeast,105802.25,Year,Y,Certified
EZYV23631,Asia,Bachelor's,N,N,1740,2001,Midwest,37791.19,Year,Y,Denied
EZYV10096,Asia,Bachelor's,Y,N,746,1998,West,16692.18,Year,Y,Certified
EZYV13800,Asia,Master's,Y,N,1134,2006,Midwest,27782.45,Year,Y,Certified
EZYV11764,Asia,Master's,Y,N,1457,1968,Midwest,124298.43,Year,Y,Certified
EZYV22458,Asia,Bachelor's,Y,N,3195,1926,West,128833.78,Year,Y,Denied
EZYV13621,Asia,Master's,N,Y,92482,1988,South,107829.23,Year,Y,Denied
EZYV18920,Europe,Doctorate,Y,N,718,1911,South,20698.19,Year,Y,Certified
EZYV16978,Asia,Doctorate,N,Y,8511,1986,Northeast,165248.14,Year,Y,Certified
EZYV60,Asia,Doctorate,N,N,2624,2012,Midwest,4949.28,Year,Y,Certified
EZYV17104,Europe,Doctorate,Y,Y,955,1993,South,74323.45,Year,Y,Certified
EZYV18275,Europe,Bachelor's,Y,N,3088,1963,South,63078.94,Year,Y,Certified
EZYV9354,Asia,Master's,Y,Y,3438,1999,West,79806.47,Year,Y,Certified
EZYV9083,Asia,Bachelor's,Y,N,1192,1999,South,75887.83,Year,Y,Denied
EZYV5233,South America,Bachelor's,Y,N,4899,2013,South,15815.33,Year,Y,Denied
EZYV413,Asia,Bachelor's,Y,Y,2105,2000,West,26459.67,Year,Y,Certified
EZYV627,Europe,Bachelor's,N,N,2626,1972,South,144090.19,Year,Y,Certified
EZYV23229,Asia,Doctorate,Y,N,4844,2007,Midwest,175010.35,Year,Y,Certified
EZYV4110,Asia,Bachelor's,Y,N,3233,2007,West,33037.83,Year,Y,Denied
EZYV17444,Asia,Master's,N,N,3750,1908,Midwest,236184.68,Year,N,Certified
EZYV7058,North America,Master's,Y,N,2813,1983,Northeast,58657.36,Year,Y,Certified
EZYV13301,Africa,Master's,Y,N,279,1989,Northeast,94027.93,Year,Y,Certified
EZYV24788,Asia,Bachelor's,N,Y,2230,1996,Northeast,45834.45,Year,N,Denied
EZYV2328,Asia,High School,Y,N,2115,1873,South,54688.5,Year,Y,Certified
EZYV1596,Asia,Bachelor's,Y,N,5319,1838,Northeast,137449.34,Year,N,Certified
EZYV1173,Asia,Master's,N,Y,1063,1997,Midwest,217752.38,Year,Y,Certified
EZYV14454,Asia,Master's,Y,N,1594,2013,West,77463.41,Year,N,Certified
EZYV652,Asia,Bachelor's,Y,Y,2016,1838,West,125014.69,Year,Y,Certified
EZYV17516,Europe,Master's,N,N,57288,1981,West,33910.58,Year,Y,Certified
EZYV3825,Europe,Bachelor's,N,N,615,1968,South,6068.99,Year,Y,Certified
EZYV4216,Asia,High School,Y,Y,3821,1926,South,49278.66,Year,Y,Denied
EZYV1535,Asia,Bachelor's,Y,N,1753,1995,West,74102.39,Year,N,Certified
EZYV8224,Asia,Master's,N,N,4226,2014,Northeast,984.2796,Hour,Y,Certified
EZYV10033,Asia,Master's,Y,N,348,2015,Northeast,201066.88,Year,Y,Certified
EZYV7756,Asia,Bachelor's,Y,N,995,2004,Midwest,204727.63,Year,Y,Certified
EZYV22386,Asia,Doctorate,Y,N,301,1993,Northeast,108906.09,Year,Y,Certified
EZYV845,Asia,High School,Y,N,90533,1945,Northeast,103232.1,Year,Y,Denied
EZYV11042,Europe,Master's,Y,Y,581,1873,Northeast,128559.73,Year,Y,Certified
EZYV2869,Asia,Master's,N,N,1139,1913,West,120885.49,Year,Y,Denied
EZYV9882,Asia,Bachelor's,N,Y,1847,2003,Northeast,58049.13,Year,Y,Certified
EZYV18672,Asia,Master's,Y,N,212,1911,Midwest,112296.49,Year,Y,Certified
EZYV1685,Europe,Doctorate,N,N,45,1994,Northeast,30076.97,Year,Y,Certified
EZYV4152,Asia,Master's,N,N,4847,1979,South,35298.6,Year,Y,Denied
EZYV12453,Asia,Bachelor's,Y,N,817,2006,South,33822.48,Year,Y,Certified
EZYV6198,Asia,Master's,N,N,365,1988,Northeast,21385.24,Year,Y,Certified
EZYV530,North America,High School,N,N,124,2009,West,252.43,Hour,N,Denied
EZYV19929,Asia,Doctorate,Y,Y,1445,1982,South,65688.61,Year,Y,Certified
EZYV1626,Asia,Doctorate,N,N,4242,1996,West,22779.57,Year,Y,Denied
EZYV6800,Asia,Bachelor's,Y,N,926,1878,South,6948.67,Year,Y,Certified
EZYV24606,Asia,Bachelor's,N,N,4050,1989,West,75869.59,Year,Y,Certified
EZYV6884,Asia,Bachelor's,N,N,4839,1986,West,56347.56,Year,Y,Denied
EZYV21294,Asia,Master's,N,N,2797,2007,West,105099.3,Year,N,Denied
EZYV25177,Asia,Doctorate,Y,N,1844,2013,Midwest,122159.88,Year,Y,Certified
EZYV1585,Asia,Bachelor's,Y,N,1527,1854,West,99761.72,Year,Y,Certified
EZYV1098,Asia,Bachelor's,N,N,2875,1904,South,163069.51,Year,Y,Certified
EZYV5645,Asia,High School,Y,N,1247,1998,Northeast,114191.01,Year,Y,Denied
EZYV22303,Asia,Doctorate,Y,N,5630,1989,West,13819.35,Year,Y,Denied
EZYV13646,Asia,Master's,N,N,2009,1975,Northeast,61197.55,Year,Y,Denied
EZYV8145,Asia,Bachelor's,Y,N,2707,1998,West,261729.62,Year,Y,Certified
EZYV10364,Europe,Bachelor's,Y,Y,241,2001,South,65831.79,Year,Y,Certified
EZYV23094,Asia,Bachelor's,N,N,4147,1980,Northeast,93326.89,Year,Y,Denied
EZYV8287,Europe,Doctorate,N,N,105,1987,Northeast,56164.53,Year,Y,Certified
EZYV20926,North America,Master's,Y,N,702,1989,South,469.6979,Hour,Y,Denied
EZYV11285,Asia,High School,Y,N,59391,1998,South,108447.77,Year,Y,Denied
EZYV11632,Asia,Bachelor's,N,N,5053,1998,West,280175.95,Week,Y,Certified
EZYV4444,North America,Master's,N,Y,942,1988,South,51763.05,Year,Y,Denied
EZYV11318,Asia,Master's,N,N,579004,1969,South,103507.01,Year,N,Certified
EZYV1705,North America,Master's,N,N,1175,2001,West,69121.5,Year,Y,Denied
EZYV12789,Europe,Doctorate,Y,N,2470,1999,Northeast,105548.99,Year,Y,Certified
EZYV4326,Asia,Bachelor's,Y,N,986,1977,Northeast,113641.63,Year,Y,Certified
EZYV20585,North America,Bachelor's,Y,N,4317,2010,Northeast,49559.33,Year,Y,Denied
EZYV6949,Asia,Bachelor's,Y,N,1498,2006,West,6942.4,Year,Y,Certified
EZYV14494,North America,Bachelor's,Y,N,195656,1984,West,11215.17,Year,Y,Certified
EZYV19135,Europe,Doctorate,Y,N,3897,2008,Northeast,45030.93,Year,Y,Certified
EZYV7249,Asia,Doctorate,N,N,4851,1980,South,986.5337,Hour,Y,Certified
EZYV8176,Asia,Master's,Y,N,3585,2008,Northeast,98998.56,Year,N,Certified
EZYV5203,Asia,Bachelor's,Y,N,2561,1968,Northeast,69193.46,Year,Y,Certified
EZYV603,South America,High School,N,Y,1003,2013,South,99013.02,Year,Y,Certified
EZYV11151,Europe,Master's,N,N,3718,1997,West,69024.54,Year,Y,Certified
EZYV14647,South America,Bachelor's,Y,Y,2134,2010,South,38552.85,Year,Y,Certified
EZYV14243,North America,Bachelor's,Y,N,515,1999,South,70378.88,Year,Y,Certified
EZYV8168,Asia,Master's,N,N,3437,1885,Midwest,94904.75,Year,Y,Certified
EZYV3484,North America,Master's,Y,N,920,1994,West,70108.04,Year,Y,Certified
EZYV18011,South America,Bachelor's,N,Y,1022,2010,South,709.1091,Hour,Y,Certified
EZYV23118,South America,Master's,Y,N,910,2006,Midwest,18296.42,Year,Y,Certified
EZYV20029,North America,Master's,N,N,463,1988,West,129727.5,Year,N,Certified
EZYV17825,Asia,Bachelor's,Y,Y,2348,1957,South,613.8004,Hour,Y,Certified
EZYV24944,North America,High School,N,N,2084,1987,Northeast,463.3973,Hour,Y,Denied
EZYV15765,Europe,Doctorate,N,Y,243,2007,Northeast,19549.16,Year,Y,Certified
EZYV15104,Asia,Bachelor's,N,N,1073,2006,Northeast,50428.01,Year,Y,Certified
EZYV18881,North America,Master's,N,Y,326,2003,South,40349.93,Year,Y,Denied
EZYV407,North America,Bachelor's,Y,N,153,1972,Midwest,206.4596,Hour,Y,Certified
EZYV22883,Asia,Master's,Y,N,1982,2012,Northeast,28761.96,Year,Y,Certified
EZYV12999,Asia,Master's,N,N,642,1998,Northeast,78408.77,Year,Y,Denied
EZYV12541,Asia,Bachelor's,Y,N,4523,2001,South,220817.57,Year,Y,Certified
EZYV16747,Asia,Bachelor's,Y,N,1125,1981,Northeast,70777.36,Year,Y,Certified
EZYV13153,Asia,Bachelor's,Y,Y,1295,2013,Northeast,147.0,Hour,Y,Denied
EZYV14850,Asia,Master's,Y,N,2377,2010,West,130396.39,Year,Y,Certified
EZYV4549,Asia,Bachelor's,N,Y,1478,2000,Northeast,19130.72,Year,Y,Denied
EZYV2965,Asia,Master's,Y,N,6682,2012,West,70337.13,Year,Y,Certified
EZYV17838,Europe,High School,Y,N,1514,1999,Northeast,106829.01,Year,Y,Certified
EZYV20342,Asia,Bachelor's,Y,N,893,2000,Northeast,113369.05,Year,Y,Certified
EZYV19779,Asia,Bachelor's,N,N,198,1948,West,75590.73,Year,Y,Certified
EZYV9705,Asia,Bachelor's,Y,N,2613,1869,West,297.5603,Hour,Y,Certified
EZYV10854,Asia,Bachelor's,N,N,8938,2010,West,80593.46,Year,Y,Denied
EZYV14283,Asia,Bachelor's,N,N,2921,2012,South,144701.56,Year,Y,Certified
EZYV10904,Europe,Doctorate,Y,Y,1252,2001,South,72865.15,Year,Y,Certified
EZYV21528,Asia,Bachelor's,Y,Y,2877,1969,South,72125.02,Year,Y,Denied
EZYV285,Asia,Bachelor's,Y,N,1932,1989,South,165.2722,Hour,Y,Certified
EZYV22258,North America,Master's,Y,N,23932,2004,South,109485.08,Year,Y,Certified
EZYV11164,Asia,High School,Y,N,1723,1968,South,28301.07,Year,Y,Denied
EZYV19368,Asia,Bachelor's,Y,N,4143,1984,West,85031.78,Year,Y,Denied
EZYV10586,Asia,Bachelor's,Y,N,2320,1998,West,96894.03,Year,Y,Denied
EZYV6499,Asia,Master's,N,Y,910,2002,West,14055.15,Year,Y,Certified
EZYV18072,Asia,Doctorate,Y,Y,88,2015,South,47916.58,Year,Y,Denied
EZYV4557,Asia,Bachelor's,Y,N,2849,1823,South,26753.3,Year,Y,Denied
EZYV23416,North America,Doctorate,Y,N,3285,2000,West,78089.1,Year,Y,Certified
EZYV7544,Asia,Bachelor's,Y,N,2090,1998,South,136671.18,Year,Y,Certified
EZYV4602,Asia,Doctorate,Y,N,2308,1973,West,31334.06,Year,Y,Certified
EZYV14944,Asia,High School,N,N,2293,2006,Midwest,59258.81,Year,Y,Denied
EZYV4624,Asia,Bachelor's,Y,N,592,1978,Midwest,49406.23,Year,Y,Certified
EZYV11614,Asia,High School,Y,N,304,2004,Northeast,110256.81,Year,Y,Denied
EZYV20951,North America,Bachelor's,Y,N,6091,1867,Northeast,75390.02,Year,Y,Certified
EZYV18470,Asia,Bachelor's,N,N,641,1986,West,81581.98,Year,Y,Certified
EZYV6997,Asia,Bachelor's,Y,N,1560,1994,West,113548.21,Year,Y,Certified
EZYV17906,Europe,Master's,Y,N,3415,2012,South,10659.75,Year,Y,Certified
EZYV3003,Asia,Master's,Y,N,727,2003,South,5927.29,Year,Y,Certified
EZYV19098,Asia,Master's,Y,N,3777,1977,Midwest,112031.54,Year,Y,Certified
EZYV713,Europe,Doctorate,Y,N,2050,1999,Northeast,24439.18,Year,Y,Certified
EZYV15916,Asia,Master's,N,N,766,2003,Northeast,203.4146,Hour,Y,Denied
EZYV20898,Asia,Doctorate,Y,N,3379,1885,West,32670.64,Year,Y,Certified
EZYV14145,Asia,Master's,Y,N,28,1978,South,80484.36,Year,Y,Certified
EZYV11249,Asia,Bachelor's,N,N,4929,1988,South,73837.3,Year,Y,Denied
EZYV14338,Asia,Master's,Y,N,3151,1992,West,505.6952,Hour,Y,Certified
EZYV8956,Asia,Master's,N,N,1315,1989,Midwest,65441.93,Year,Y,Certified
EZYV10000,Asia,Bachelor's,N,Y,531,1911,Northeast,113032.3,Year,Y,Certified
EZYV3473,Asia,Bachelor's,Y,N,1200,1970,West,68347.05,Year,Y,Certified
EZYV12524,Asia,High School,Y,N,513,1886,Midwest,165037.85,Year,Y,Denied
EZYV24081,Asia,Master's,Y,N,1658,2012,Northeast,963.2502,Hour,Y,Certified
EZYV856,Asia,High School,N,N,563,2011,West,75098.79,Year,Y,Denied
EZYV5354,Europe,Bachelor's,Y,N,1195,2005,Northeast,139001.46,Year,Y,Certified
EZYV12318,North America,High School,N,N,1461,1999,Northeast,60056.05,Year,Y,Denied
EZYV19114,Asia,Master's,N,N,4509,2001,Midwest,112361.65,Year,Y,Certified
EZYV13070,Asia,Doctorate,Y,N,26503,2007,Northeast,66285.81,Year,Y,Certified
EZYV4890,Asia,Master's,N,N,696,2005,West,201623.82,Year,N,Certified
EZYV4518,Asia,Bachelor's,Y,N,4716,2004,West,431.8261,Hour,Y,Denied
EZYV12914,Asia,High School,Y,N,4114,2004,South,10034.93,Year,Y,Denied
EZYV15114,Asia,Bachelor's,Y,Y,1497,1994,South,63657.53,Year,Y,Certified
EZYV2223,Asia,Master's,N,N,381,1908,Midwest,102447.58,Year,Y,Certified
EZYV16924,Asia,Master's,N,N,1159,1869,Midwest,103335.02,Year,Y,Denied
EZYV24525,South America,Master's,Y,N,966,1997,West,19988.02,Year,Y,Certified
EZYV7126,Asia,High School,Y,N,795,1998,West,45368.85,Year,Y,Denied
EZYV9972,Europe,Master's,Y,N,1408,1978,South,19201.99,Year,Y,Certified
EZYV25230,North America,Bachelor's,N,N,974,1956,Northeast,173854.46,Year,N,Denied
EZYV10189,Asia,Master's,N,Y,1402,1987,West,122695.72,Year,Y,Certified
EZYV8175,Europe,Bachelor's,N,N,5117,1984,West,60624.78,Year,Y,Denied
EZYV24126,Asia,Bachelor's,N,N,70,1978,Midwest,92561.17,Year,Y,Certified
EZYV12246,Asia,Master's,Y,N,4751,2009,Midwest,112125.77,Year,Y,Certified
EZYV13101,Asia,Bachelor's,Y,N,2976,2009,West,5350.58,Year,Y,Certified
EZYV9747,Asia,Master's,Y,N,2888,2005,Midwest,91463.46,Year,Y,Certified
EZYV15373,Asia,Master's,N,N,16198,2005,Northeast,89630.46,Year,N,Certified
EZYV10504,Asia,Master's,N,N,9949,1873,Northeast,9587.05,Year,Y,Certified
EZYV8198,North America,Master's,N,N,3436,2000,West,133337.28,Year,N,Certified
EZYV8687,Asia,Master's,Y,N,256,1993,West,119720.74,Year,N,Certified
EZYV3812,Asia,Master's,Y,N,3044,1876,South,27053.34,Year,Y,Certified
EZYV8981,Europe,Doctorate,N,N,3365,2010,Northeast,3663.12,Year,Y,Certified
EZYV24433,Asia,Bachelor's,Y,N,1517,1858,South,28753.08,Year,Y,Denied
EZYV17169,Asia,High School,N,N,1604,2006,West,7160.55,Year,Y,Certified
EZYV22672,Europe,Bachelor's,N,N,301,2006,South,748.9347,Hour,Y,Denied
EZYV21646,Asia,High School,Y,N,4984,1980,Northeast,72767.63,Year,Y,Certified
EZYV11013,Asia,Master's,N,N,4746,2003,Midwest,127706.35,Year,N,Certified
EZYV1486,North America,Bachelor's,Y,N,1758,2001,Northeast,134.0617,Hour,Y,Denied
EZYV20489,Europe,Master's,Y,N,216,1968,South,80039.81,Year,Y,Certified
EZYV25431,Asia,Bachelor's,N,N,3414,2000,West,81401.73,Year,Y,Certified
EZYV10937,Asia,High School,Y,N,852,1953,West,19115.69,Year,Y,Denied
EZYV18252,Europe,Doctorate,Y,N,3207,1839,Northeast,104368.64,Year,Y,Certified
EZYV7633,Asia,Bachelor's,Y,N,944,2003,Northeast,137297.29,Year,Y,Certified
EZYV24323,Asia,Bachelor's,Y,N,1610,2012,Midwest,109107.67,Year,Y,Certified
EZYV5846,Asia,Doctorate,N,N,2721,1951,Northeast,40040.45,Year,Y,Certified
EZYV6212,Asia,Master's,Y,N,552,1985,Midwest,167014.38,Year,Y,Certified
EZYV10765,South America,High School,N,N,2265,2000,Northeast,94661.15,Year,Y,Denied
EZYV25445,South America,Master's,Y,N,1081,1838,Northeast,156.607,Hour,Y,Certified
EZYV20164,Asia,High School,N,N,1033,2001,Northeast,11721.67,Year,Y,Certified
EZYV24580,North America,Master's,N,N,2628,2008,Island,88249.17,Year,N,Certified
EZYV3705,Asia,Bachelor's,N,N,1853,1994,South,13458.61,Year,Y,Denied
EZYV19008,Europe,Doctorate,Y,N,1666,2010,West,69337.42,Year,Y,Certified
EZYV12341,Asia,Master's,Y,N,1429,2008,Midwest,188739.22,Year,Y,Certified
EZYV2573,Asia,Master's,N,N,2674,1886,Midwest,17228.34,Year,Y,Certified
EZYV1391,Europe,Bachelor's,N,Y,4013,2004,West,64023.9,Year,Y,Certified
EZYV23154,Asia,Bachelor's,N,N,2137,1967,Northeast,66759.2,Year,Y,Certified
EZYV9458,North America,Bachelor's,Y,N,2446,1890,West,104715.65,Year,Y,Denied
EZYV21698,North America,Bachelor's,N,N,2533,1995,Northeast,115096.77,Year,Y,Denied
EZYV3040,Asia,Master's,Y,Y,2851,2004,West,42123.7,Year,Y,Certified
EZYV9852,Asia,Bachelor's,Y,N,4678,2000,Northeast,17300.37,Year,Y,Certified
EZYV2512,Asia,Bachelor's,N,N,911,1881,Northeast,129087.05,Year,Y,Denied
EZYV14266,North America,Master's,Y,N,915,1970,South,40839.07,Year,Y,Certified
EZYV21673,North America,High School,Y,N,4364,2007,Northeast,6038.58,Year,Y,Certified
EZYV10183,Asia,High School,Y,N,2565,2002,South,67294.87,Year,Y,Denied
EZYV11923,Asia,Bachelor's,Y,N,674,1999,West,43987.5,Year,Y,Denied
EZYV3313,Asia,Master's,Y,N,3597,1888,South,7756.97,Year,Y,Certified
EZYV16657,Asia,Master's,N,N,133342,2008,Midwest,94515.74,Year,N,Denied
EZYV9776,Asia,Bachelor's,Y,N,6794,1998,South,33164.83,Year,Y,Certified
EZYV3276,Asia,Bachelor's,N,N,3124,1981,South,104481.04,Year,Y,Denied
EZYV740,Asia,High School,N,Y,819,2002,South,26055.3,Year,Y,Certified
EZYV7316,Europe,Doctorate,N,N,3029,2008,Midwest,109467.09,Year,Y,Certified
EZYV7821,Asia,Bachelor's,Y,N,4525,2001,Northeast,572.6978,Hour,Y,Certified
EZYV16240,Asia,Bachelor's,N,N,2229,1999,Northeast,76264.57,Year,Y,Certified
EZYV9784,Asia,High School,N,N,6130,1955,Midwest,87776.42,Year,Y,Denied
EZYV24123,Asia,Bachelor's,Y,N,579,1980,South,73337.09,Year,Y,Certified
EZYV12958,Asia,Bachelor's,Y,N,500,1989,Northeast,113418.8,Year,Y,Certified
EZYV8471,North America,Master's,N,N,542,1984,West,86714.2,Year,Y,Denied
EZYV23316,Africa,Doctorate,N,N,4320,1870,Northeast,39471.74,Year,Y,Certified
EZYV17699,Asia,Bachelor's,N,N,3134,1945,South,673.6424,Hour,Y,Denied
EZYV21850,Europe,Bachelor's,N,N,2946,2005,West,46846.69,Year,Y,Certified
EZYV12152,Asia,Master's,Y,N,490,1968,Northeast,63246.23,Year,Y,Certified
EZYV3291,Asia,Master's,N,N,5117,1994,West,92963.56,Year,Y,Denied
EZYV24758,North America,High School,N,Y,4607,1994,West,33403.37,Year,Y,Denied
EZYV3485,Asia,Doctorate,Y,N,3254,1998,West,79623.94,Year,Y,Certified
EZYV11607,Asia,Bachelor's,Y,N,426,1992,West,200232.3,Year,Y,Denied
EZYV12163,Asia,Bachelor's,N,N,3900,1997,West,115939.67,Year,Y,Certified
EZYV8028,Asia,Master's,N,N,632,2008,Northeast,277.9945,Hour,Y,Certified
EZYV3683,Asia,Bachelor's,Y,N,1476,2008,Northeast,32831.95,Year,Y,Certified
EZYV11824,Asia,Bachelor's,N,N,236,1998,West,5572.96,Year,Y,Denied
EZYV21153,Asia,Bachelor's,Y,N,297,2007,South,66896.42,Year,Y,Certified
EZYV5262,Asia,Bachelor's,Y,N,1144,2008,Northeast,52525.41,Year,Y,Denied
EZYV19890,Europe,High School,N,N,26600,1998,Northeast,85686.7,Year,Y,Certified
EZYV10292,Asia,Bachelor's,N,Y,765,2000,West,39030.65,Year,Y,Certified
EZYV18723,Asia,Bachelor's,N,N,1663,1854,West,209813.33,Year,Y,Certified
EZYV15673,Europe,Master's,Y,Y,92770,2009,South,38035.1,Year,Y,Certified
EZYV12681,Asia,Bachelor's,N,N,2391,1977,Northeast,65430.83,Year,Y,Denied
EZYV17175,Asia,High School,Y,Y,1797,2008,West,17582.08,Year,Y,Certified
EZYV7560,Asia,Bachelor's,N,N,1642,1986,Midwest,70693.56,Year,Y,Certified
EZYV16951,Asia,High School,Y,N,2033,1878,West,634.7041,Hour,Y,Denied
EZYV25416,Asia,Master's,Y,N,5146,1993,Northeast,85442.25,Year,Y,Denied
EZYV10186,Asia,Bachelor's,Y,N,3424,2009,West,109689.36,Year,Y,Denied
EZYV9783,North America,Master's,N,N,107,1976,West,166907.52,Year,N,Certified
EZYV12633,North America,Master's,Y,N,106606,1872,South,806.5067,Hour,Y,Denied
EZYV24129,Asia,Master's,Y,N,1807,2010,South,31662.03,Year,Y,Certified
EZYV13558,North America,High School,Y,Y,2029,1832,Midwest,102362.51,Year,Y,Denied
EZYV24431,Asia,Doctorate,N,N,2601,2001,Midwest,146619.2,Year,Y,Certified
EZYV11972,Europe,Doctorate,Y,Y,1988,2000,South,40404.38,Year,Y,Certified
EZYV1833,Asia,Doctorate,N,Y,37,1986,Northeast,73991.78,Year,Y,Denied
EZYV12433,Asia,Bachelor's,N,N,3564,1998,South,73531.27,Year,Y,Certified
EZYV1823,Africa,Master's,N,N,3463,1980,Midwest,130798.67,Year,Y,Certified
EZYV14871,Asia,Bachelor's,Y,N,3916,1963,Northeast,97389.57,Year,Y,Denied
EZYV13874,Asia,High School,N,N,3306,2009,Northeast,81967.16,Year,Y,Denied
EZYV10195,Asia,Master's,Y,Y,803,1993,West,36335.72,Year,Y,Certified
EZYV23117,Asia,Master's,N,N,1607,1933,South,82449.72,Year,N,Certified
EZYV14488,Asia,Bachelor's,N,Y,2159,1980,South,133675.92,Year,Y,Certified
EZYV14009,Asia,Master's,N,N,1724,2007,Northeast,48487.33,Year,Y,Denied
EZYV11888,North America,Bachelor's,Y,N,479,1977,South,86634.84,Year,Y,Denied
EZYV23663,Asia,Master's,N,Y,3056,1998,West,109438.48,Year,Y,Certified
EZYV19197,Asia,Master's,N,N,878,2000,Northeast,137492.79,Year,Y,Denied
EZYV9778,Asia,Master's,N,N,3764,1969,South,126243.05,Year,N,Certified
EZYV788,North America,Doctorate,N,N,412,2005,South,39848.78,Year,N,Certified
EZYV25136,Asia,Bachelor's,N,Y,4041,1979,South,138179.4,Year,Y,Certified
EZYV19048,Asia,Master's,Y,N,959,1967,West,32718.74,Month,Y,Certified
EZYV190,Europe,Doctorate,Y,N,2540,2003,Midwest,29469.17,Year,Y,Certified
EZYV10304,Asia,Master's,N,N,27873,1940,South,108886.27,Year,N,Denied
EZYV24728,Oceania,Master's,N,N,100,2010,West,58598.03,Year,Y,Certified
EZYV21420,Asia,Bachelor's,N,N,27673,2008,West,21927.94,Year,Y,Denied
EZYV22268,Europe,Bachelor's,Y,N,1986,1977,Northeast,3514.75,Year,Y,Certified
EZYV6710,Europe,Master's,N,N,3352,1979,South,83353.6,Year,Y,Denied
EZYV2342,Asia,Master's,N,N,543,1990,Northeast,26525.5,Year,Y,Denied
EZYV22046,North America,Bachelor's,Y,N,623,2010,South,34671.52,Year,Y,Certified
EZYV6118,Asia,Master's,Y,N,1331,2004,Midwest,26795.92,Year,N,Certified
EZYV1093,Europe,Bachelor's,Y,N,3815,2014,West,74098.16,Year,Y,Certified
EZYV13765,Europe,Doctorate,Y,N,1687,1948,West,8000.81,Year,Y,Certified
EZYV7326,Asia,Master's,Y,N,3925,1926,Northeast,107461.21,Year,Y,Certified
EZYV6554,Asia,Master's,N,N,1048,1978,South,386.4868,Hour,Y,Certified
EZYV21599,Asia,High School,N,N,2644,1858,Northeast,38290.9,Year,Y,Denied
EZYV4342,Asia,Master's,Y,N,3691,2008,Midwest,132121.62,Year,Y,Certified
EZYV24765,Asia,Bachelor's,Y,N,1021,1999,South,152.7112,Hour,Y,Certified
EZYV5270,Asia,Master's,N,N,688,1960,South,45927.71,Month,Y,Certified
EZYV6654,Asia,High School,Y,N,125,1998,Midwest,9063.57,Year,Y,Denied
EZYV16936,Asia,Master's,Y,N,1403,1966,Northeast,81462.37,Year,Y,Denied
EZYV3811,Asia,Master's,Y,N,5049,1997,Northeast,28573.82,Year,Y,Certified
EZYV1969,Asia,Bachelor's,N,N,2677,1836,Midwest,124187.69,Year,Y,Certified
EZYV6735,Europe,High School,Y,N,1463,2010,South,71333.23,Year,Y,Denied
EZYV17987,Asia,Master's,N,Y,2559,2008,West,191148.27,Year,Y,Certified
EZYV14343,Asia,Bachelor's,Y,N,1475,1999,South,77724.07,Year,Y,Certified
EZYV12262,North America,Master's,N,N,675,1997,South,38163.91,Year,Y,Denied
EZYV18658,Asia,Master's,N,N,1665,2006,Northeast,74708.25,Year,Y,Certified
EZYV1283,North America,Bachelor's,N,N,5241,2003,Northeast,33440.82,Year,Y,Denied
EZYV6538,Asia,Master's,N,N,766,1977,South,246.81,Hour,Y,Certified
EZYV11062,Asia,Bachelor's,N,N,779,1880,Northeast,59167.83,Year,Y,Denied
EZYV9032,Europe,Doctorate,Y,N,3922,1986,Northeast,15073.37,Year,Y,Certified
EZYV10223,Asia,High School,N,N,1394,1995,South,340.4479,Hour,Y,Denied
EZYV6437,Europe,High School,Y,N,4392,1991,West,88650.62,Year,Y,Denied
EZYV19705,Asia,High School,Y,N,160,2001,West,166613.9,Year,Y,Denied
EZYV24207,North America,Master's,Y,N,31523,2014,Midwest,109438.82,Year,Y,Certified
EZYV18697,Asia,Master's,Y,N,1247,1984,Midwest,94498.32,Year,Y,Certified
EZYV13460,South America,Bachelor's,Y,N,1196,2003,West,23667.19,Year,Y,Certified
EZYV1381,Asia,Bachelor's,Y,N,1177,2003,West,22085.02,Year,Y,Certified
EZYV15985,Asia,Bachelor's,Y,N,1694,1983,Northeast,62122.35,Year,Y,Certified
EZYV13325,Asia,Bachelor's,N,N,1167,1920,Northeast,119976.67,Year,Y,Denied
EZYV14531,Asia,Bachelor's,Y,N,448,2006,West,112808.87,Year,Y,Certified
EZYV3958,Asia,Doctorate,N,N,22952,2000,Northeast,94077.55,Year,Y,Denied
EZYV481,Africa,Master's,Y,N,3285,1989,Northeast,165219.14,Year,Y,Certified
EZYV8893,Asia,Master's,Y,N,630,1838,Northeast,513.4421,Hour,Y,Certified
EZYV7533,Asia,High School,N,Y,1362,2000,South,703.3133,Hour,Y,Denied
EZYV12274,North America,Master's,N,N,460,2010,Island,152951.33,Year,N,Certified
EZYV1142,Asia,Bachelor's,Y,N,80,2004,South,80454.66,Year,Y,Certified
EZYV2820,Asia,High School,Y,N,2931,1988,South,94418.08,Year,N,Denied
EZYV14876,Asia,High School,Y,N,2111,2007,Northeast,70362.99,Year,Y,Denied
EZYV10986,Asia,Doctorate,N,N,4415,2001,West,27726.14,Year,Y,Certified
EZYV17260,Africa,Master's,Y,N,1706,1987,Northeast,50958.91,Year,Y,Certified
EZYV11329,Asia,Bachelor's,Y,N,1843,1997,Northeast,36948.39,Year,Y,Certified
EZYV16646,South America,Bachelor's,N,N,132,1971,West,285.2286,Hour,Y,Denied
EZYV12892,North America,Master's,N,N,3314,1968,West,91224.57,Year,Y,Certified
EZYV8026,Asia,Master's,Y,N,20583,1999,Midwest,30240.82,Year,Y,Certified
EZYV6254,Asia,Master's,N,N,1318,1998,Midwest,98755.63,Year,Y,Certified
EZYV22007,Asia,Bachelor's,Y,N,1296,2009,West,486.4225,Hour,Y,Denied
EZYV16992,Asia,Master's,N,N,1666,1911,Midwest,88603.75,Year,N,Certified
EZYV1274,Europe,Doctorate,Y,N,288,1972,West,33990.05,Year,Y,Certified
EZYV20008,Asia,Master's,Y,N,4202,1984,South,58052.61,Year,Y,Certified
EZYV6414,Asia,Bachelor's,Y,N,1127,2001,Midwest,2728.1,Year,N,Denied
EZYV16803,Asia,Master's,Y,N,1584,1971,Midwest,69276.38,Year,N,Certified
EZYV15429,North America,Master's,N,N,1805,1972,West,47165.25,Year,Y,Certified
EZYV22974,Asia,Doctorate,N,N,2620,1925,Northeast,22343.33,Year,Y,Certified
EZYV11869,Asia,High School,Y,N,5260,1986,Midwest,70285.33,Year,Y,Denied
EZYV22943,Asia,Master's,N,N,1407,1987,West,15475.14,Year,Y,Denied
EZYV13989,South America,Master's,N,N,2908,1916,Northeast,49411.88,Year,Y,Denied
EZYV9432,Asia,Bachelor's,N,N,2663,1996,Northeast,24963.37,Year,Y,Denied
EZYV23169,Asia,Bachelor's,N,N,3417,2014,Midwest,36967.13,Year,Y,Certified
EZYV24146,Asia,Master's,Y,N,1481,2007,West,67559.9,Year,Y,Denied
EZYV20432,Asia,Bachelor's,N,N,3783,2008,West,110127.35,Year,Y,Certified
EZYV22218,Asia,High School,Y,N,2825,1989,West,71917.21,Year,Y,Denied
EZYV9335,Asia,Bachelor's,N,N,1809,2003,West,131764.85,Year,Y,Denied
EZYV24940,North America,Master's,Y,N,2579,1993,Northeast,41116.64,Year,Y,Denied
EZYV5533,Asia,Master's,Y,N,3599,1994,Northeast,89008.74,Week,Y,Certified
EZYV14255,Asia,Master's,Y,N,1193,1999,Midwest,21582.53,Year,Y,Certified
EZYV918,Europe,Master's,Y,N,34069,2010,West,64445.98,Year,Y,Certified
EZYV20603,Asia,Master's,Y,N,2470,1992,Midwest,82956.02,Year,Y,Certified
EZYV16006,South America,Bachelor's,Y,N,767,2007,Northeast,92.6112,Hour,Y,Denied
EZYV17249,North America,Master's,N,N,5925,2005,West,66376.94,Year,Y,Certified
EZYV13209,North America,Bachelor's,N,Y,2772,2012,West,36727.92,Year,Y,Certified
EZYV8579,Asia,Bachelor's,Y,N,314,1994,South,73479.67,Year,Y,Certified
EZYV7719,Asia,Bachelor's,Y,N,2857,1997,South,393.4729,Hour,Y,Denied
EZYV18923,Asia,Master's,Y,N,2597,1870,West,39399.67,Year,N,Certified
EZYV1577,Europe,Master's,Y,N,3456,1991,Island,74053.11,Year,Y,Certified
EZYV21256,North America,High School,N,N,-25,1987,South,99405.47,Year,N,Denied
EZYV16518,Asia,Bachelor's,N,Y,2391,2012,South,439.3944,Hour,Y,Denied
EZYV10110,Asia,Master's,Y,N,903,1939,Northeast,30029.93,Year,Y,Certified
EZYV4099,Asia,Bachelor's,N,N,55138,2009,South,25396.48,Year,Y,Denied
EZYV23756,Asia,Bachelor's,N,N,1988,1988,South,22792.38,Year,Y,Denied
EZYV20096,South America,Master's,Y,N,5310,2005,West,155380.04,Year,Y,Denied
EZYV6021,North America,Bachelor's,Y,N,299,1970,Northeast,89574.66,Year,Y,Certified
EZYV19827,Asia,Bachelor's,N,Y,2533,1996,West,132569.66,Year,Y,Certified
EZYV6845,Asia,Bachelor's,Y,N,461,1997,South,57865.59,Year,Y,Certified
EZYV10,Europe,Doctorate,Y,N,2251,1995,South,67514.76,Year,Y,Certified
EZYV1830,Asia,High School,N,N,1353,1999,Northeast,463.8686,Hour,Y,Denied
EZYV19571,Asia,Master's,Y,N,3514,1977,South,85297.78,Week,Y,Certified
EZYV8779,Europe,Bachelor's,N,Y,4353,1972,West,159633.36,Year,Y,Certified
EZYV20716,Asia,Bachelor's,N,N,3779,1999,Northeast,47999.48,Year,Y,Denied
EZYV10963,North America,Master's,N,N,1215,2002,South,134875.89,Year,N,Certified
EZYV20801,Asia,Master's,Y,N,19283,2011,South,28373.93,Year,Y,Certified
EZYV1169,Africa,Doctorate,N,N,4244,2006,West,76923.49,Year,Y,Denied
EZYV23819,Asia,Bachelor's,N,Y,111,1993,South,112797.99,Year,Y,Certified
EZYV17781,Asia,Master's,N,N,1625,2004,West,132770.9,Year,Y,Certified
EZYV9803,Asia,Master's,N,N,2181,2009,South,92841.75,Year,N,Certified
EZYV13532,North America,Master's,Y,N,861,1875,Midwest,88561.19,Year,N,Denied
EZYV23414,Asia,High School,Y,N,2715,1858,Midwest,27.5544,Hour,Y,Certified
EZYV4408,Asia,Bachelor's,N,N,1330,1994,West,88711.8,Year,Y,Denied
EZYV7288,Asia,Bachelor's,Y,N,348,2009,West,85015.65,Year,N,Certified
EZYV12990,Asia,Master's,Y,N,4064,1989,South,138005.15,Year,Y,Certified
EZYV4970,Europe,Doctorate,N,N,1512,2011,West,33064.61,Year,Y,Certified
EZYV8377,Asia,Bachelor's,Y,N,1989,1987,West,122349.51,Year,Y,Denied
EZYV15088,Asia,Master's,N,N,1453,2000,Midwest,16615.86,Year,Y,Certified
EZYV11166,Asia,Bachelor's,N,N,429,2006,Northeast,140684.51,Year,Y,Certified
EZYV3058,Europe,Doctorate,Y,N,886,2009,West,4090.92,Year,Y,Certified
EZYV15020,Asia,Bachelor's,Y,N,627,1855,Midwest,97507.77,Year,Y,Denied
EZYV9454,Oceania,Master's,Y,Y,1680,1994,Northeast,252003.71,Year,Y,Denied
EZYV1647,Europe,Master's,N,N,1592,1923,Northeast,89778.64,Year,Y,Certified
EZYV14311,Asia,High School,Y,N,4640,1998,Midwest,199062.52,Year,Y,Denied
EZYV4614,Asia,Bachelor's,Y,N,1779,2001,Northeast,24006.38,Year,Y,Certified
EZYV18781,Europe,Bachelor's,Y,N,112,1915,Midwest,74871.12,Year,Y,Denied
EZYV8243,Asia,Master's,N,N,1276,2007,Midwest,163609.13,Year,Y,Certified
EZYV14564,Asia,Bachelor's,Y,N,4099,1995,South,134780.76,Year,Y,Certified
EZYV14956,Asia,Master's,N,Y,2934,2013,South,97524.4,Year,Y,Certified
EZYV14742,Asia,High School,Y,N,13008,2001,West,76080.63,Year,Y,Denied
EZYV1063,Asia,Bachelor's,Y,N,5066,2004,Northeast,53348.0,Year,Y,Certified
EZYV15433,Asia,High School,N,N,2090,1993,West,268.1018,Hour,Y,Denied
EZYV25041,Asia,Bachelor's,Y,Y,2178,1963,West,75073.61,Year,Y,Certified
EZYV19324,Asia,Master's,N,N,3039,1979,Northeast,804.1648,Hour,N,Certified
EZYV17390,Asia,Master's,N,N,2869,1907,Midwest,161270.41,Year,Y,Certified
EZYV9760,Asia,Master's,Y,N,1255,1996,Northeast,65716.54,Year,Y,Certified
EZYV21441,Africa,Doctorate,Y,Y,2825,2001,Northeast,101741.03,Year,Y,Certified
EZYV22794,Europe,Bachelor's,N,N,3125,2001,Northeast,45547.18,Year,Y,Certified
EZYV13731,Europe,Master's,Y,N,4488,1907,Northeast,6423.19,Year,Y,Certified
EZYV14136,Asia,Bachelor's,N,N,322,1990,Northeast,68333.2,Year,Y,Certified
EZYV5882,Asia,Bachelor's,Y,N,726,2002,South,41704.28,Year,Y,Certified
EZYV14084,Asia,High School,N,N,615,1848,Midwest,95717.02,Year,Y,Denied
EZYV8081,Asia,Master's,Y,N,28992,2008,Northeast,28970.68,Year,Y,Certified
EZYV6057,Asia,Bachelor's,Y,N,1593,1893,Midwest,53436.85,Year,Y,Certified
EZYV9309,North America,Master's,N,N,1582,1995,Northeast,335.2274,Hour,Y,Denied
EZYV9075,Asia,Doctorate,N,Y,555,2002,Northeast,17194.46,Year,Y,Certified
EZYV8221,Asia,Master's,Y,N,1378,1953,West,890.13,Year,Y,Certified
EZYV20398,Asia,Master's,Y,N,22649,2015,Midwest,98360.28,Year,N,Certified
EZYV13415,Asia,High School,N,Y,506,1933,South,71.2856,Hour,Y,Denied
EZYV2901,Asia,Bachelor's,N,Y,862,2013,Midwest,60002.59,Year,Y,Denied
EZYV14958,Asia,Master's,Y,N,1654,1904,West,17267.71,Year,Y,Certified
EZYV434,Asia,Bachelor's,N,N,2481,2008,Northeast,411.2051,Hour,Y,Denied
EZYV22343,Asia,Bachelor's,N,N,844,1915,West,80120.87,Year,Y,Certified
EZYV22126,North America,High School,N,N,1535,2005,Northeast,110544.24,Year,Y,Denied
EZYV21434,Africa,Bachelor's,Y,N,6729,1998,South,86929.52,Year,Y,Denied
EZYV23072,North America,Doctorate,N,N,76,1989,Midwest,7280.73,Year,Y,Certified
EZYV24077,North America,Master's,N,N,3051,2005,Northeast,127908.53,Year,Y,Denied
EZYV25193,North America,Bachelor's,N,N,4692,1993,South,134526.41,Year,N,Denied
EZYV1891,North America,Master's,Y,N,3725,1971,Northeast,5712.95,Year,Y,Certified
EZYV25096,Europe,Doctorate,N,N,2530,1947,Island,43947.32,Year,Y,Certified
EZYV15870,North America,Bachelor's,N,N,1891,1847,South,11722.23,Month,Y,Denied
EZYV17538,Asia,High School,N,N,3325,2013,Northeast,92457.34,Year,N,Denied
EZYV19216,Asia,Bachelor's,Y,N,2778,2000,Northeast,78189.56,Year,Y,Denied
EZYV24894,Asia,Master's,Y,N,449,1903,West,35868.48,Year,Y,Denied
EZYV7836,Asia,Master's,Y,N,93,2006,Northeast,69939.97,Year,Y,Certified
EZYV16587,Asia,Bachelor's,Y,N,2082,1980,West,34397.35,Year,Y,Certified
EZYV22933,Asia,Master's,Y,N,30,1996,Midwest,83599.34,Year,Y,Certified
EZYV21501,Asia,Master's,N,N,1413,2005,West,102.32,Hour,Y,Denied
EZYV13811,North America,Master's,Y,N,789,1992,Island,48295.35,Year,Y,Denied
EZYV11387,Asia,Master's,N,Y,2373,2006,West,3567.48,Year,Y,Certified
EZYV19638,Europe,Bachelor's,Y,Y,427,1985,Northeast,81287.52,Year,Y,Denied
EZYV23896,Africa,Bachelor's,Y,N,2887,2009,West,76915.32,Year,Y,Certified
EZYV12216,Asia,Master's,Y,N,26125,2012,Midwest,315497.6,Year,Y,Certified
EZYV14184,Asia,High School,N,N,2647,1985,South,69254.2,Year,Y,Denied
EZYV5843,Asia,Master's,Y,N,439,1997,Northeast,62864.96,Year,Y,Certified
EZYV11510,North America,Bachelor's,Y,N,90532,1948,Northeast,89731.56,Week,Y,Certified
EZYV9096,Asia,Master's,Y,N,2588,1998,West,666.9302,Hour,Y,Certified
EZYV19102,Asia,Master's,Y,N,3639,1876,West,88672.05,Year,N,Certified
EZYV2740,Asia,Master's,N,N,3770,1983,Northeast,83777.65,Year,N,Denied
EZYV12223,Asia,Doctorate,Y,N,5160,1871,South,50995.81,Year,Y,Certified
EZYV16412,Asia,Bachelor's,Y,N,603,2006,West,40573.13,Year,Y,Certified
EZYV18298,Asia,Bachelor's,N,N,1991,2005,Midwest,89939.32,Year,Y,Certified
EZYV21319,Asia,Bachelor's,N,N,2206,2006,Northeast,34352.49,Year,Y,Certified
EZYV16826,Europe,Bachelor's,Y,N,1455,1987,Northeast,128538.47,Year,Y,Certified
EZYV12073,North America,High School,Y,N,5794,1982,Northeast,65487.01,Year,N,Denied
EZYV13922,North America,Bachelor's,Y,Y,797,1902,West,122615.23,Year,Y,Certified
EZYV22404,Europe,Doctorate,Y,N,3177,1903,West,112828.82,Year,Y,Certified
EZYV13022,Asia,Master's,Y,N,652,1923,West,76979.93,Year,Y,Certified
EZYV22612,Asia,Master's,Y,N,455,2001,West,68931.88,Year,Y,Denied
EZYV21565,Asia,Bachelor's,Y,N,2001,2009,West,152133.79,Year,Y,Certified
EZYV9246,Asia,Doctorate,Y,N,1575,2003,Island,82428.39,Year,Y,Certified
EZYV2451,Asia,High School,Y,N,1329,1959,South,267726.09,Year,Y,Certified
EZYV3867,North America,Master's,Y,N,1789,2012,Midwest,109671.18,Year,Y,Certified
EZYV13619,Asia,Master's,Y,N,587,2001,South,61743.36,Year,Y,Certified
EZYV11718,Asia,Master's,Y,N,1087,1986,West,120654.44,Year,Y,Certified
EZYV22790,Asia,Master's,Y,N,2033,2007,South,52383.08,Year,Y,Certified
EZYV11637,Asia,Master's,Y,N,2536,1957,South,121205.71,Year,N,Certified
EZYV3431,North America,Bachelor's,Y,N,517,2008,Northeast,84396.67,Year,Y,Denied
EZYV7559,North America,Bachelor's,N,N,59742,2001,Northeast,138252.19,Year,N,Denied
EZYV14920,North America,Bachelor's,N,N,419,2009,Midwest,107053.91,Year,Y,Certified
EZYV17588,Asia,Master's,Y,N,1074,2005,Northeast,61195.57,Year,Y,Certified
EZYV22499,Asia,Bachelor's,Y,N,3777,1946,West,11863.43,Year,Y,Certified
EZYV3069,North America,Doctorate,Y,N,5395,1999,West,11633.85,Year,Y,Certified
EZYV17241,Asia,Master's,Y,N,1385,1984,West,120122.87,Year,Y,Certified
EZYV8610,Asia,Master's,N,N,4423,2008,South,46682.15,Year,Y,Certified
EZYV4112,Europe,Doctorate,Y,N,1525,1947,West,3877.86,Year,Y,Certified
EZYV8163,North America,Master's,Y,N,3384,1980,South,25850.66,Year,Y,Certified
EZYV7594,Europe,Bachelor's,N,N,1090,2014,Northeast,35227.22,Year,Y,Denied
EZYV2831,Asia,Bachelor's,Y,N,1628,2000,Northeast,100.66,Hour,Y,Certified
EZYV177,North America,Bachelor's,Y,Y,3229,1999,South,93384.38,Year,Y,Certified
EZYV25347,Asia,Bachelor's,N,N,3497,1984,Midwest,671.1878,Hour,Y,Denied
EZYV21021,Africa,Master's,N,N,3394,1980,Northeast,64548.22,Year,Y,Certified
EZYV6289,Asia,Bachelor's,N,N,1207,1980,West,33469.03,Year,Y,Denied
EZYV778,Asia,Doctorate,Y,N,1316,1996,Midwest,76900.05,Year,Y,Certified
EZYV14745,North America,Bachelor's,Y,N,174,1997,South,177495.82,Year,Y,Denied
EZYV5694,Asia,Bachelor's,Y,Y,554,1963,South,72461.13,Year,Y,Certified
EZYV23255,Asia,Bachelor's,N,N,3125,1885,Northeast,41726.0,Year,Y,Certified
EZYV932,Asia,Bachelor's,Y,N,54,1998,West,240.7297,Hour,Y,Certified
EZYV17210,North America,Bachelor's,N,N,1253,2005,West,142853.98,Year,Y,Certified
EZYV23088,Europe,High School,N,N,3699,1934,West,17994.96,Year,Y,Certified
EZYV13685,Asia,Bachelor's,Y,N,5234,2006,South,98358.5,Year,Y,Denied
EZYV24640,Asia,Bachelor's,N,N,918,2007,South,196122.24,Year,N,Certified
EZYV3857,Asia,Master's,Y,N,372,1970,Midwest,69272.2,Year,Y,Certified
EZYV15771,Europe,Master's,Y,N,376,1999,West,71764.4,Year,Y,Certified
EZYV22678,Asia,High School,Y,N,3954,2005,South,33691.76,Year,Y,Certified
EZYV16045,Africa,High School,N,N,3305,2006,Northeast,95996.68,Year,Y,Certified
EZYV14704,Europe,Bachelor's,Y,N,388,2013,Northeast,60908.23,Year,Y,Certified
EZYV6376,Asia,Doctorate,Y,N,3379,2004,Northeast,45874.05,Year,Y,Certified
EZYV8523,Asia,Bachelor's,Y,N,1923,2003,West,135944.44,Year,Y,Denied
EZYV23471,Europe,Bachelor's,Y,Y,2856,1986,Northeast,120300.68,Year,Y,Denied
EZYV15641,Asia,High School,N,Y,163,1993,South,2309.93,Year,Y,Denied
EZYV24476,Asia,Master's,N,N,2253,1999,South,161.556,Hour,Y,Denied
EZYV10663,Asia,Bachelor's,Y,N,3448,2001,Northeast,99689.51,Year,Y,Certified
EZYV21566,Asia,Master's,Y,N,1508,1997,Midwest,3190.5,Year,Y,Certified
EZYV2518,Asia,Master's,N,Y,2085,1946,Northeast,283.8,Year,Y,Denied
EZYV19190,Asia,Bachelor's,Y,N,2854,2003,West,86298.59,Year,Y,Denied
EZYV18130,Asia,Master's,N,N,3584,1980,South,125122.1,Year,Y,Certified
EZYV15548,Europe,Master's,Y,N,2511,1988,South,25.0117,Hour,Y,Certified
EZYV2956,Asia,Bachelor's,N,Y,2532,1985,Northeast,44346.79,Year,Y,Denied
EZYV18664,Asia,Doctorate,Y,N,1480,1993,Northeast,102521.02,Year,Y,Certified
EZYV2379,North America,Master's,Y,N,914,1858,South,60759.63,Year,Y,Certified
EZYV3168,Asia,Bachelor's,Y,N,349050,1985,Northeast,85810.99,Year,Y,Certified
EZYV12278,Asia,Bachelor's,Y,N,1564,1996,West,121670.77,Year,Y,Certified
EZYV739,North America,Bachelor's,Y,N,1222,1997,Northeast,851.4471,Hour,Y,Denied
EZYV5917,Asia,Bachelor's,Y,N,1652,2007,Northeast,22941.25,Year,Y,Denied
EZYV2296,Asia,Master's,Y,N,1278,2008,West,101011.92,Week,Y,Certified
EZYV18628,North America,Master's,Y,N,546,1880,Northeast,70641.84,Year,Y,Denied
EZYV5719,Asia,Master's,N,N,1918,2005,Midwest,120788.02,Year,Y,Certified
EZYV20074,Asia,Master's,N,Y,375,1997,Northeast,49546.12,Year,Y,Certified
EZYV11424,South America,Bachelor's,N,N,1900,2001,South,112556.69,Year,Y,Denied
EZYV13539,Asia,Master's,N,N,118196,2008,Northeast,78996.12,Year,Y,Certified
EZYV22138,Asia,Doctorate,Y,N,4736,2000,West,115719.89,Year,Y,Certified
EZYV6352,South America,Doctorate,Y,Y,2407,2005,South,45798.75,Year,Y,Certified
EZYV16,Asia,High School,Y,N,4897,1987,West,74108.02,Year,Y,Denied
EZYV25304,Asia,Master's,N,N,5380,1998,West,37037.67,Year,Y,Denied
EZYV22818,Asia,Master's,Y,N,1054,1885,Midwest,59160.3,Year,Y,Certified
EZYV1367,Asia,Bachelor's,Y,N,4047,1994,Midwest,82368.5,Year,Y,Certified
EZYV20850,North America,High School,Y,N,1429,2004,West,102042.56,Year,Y,Denied
EZYV5074,Asia,Master's,Y,N,491,2011,West,120234.92,Year,Y,Certified
EZYV18640,Asia,Bachelor's,Y,Y,548,2010,West,100453.56,Year,Y,Denied
EZYV21033,Asia,Master's,N,Y,3802,2006,South,52382.53,Year,Y,Certified
EZYV14194,Europe,High School,Y,N,1125,1838,West,34509.13,Year,Y,Denied
EZYV10088,Asia,Doctorate,Y,N,724,1855,South,31.1755,Hour,Y,Certified
EZYV9271,Asia,Bachelor's,Y,N,2450,2012,Northeast,83263.27,Year,Y,Certified
EZYV12882,Asia,Bachelor's,Y,N,4112,1990,West,75155.13,Year,Y,Certified
EZYV25432,Asia,Bachelor's,Y,N,2984,1995,Midwest,114781.64,Year,N,Certified
EZYV5969,Europe,Master's,N,N,516,2006,Northeast,80985.43,Year,Y,Certified
EZYV18733,Asia,Bachelor's,N,N,462,2003,South,35595.23,Year,N,Certified
EZYV22034,Europe,Bachelor's,N,Y,3464,1999,South,50468.0,Year,Y,Certified
EZYV365,North America,High School,N,Y,2561,2014,Northeast,43754.7,Year,Y,Denied
EZYV983,Asia,Bachelor's,N,N,2824,2010,West,95016.97,Year,Y,Denied
EZYV8572,Asia,Bachelor's,Y,N,1249,2009,South,73476.34,Year,Y,Denied
EZYV8072,Europe,Doctorate,N,N,4231,2008,Northeast,54113.15,Year,Y,Certified
EZYV24610,Europe,Bachelor's,N,N,4716,1983,West,40587.61,Year,Y,Certified
EZYV1141,Asia,Bachelor's,Y,N,4769,1975,Northeast,103400.4,Year,Y,Certified
EZYV420,Asia,Bachelor's,N,N,2517,2005,South,188992.63,Year,N,Certified
EZYV7746,Asia,Bachelor's,Y,N,2643,1969,Northeast,45607.88,Year,Y,Certified
EZYV19431,Asia,Bachelor's,Y,N,1500,2005,West,219056.42,Year,Y,Denied
EZYV24260,Asia,Master's,Y,N,4180,1960,Island,58998.76,Year,Y,Denied
EZYV1522,Europe,High School,Y,N,867,1946,South,8257.35,Year,Y,Certified
EZYV18327,Africa,Master's,Y,N,5465,1993,Northeast,166153.15,Year,Y,Denied
EZYV7005,Asia,Bachelor's,Y,Y,1257,2005,Midwest,114008.13,Year,Y,Denied
EZYV19266,Asia,Bachelor's,N,N,311,2011,Northeast,53818.11,Year,Y,Certified
EZYV11813,Europe,Master's,Y,N,4175,2010,West,73393.28,Year,Y,Certified
EZYV4040,Africa,Bachelor's,Y,N,4211,1992,Northeast,49337.69,Year,Y,Certified
EZYV20818,Asia,Master's,N,Y,2156,1970,South,73269.74,Year,Y,Certified
EZYV14637,Europe,Bachelor's,Y,N,1777,2002,West,34508.24,Year,Y,Certified
EZYV3575,Asia,Master's,Y,N,541,1999,Midwest,72104.96,Year,Y,Certified
EZYV17483,Africa,Doctorate,N,N,1785,1905,West,93108.08,Year,Y,Certified
EZYV16325,Africa,High School,Y,N,1517,1952,West,116855.28,Year,Y,Certified
EZYV16473,Asia,Bachelor's,N,N,28006,1947,Northeast,116510.14,Year,Y,Certified
EZYV11845,North America,Bachelor's,Y,N,2016,1992,South,105.3209,Hour,Y,Certified
EZYV3339,North America,Doctorate,Y,N,1638,1991,Northeast,327.9435,Hour,Y,Certified
EZYV15521,Asia,Master's,N,N,890,1993,South,93899.27,Year,Y,Denied
EZYV24620,Asia,Master's,Y,N,3118,1963,South,55059.48,Year,Y,Certified
EZYV12173,Asia,Bachelor's,N,N,1407,1994,South,137.69,Hour,Y,Certified
EZYV17267,Asia,Master's,Y,N,2963,1968,South,63688.74,Year,Y,Certified
EZYV5414,South America,High School,Y,N,1297,2001,Midwest,5229.99,Year,Y,Certified
EZYV2375,North America,Master's,N,N,268,1985,South,73670.76,Year,Y,Certified
EZYV10550,Asia,High School,Y,N,17952,1818,Northeast,99985.23,Year,Y,Denied
EZYV17113,Asia,High School,N,Y,1496,1842,South,38323.45,Year,Y,Certified
EZYV15864,Asia,Master's,Y,Y,169,1998,South,230017.17,Year,Y,Denied
EZYV17943,Asia,Bachelor's,Y,N,854,2009,South,71005.24,Year,N,Certified
EZYV24356,North America,High School,N,N,3689,2004,Northeast,79743.81,Year,N,Denied
EZYV21462,Asia,High School,N,Y,2951,1994,Northeast,111690.74,Year,Y,Denied
EZYV786,Europe,High School,Y,N,1522,1982,Northeast,438.855,Hour,Y,Denied
EZYV6462,Europe,Bachelor's,Y,N,1537,2005,Northeast,116210.89,Year,Y,Certified
EZYV12788,Europe,High School,N,Y,215,1960,West,119481.36,Year,Y,Denied
EZYV14790,Asia,High School,N,Y,3145,2001,South,22534.89,Year,Y,Denied
EZYV6951,Asia,Doctorate,N,Y,1534,1996,South,75617.39,Year,Y,Certified
EZYV12468,Asia,Doctorate,Y,N,1490,2013,West,41231.84,Year,Y,Certified
EZYV8560,North America,Bachelor's,Y,N,497,1991,Midwest,68401.78,Year,Y,Certified
EZYV10684,Asia,Master's,Y,N,381,1998,Midwest,28327.92,Year,N,Certified
EZYV4117,Asia,Bachelor's,N,N,1242,2005,Northeast,45267.79,Year,Y,Denied
EZYV1754,Oceania,Master's,Y,N,1216,2012,Northeast,30981.35,Year,Y,Certified
EZYV13194,Asia,Bachelor's,N,N,544,1830,West,36518.31,Year,Y,Denied
EZYV20362,Asia,Bachelor's,N,N,2184,1971,South,970.3772,Hour,Y,Denied
EZYV6770,South America,Master's,N,N,1034,1999,South,121584.6,Year,Y,Certified
EZYV6440,Asia,Bachelor's,N,N,-14,2013,South,103.97,Hour,Y,Denied
EZYV14527,Asia,Bachelor's,Y,N,462,2012,Northeast,102344.2,Year,Y,Certified
EZYV23195,North America,Bachelor's,Y,N,737,2003,South,23676.16,Year,Y,Certified
EZYV7828,Asia,Master's,N,N,4414,1990,Northeast,225181.88,Year,Y,Certified
EZYV12827,South America,Bachelor's,Y,Y,3121,2005,South,34800.77,Year,Y,Certified
EZYV1195,Asia,Master's,Y,N,760,1989,Midwest,223128.23,Year,Y,Certified
EZYV11227,North America,Master's,Y,N,1502,1977,Northeast,31074.24,Year,Y,Certified
EZYV8397,Asia,Master's,Y,N,3644,2002,West,130735.67,Year,Y,Certified
EZYV14010,Asia,Master's,Y,N,1105,1975,Midwest,51093.23,Year,N,Denied
EZYV24506,Asia,Bachelor's,N,N,2031,2005,West,142260.9,Year,Y,Denied
EZYV8270,Asia,Bachelor's,Y,N,2626,2001,Midwest,236523.12,Year,Y,Certified
EZYV13422,Asia,Master's,N,N,2711,2003,West,86707.2,Year,Y,Denied
EZYV13683,Asia,Master's,Y,N,913,2005,South,20395.29,Year,Y,Certified
EZYV10421,Asia,Doctorate,N,Y,166,1989,South,23838.66,Year,Y,Certified
EZYV1995,South America,Doctorate,Y,N,4368,1994,Northeast,70884.34,Year,Y,Certified
EZYV3454,Africa,Doctorate,Y,N,4983,1994,Northeast,53012.73,Year,Y,Certified
EZYV14848,Asia,Bachelor's,Y,N,3916,2011,Midwest,127346.84,Year,Y,Denied
EZYV5011,Europe,Bachelor's,Y,N,558,1978,West,122691.96,Year,Y,Certified
EZYV15075,Asia,Master's,N,N,2638,1961,West,41493.5,Year,Y,Certified
EZYV10881,Asia,Master's,Y,N,1699,1991,Northeast,134648.35,Year,Y,Certified
EZYV21682,Europe,Master's,N,N,4875,2006,West,25308.01,Year,Y,Certified
EZYV12509,Asia,Master's,Y,Y,1741,1998,South,48792.68,Year,Y,Denied
EZYV19721,Asia,Bachelor's,N,N,1018,2000,Northeast,42503.51,Year,Y,Denied
EZYV10595,Asia,High School,Y,N,3379,1997,South,76041.62,Year,Y,Denied
EZYV13677,Asia,High School,Y,Y,629,2007,Northeast,63672.28,Year,Y,Denied
EZYV5968,Africa,Bachelor's,N,N,1808,2001,South,21608.55,Year,Y,Certified
EZYV10449,North America,Bachelor's,Y,Y,1658,1973,Northeast,56740.28,Year,Y,Denied
EZYV13607,Asia,Master's,N,N,1809,2005,Northeast,39646.92,Year,Y,Denied
EZYV17873,Europe,Bachelor's,Y,N,4752,1972,West,3758.72,Year,Y,Certified
EZYV19010,Europe,Bachelor's,N,N,4674,2006,West,26779.66,Year,Y,Certified
EZYV12791,Europe,High School,Y,Y,131829,2012,Midwest,109806.09,Year,Y,Denied
EZYV15240,Asia,Bachelor's,N,N,2835,2009,Midwest,109182.95,Year,Y,Certified
EZYV7368,Asia,High School,N,N,28979,2005,Midwest,100154.35,Year,Y,Denied
EZYV19318,South America,Bachelor's,Y,N,2482,1994,West,20429.27,Year,Y,Certified
EZYV23179,Europe,Doctorate,Y,N,1841,1970,West,87439.59,Year,Y,Certified
EZYV11511,Asia,Bachelor's,Y,N,47,2010,South,56241.2,Year,Y,Certified
EZYV655,Europe,High School,Y,Y,964,2004,South,111289.39,Year,Y,Certified
EZYV5936,Asia,Bachelor's,Y,N,1611,2011,West,78375.82,Year,Y,Certified
EZYV11294,Europe,Doctorate,N,N,2036,2013,West,115933.41,Year,Y,Certified
EZYV15080,Europe,Master's,Y,Y,198,2010,Northeast,94542.72,Year,Y,Certified
EZYV6686,North America,Master's,Y,N,4119,1946,Northeast,6757.17,Year,Y,Certified
EZYV9565,Europe,Master's,Y,N,778,1985,Northeast,125966.68,Year,Y,Certified
EZYV13229,Europe,High School,Y,N,1808,1976,West,56320.11,Year,Y,Denied
EZYV16937,Asia,Bachelor's,Y,N,2298,1999,South,84589.52,Year,Y,Denied
EZYV10882,Africa,High School,Y,N,1885,2004,West,71690.13,Year,Y,Denied
EZYV1939,South America,Bachelor's,Y,N,18093,1995,South,29690.11,Year,Y,Certified
EZYV1313,Asia,Bachelor's,N,N,2941,2008,South,135445.72,Year,Y,Certified
EZYV24020,Asia,Master's,Y,Y,3982,1859,South,109584.15,Year,Y,Certified
EZYV13215,Asia,Bachelor's,Y,N,2161,1848,South,47932.09,Year,Y,Certified
EZYV20607,Asia,Bachelor's,N,N,2380,1999,Midwest,37409.3,Year,Y,Denied
EZYV6136,Asia,Bachelor's,Y,N,880,1997,Northeast,31806.41,Year,Y,Certified
EZYV6131,Asia,Master's,Y,N,3907,1986,South,126269.34,Year,Y,Certified
EZYV3170,Europe,Bachelor's,Y,N,2603,2000,West,79826.52,Year,Y,Certified
EZYV10075,Asia,Master's,Y,N,45,1838,Northeast,24364.9,Year,Y,Certified
EZYV24844,Asia,Master's,N,N,615,2012,Northeast,89596.96,Year,Y,Certified
EZYV11081,Africa,Doctorate,Y,N,2004,1913,Island,32638.49,Year,Y,Certified
EZYV16920,Asia,Master's,N,N,2107,2006,Midwest,162812.31,Year,Y,Certified
EZYV24481,Asia,Bachelor's,Y,N,819,1871,West,28226.79,Year,Y,Certified
EZYV22860,Asia,Master's,Y,N,2806,1979,Midwest,66972.07,Year,Y,Certified
EZYV13211,Asia,Master's,Y,N,1844,2007,Northeast,51811.23,Year,Y,Certified
EZYV25122,Asia,Bachelor's,Y,N,648,1999,West,109277.91,Year,Y,Certified
EZYV18444,Asia,Doctorate,Y,N,242,1865,Midwest,33935.88,Year,Y,Certified
EZYV25363,North America,Bachelor's,Y,Y,854,1956,West,118605.58,Year,Y,Certified
EZYV22024,Asia,Bachelor's,Y,N,3743,1978,Northeast,107.36,Hour,Y,Denied
EZYV21581,Asia,Bachelor's,N,N,4137,1975,South,52659.68,Year,Y,Certified
EZYV4335,Asia,Bachelor's,N,Y,722,1998,Northeast,90866.45,Year,Y,Denied
EZYV8272,North America,Master's,Y,N,2532,1977,West,125625.87,Week,Y,Denied
EZYV19082,Asia,High School,Y,N,60303,1968,South,38144.62,Year,Y,Denied
EZYV21017,Asia,Bachelor's,N,N,9857,1998,South,106713.39,Year,Y,Certified
EZYV8961,Asia,Master's,N,N,3643,2008,West,113910.53,Year,N,Certified
EZYV21818,Asia,Bachelor's,Y,N,5582,1999,South,28310.81,Year,Y,Certified
EZYV15899,Africa,High School,N,N,673,2001,Midwest,80705.58,Year,Y,Certified
EZYV25219,Asia,High School,N,N,3824,1987,Northeast,98225.26,Year,N,Denied
EZYV2006,North America,Doctorate,Y,N,3721,1970,South,123919.34,Year,Y,Certified
EZYV1027,Asia,Bachelor's,Y,N,3523,1988,West,53741.48,Year,Y,Certified
EZYV2259,Europe,Master's,N,N,4921,1998,South,66295.34,Year,N,Certified
EZYV978,Asia,High School,N,N,3716,1999,Midwest,311.1659,Hour,Y,Certified
EZYV9502,Asia,Bachelor's,N,N,9642,2007,Northeast,57202.52,Year,Y,Certified
EZYV5722,Asia,Bachelor's,Y,N,15125,1981,West,6984.25,Year,Y,Certified
EZYV8976,Asia,Bachelor's,Y,N,3558,1996,West,87927.37,Year,Y,Certified
EZYV8747,Europe,Bachelor's,N,N,653,1989,West,15925.9,Year,Y,Certified
EZYV23788,North America,Doctorate,Y,N,1206,2003,Northeast,20778.52,Year,Y,Certified
EZYV24621,Asia,Bachelor's,N,Y,1760,1946,West,83151.49,Year,Y,Denied
EZYV14217,Europe,Bachelor's,Y,N,4420,1968,West,3361.35,Year,Y,Certified
EZYV7653,Asia,Bachelor's,Y,N,111,2010,Island,130081.84,Year,Y,Denied
EZYV15954,Asia,Master's,N,N,4706,1967,South,84126.02,Year,Y,Denied
EZYV9276,North America,High School,Y,N,57070,1995,Northeast,339.0696,Hour,Y,Certified
EZYV6123,Asia,High School,Y,N,250,1998,South,116347.15,Year,N,Denied
EZYV108,Asia,Bachelor's,Y,N,2002,2006,South,66295.43,Year,Y,Certified
EZYV15973,Asia,Master's,Y,N,5041,1994,West,44474.85,Year,Y,Certified
EZYV2695,Asia,Bachelor's,N,Y,869,1999,Midwest,49651.95,Year,Y,Denied
EZYV8711,Asia,High School,Y,N,2085,2007,South,17418.61,Year,Y,Denied
EZYV11955,North America,Master's,N,N,5345,1998,Northeast,79419.0,Year,Y,Certified
EZYV21343,Asia,Master's,N,N,739,2010,Midwest,106007.87,Year,Y,Certified
EZYV6204,Asia,Master's,Y,N,772,1874,West,16479.71,Year,Y,Certified
EZYV9574,North America,Bachelor's,Y,N,2907,1989,Northeast,44218.42,Year,Y,Certified
EZYV11438,Europe,High School,Y,N,511,1990,West,35831.63,Year,Y,Denied
EZYV13048,Asia,Bachelor's,N,N,1525,2002,Northeast,152568.81,Year,N,Denied
EZYV775,Asia,Bachelor's,N,N,93018,2009,West,18332.25,Year,Y,Denied
EZYV15555,Europe,Master's,N,N,163,2002,South,107521.05,Year,N,Certified
EZYV20746,Asia,Master's,N,N,781,1990,South,161245.1,Year,N,Certified
EZYV24080,Asia,Master's,N,N,34,1947,South,29766.07,Year,Y,Certified
EZYV3834,Asia,Bachelor's,Y,N,24413,1998,Northeast,35843.13,Year,Y,Denied
EZYV10563,Europe,Master's,N,Y,367,1998,Northeast,17804.2,Year,Y,Certified
EZYV18440,Asia,Bachelor's,N,N,1262,1819,South,34695.33,Year,Y,Certified
EZYV9923,North America,Master's,Y,N,1415,1998,West,22220.65,Year,N,Certified
EZYV25229,Asia,Doctorate,Y,N,1892,1989,South,59301.16,Year,Y,Certified
EZYV19325,Europe,Master's,N,N,2972,1883,West,49953.9,Year,Y,Certified
EZYV17492,Europe,Master's,N,N,2500,1915,West,49424.43,Year,N,Certified
EZYV7295,Asia,Bachelor's,Y,N,4485,1995,South,116908.85,Year,Y,Certified
EZYV24551,Asia,Master's,Y,N,750,2005,Midwest,95660.05,Year,Y,Certified
EZYV10820,Asia,Master's,Y,N,1743,1913,Northeast,145680.8,Year,N,Certified
EZYV7187,Asia,Bachelor's,N,N,3086,1986,Northeast,118042.2,Year,Y,Certified
EZYV16723,Asia,Master's,Y,N,4462,2009,South,109082.23,Year,Y,Certified
EZYV219,Europe,Bachelor's,N,N,1867,1933,Northeast,2390.74,Year,Y,Certified
EZYV2835,Europe,Bachelor's,Y,N,80343,2002,South,89491.4,Year,Y,Certified
EZYV20704,Asia,Doctorate,Y,N,2874,2007,South,110368.66,Year,Y,Certified
EZYV3912,Asia,Bachelor's,Y,N,1248,2001,South,123346.27,Year,Y,Certified
EZYV22341,Asia,High School,Y,N,285,2006,Northeast,16692.25,Year,Y,Denied
EZYV11054,Europe,Master's,Y,Y,778,1987,Northeast,85052.9,Year,Y,Certified
EZYV18248,Asia,Bachelor's,Y,N,2860,2001,Northeast,40100.06,Year,Y,Certified
EZYV25210,Asia,Bachelor's,Y,N,4735,1989,Northeast,18580.38,Year,Y,Denied
EZYV4930,Asia,Master's,Y,N,2162,2007,Northeast,108178.81,Year,Y,Certified
EZYV10568,Asia,Bachelor's,N,Y,2568,1998,Northeast,94268.09,Year,Y,Certified
EZYV21431,Asia,Master's,N,Y,1717,1999,South,94120.68,Year,Y,Certified
EZYV6791,Europe,Master's,N,Y,220,1998,Northeast,14207.92,Year,Y,Certified
EZYV11958,North America,Master's,N,N,1600,2008,Midwest,54739.05,Year,Y,Certified
EZYV23980,Asia,Bachelor's,Y,N,3133,2000,Midwest,102589.99,Year,Y,Denied
EZYV6613,Asia,Bachelor's,N,Y,3704,1950,Midwest,53291.37,Year,Y,Certified
EZYV543,Asia,Master's,N,N,3736,2001,Northeast,90951.06,Year,Y,Denied
EZYV9332,Europe,Doctorate,N,N,3883,1873,West,19411.0,Year,Y,Certified
EZYV17053,Asia,Master's,N,N,866,2004,Midwest,100221.78,Year,Y,Denied
EZYV14674,Asia,Bachelor's,Y,N,3245,1977,South,21617.9,Year,N,Certified
EZYV24778,Europe,Bachelor's,N,N,678,2003,West,1114.39,Year,Y,Certified
EZYV23113,Asia,Bachelor's,Y,N,3710,2012,South,209.645,Hour,Y,Denied
EZYV22347,Asia,Bachelor's,N,N,1213,1994,West,137633.95,Year,Y,Denied
EZYV6684,Asia,Bachelor's,Y,N,4334,1997,Northeast,156324.5,Year,Y,Certified
EZYV22913,Europe,High School,Y,N,1025,1847,West,30734.12,Year,Y,Certified
EZYV18632,Asia,Master's,N,N,85,2006,South,217895.66,Year,Y,Denied
EZYV9544,Asia,Master's,N,Y,533,2005,West,115264.27,Year,Y,Certified
EZYV24250,Asia,Doctorate,Y,N,3652,2007,West,17479.28,Year,Y,Denied
EZYV653,North America,Bachelor's,N,N,756,1988,South,146020.74,Year,N,Certified
EZYV14399,Asia,High School,Y,N,2052,1898,West,522.2423,Hour,Y,Denied
EZYV11176,North America,High School,N,N,2234,1998,Northeast,2875.23,Year,Y,Denied
EZYV526,North America,Bachelor's,Y,N,180,1988,West,133468.58,Year,Y,Certified
EZYV4508,Asia,Master's,Y,N,88,1978,South,804.0274,Hour,Y,Certified
EZYV7631,North America,Master's,N,N,4315,2005,Northeast,662.0821,Hour,Y,Denied
EZYV15450,Asia,Master's,Y,N,854,2010,Midwest,81735.79,Year,N,Certified
EZYV18190,Asia,Master's,N,Y,2071,2010,South,126315.79,Year,Y,Certified
EZYV15495,Asia,Master's,N,N,546,2007,Midwest,91851.79,Year,Y,Certified
EZYV11687,South America,Doctorate,Y,N,5262,1998,Northeast,47138.85,Year,Y,Certified
EZYV15690,Asia,High School,N,N,177,1944,Northeast,66197.61,Year,Y,Denied
EZYV13338,Asia,Bachelor's,N,N,634,2000,South,59836.99,Year,Y,Certified
EZYV3641,Asia,Master's,Y,N,3216,1895,South,107513.3,Year,N,Certified
EZYV22732,North America,High School,N,Y,3931,1994,Northeast,77351.54,Year,Y,Denied
EZYV24923,Asia,Master's,Y,N,4247,2007,Northeast,46829.34,Year,Y,Certified
EZYV11302,Africa,Master's,N,N,2570,1973,South,133552.89,Year,Y,Certified
EZYV3704,Europe,High School,N,Y,1963,1999,West,62006.13,Year,Y,Denied
EZYV8066,Asia,High School,Y,N,543,1980,South,63123.78,Year,Y,Denied
EZYV22259,Asia,Master's,Y,N,981,1838,South,72075.31,Year,Y,Certified
EZYV19544,Europe,Master's,N,N,121515,2002,South,162638.0,Year,Y,Certified
EZYV905,Asia,Bachelor's,Y,N,947,1994,Midwest,116577.94,Year,Y,Certified
EZYV17057,Asia,Master's,Y,N,806,2009,Northeast,112560.61,Year,Y,Denied
EZYV7754,Europe,Bachelor's,Y,N,1472,1995,West,68650.79,Year,Y,Certified
EZYV8271,Asia,Bachelor's,Y,N,2127,1832,West,338.2191,Hour,Y,Denied
EZYV8487,Asia,High School,Y,Y,1495,1945,South,77174.16,Year,N,Denied
EZYV12527,Europe,Bachelor's,N,N,899,1967,West,72697.54,Year,Y,Certified
EZYV20435,Asia,Bachelor's,N,N,1200,1993,Northeast,488.0313,Hour,Y,Denied
EZYV19802,Asia,Master's,Y,N,4797,1998,Northeast,40836.49,Year,Y,Certified
EZYV9236,Asia,Bachelor's,N,Y,1530,2012,Northeast,56509.61,Year,Y,Certified
EZYV3133,Asia,High School,N,N,6790,1998,Midwest,81298.12,Year,Y,Denied
EZYV21323,Asia,High School,Y,N,4554,1977,Northeast,118417.51,Year,Y,Certified
EZYV15485,Europe,Master's,N,N,479,1988,South,178.8675,Hour,Y,Certified
EZYV14862,Asia,Master's,N,N,515,1969,Northeast,11431.48,Year,Y,Certified
EZYV9883,Asia,Bachelor's,Y,Y,2387,1994,South,21851.09,Year,Y,Denied
EZYV501,Asia,Master's,Y,N,1245,2012,Midwest,92549.52,Year,N,Certified
EZYV23487,North America,Bachelor's,N,N,1555,1971,Northeast,22543.65,Year,Y,Certified
EZYV20630,Asia,Bachelor's,Y,N,4249,2004,South,151701.25,Year,Y,Certified
EZYV5045,Asia,Master's,Y,N,851,2002,Midwest,19224.03,Year,Y,Certified
EZYV14751,Asia,Bachelor's,Y,N,2991,2005,West,88015.48,Year,Y,Certified
EZYV5826,Asia,High School,N,N,1213,2001,Midwest,467.24,Hour,Y,Denied
EZYV16305,Asia,Bachelor's,Y,N,1150,1947,West,50093.8,Year,Y,Denied
EZYV7955,Europe,Bachelor's,Y,N,200,2013,Midwest,1114.48,Year,Y,Certified
EZYV3657,Asia,Bachelor's,Y,N,3030,2012,West,925.43,Year,Y,Certified
EZYV24723,Asia,Master's,N,N,254,2001,Midwest,52734.22,Year,Y,Denied
EZYV12174,Asia,High School,Y,N,10504,1960,Midwest,88899.99,Year,Y,Denied
EZYV16367,Asia,Bachelor's,Y,N,4300,1938,Island,30222.56,Year,Y,Certified
EZYV635,Asia,Master's,N,N,834,1977,Northeast,3.3188,Hour,Y,Denied
EZYV15723,Asia,Bachelor's,N,N,2337,2002,Island,116595.74,Year,Y,Denied
EZYV22817,South America,Bachelor's,Y,N,2056,1920,West,137189.36,Year,Y,Certified
EZYV398,Europe,Doctorate,Y,N,1525,1978,West,11287.42,Year,Y,Certified
EZYV3839,Asia,High School,Y,N,1728,1968,South,38232.45,Year,Y,Denied
EZYV11609,Asia,Master's,N,N,4220,1989,South,167363.39,Year,N,Certified
EZYV8808,Asia,Bachelor's,N,N,283,1998,South,560.7972,Hour,Y,Denied
EZYV22213,Asia,High School,Y,N,2365,2001,Northeast,16343.91,Year,Y,Denied
EZYV8389,Asia,Bachelor's,Y,N,34632,2008,Midwest,6341.39,Year,Y,Certified
EZYV16242,Asia,Master's,Y,N,1570,2010,Island,96988.16,Year,Y,Certified
EZYV9998,Asia,Bachelor's,Y,N,1273,1923,Northeast,46124.79,Year,Y,Denied
EZYV5817,Asia,Bachelor's,N,N,240,1980,Midwest,123187.32,Year,N,Certified
EZYV9722,Asia,High School,Y,N,3475,2010,South,86951.79,Year,Y,Denied
EZYV3621,Asia,Bachelor's,Y,N,1139,1886,Northeast,8667.23,Year,Y,Certified
EZYV19906,Asia,Bachelor's,Y,N,1509,1963,Midwest,102680.92,Year,N,Certified
EZYV6675,North America,Bachelor's,N,N,1458,1996,South,676.2335,Hour,Y,Denied
EZYV17161,Asia,Bachelor's,N,Y,1939,1980,South,194545.72,Year,Y,Denied
EZYV8960,Asia,Master's,Y,N,1345,2004,West,67116.28,Year,Y,Certified
EZYV9288,North America,Master's,Y,N,3196,1985,West,89146.5,Year,Y,Denied
EZYV20377,Asia,Master's,N,N,2077,1862,Northeast,113.88,Hour,Y,Denied
EZYV8453,Europe,Bachelor's,Y,Y,2004,1839,West,59506.35,Year,Y,Certified
EZYV15033,North America,Bachelor's,N,N,2142,2000,West,68351.99,Year,Y,Denied
EZYV10637,Asia,Bachelor's,Y,N,2252,1965,South,30853.25,Year,Y,Certified
EZYV9797,Europe,Master's,N,N,1539,1994,Midwest,97914.14,Year,Y,Denied
EZYV5769,Asia,High School,N,N,1055,1947,Midwest,28662.77,Year,Y,Denied
EZYV23986,Europe,Master's,N,N,13641,2000,South,17785.4,Year,Y,Certified
EZYV10810,North America,Master's,N,N,3820,1976,Northeast,95217.89,Year,N,Certified
EZYV25238,Asia,Master's,Y,N,2456,2008,Midwest,95298.13,Year,Y,Certified
EZYV12310,Asia,Master's,Y,N,1422,2000,West,59213.62,Year,Y,Certified
EZYV291,Asia,Master's,N,N,875,1983,Midwest,98119.94,Year,Y,Certified
EZYV19184,Asia,Bachelor's,N,Y,113,1989,South,116120.04,Year,Y,Certified
EZYV20464,Europe,Bachelor's,Y,Y,2325,1958,Northeast,22628.14,Year,Y,Certified
EZYV16710,North America,Bachelor's,N,Y,1485,2014,South,59976.48,Year,Y,Certified
EZYV22123,Oceania,Doctorate,Y,N,1788,1999,Northeast,78893.01,Year,Y,Certified
EZYV3671,Asia,Bachelor's,Y,N,3974,1999,South,4007.1,Year,Y,Certified
EZYV850,Africa,Master's,Y,N,1531,2002,West,109611.55,Year,Y,Certified
EZYV6219,North America,Bachelor's,Y,N,3973,2004,South,48229.29,Year,Y,Certified
EZYV7425,Asia,Master's,Y,N,2601,1865,South,153555.53,Year,N,Certified
EZYV11082,Asia,High School,Y,N,1156,2004,Northeast,483.0851,Hour,Y,Denied
EZYV23940,North America,Bachelor's,Y,N,5497,1999,Northeast,77015.33,Year,Y,Denied
EZYV8672,Europe,Doctorate,Y,N,1823,1997,Northeast,37424.33,Year,Y,Certified
EZYV17227,Europe,Doctorate,Y,N,26646,1997,West,22750.98,Year,Y,Certified
EZYV8114,Asia,High School,Y,N,3627,1996,South,112146.85,Year,Y,Denied
EZYV12739,Asia,High School,Y,N,5403,2001,Midwest,129684.53,Year,Y,Denied
EZYV13234,Asia,Master's,Y,N,3832,2003,Midwest,99803.6,Year,Y,Certified
EZYV24475,Asia,Master's,Y,N,28900,1987,South,89990.75,Year,Y,Certified
EZYV18153,Asia,Bachelor's,N,N,1190,2013,South,85490.1,Year,Y,Denied
EZYV5580,North America,Master's,Y,N,5523,2004,West,83846.81,Year,Y,Certified
EZYV23251,Asia,Master's,Y,N,2866,1993,Midwest,16729.02,Year,Y,Certified
EZYV22535,Asia,Master's,Y,N,3857,1956,Midwest,122310.01,Year,Y,Certified
EZYV6323,Asia,Bachelor's,N,N,698,2002,Island,74022.99,Year,Y,Denied
EZYV14233,Asia,Bachelor's,N,N,3846,2000,South,83062.23,Year,Y,Certified
EZYV13416,Asia,Bachelor's,Y,N,3152,1994,West,11261.87,Year,Y,Denied
EZYV15972,Europe,Doctorate,Y,N,5548,1999,West,68987.54,Year,Y,Certified
EZYV2797,Asia,High School,Y,Y,2486,1999,South,28657.34,Year,Y,Denied
EZYV15294,Asia,High School,Y,N,4055,2007,Northeast,20552.03,Year,Y,Denied
EZYV20936,Asia,Master's,Y,N,223,2006,Midwest,140103.1,Year,N,Denied
EZYV24026,Europe,Bachelor's,Y,N,1648,1937,West,29650.55,Year,Y,Certified
EZYV9625,Asia,Bachelor's,N,N,2275,2012,West,55115.43,Year,Y,Certified
EZYV19867,Asia,Master's,Y,N,2995,2006,Midwest,51016.04,Year,Y,Certified
EZYV18333,Asia,Bachelor's,Y,N,1366,2011,West,119913.43,Week,Y,Certified
EZYV25161,Asia,Bachelor's,Y,N,2879,2002,Northeast,78964.09,Year,Y,Certified
EZYV6348,Asia,Bachelor's,Y,N,2965,2011,West,68619.16,Year,Y,Certified
EZYV5899,Asia,Master's,Y,N,5334,1998,West,91648.42,Year,Y,Certified
EZYV8432,Asia,Doctorate,N,Y,2538,2010,South,89442.14,Year,Y,Certified
EZYV18371,Europe,Master's,N,N,1843,1962,Northeast,114480.21,Year,Y,Certified
EZYV21809,Asia,Bachelor's,Y,N,1128,1992,South,102.0197,Hour,Y,Denied
EZYV19727,Asia,Master's,N,N,7155,1973,Northeast,123541.71,Year,Y,Certified
EZYV3184,Asia,Master's,N,N,1827,1985,Northeast,138370.74,Year,Y,Denied
EZYV3662,Asia,Doctorate,N,N,1959,1998,South,73224.74,Year,N,Denied
EZYV25401,Asia,Bachelor's,N,N,1535,2010,Northeast,103659.75,Year,Y,Certified
EZYV1994,Asia,Bachelor's,Y,N,2939,1982,South,48099.93,Year,Y,Certified
EZYV19868,Europe,Bachelor's,Y,N,1835,1890,Island,138461.45,Week,Y,Denied
EZYV10885,Europe,Doctorate,N,N,471,2012,West,38175.55,Year,Y,Certified
EZYV23147,Asia,Bachelor's,N,N,223314,1995,Midwest,51842.43,Year,Y,Denied
EZYV18177,North America,Master's,N,N,4360,1985,Northeast,128890.94,Year,Y,Certified
EZYV6903,Asia,Bachelor's,Y,Y,139221,1951,West,58458.59,Year,Y,Certified
EZYV16619,Asia,Master's,Y,N,1165,2004,West,128854.16,Year,Y,Denied
EZYV2309,Asia,Bachelor's,Y,N,1509,1997,South,39596.67,Year,Y,Certified
EZYV18624,Asia,Bachelor's,Y,N,3477,2012,Island,92922.51,Year,Y,Certified
EZYV18934,Asia,Master's,N,N,348,1880,Northeast,159900.07,Year,N,Denied
EZYV10805,Asia,Master's,Y,N,1776,2008,South,113623.12,Year,N,Certified
EZYV14140,Asia,Bachelor's,Y,N,1821,2008,Midwest,37800.15,Year,N,Certified
EZYV1892,Asia,Master's,Y,N,833,1998,South,90623.35,Year,Y,Certified
EZYV18892,Asia,High School,N,N,1872,2014,South,67759.24,Year,Y,Certified
EZYV9664,North America,Bachelor's,Y,N,1865,2005,Northeast,67509.31,Year,N,Certified
EZYV8242,Asia,Master's,Y,N,1806,2007,Northeast,76325.29,Year,Y,Certified
EZYV18708,Asia,Master's,Y,N,2201,2011,Northeast,105219.55,Year,Y,Certified
EZYV9160,Asia,Master's,Y,Y,1862,1997,West,130456.77,Year,Y,Certified
EZYV15422,Asia,Bachelor's,Y,N,1663,1974,West,113439.92,Year,Y,Denied
EZYV6769,Asia,High School,N,N,2131,2013,Midwest,147.32,Hour,Y,Denied
EZYV9365,Europe,Doctorate,N,N,1173,1995,Northeast,50817.22,Year,Y,Certified
EZYV15616,Asia,Master's,N,N,4992,1939,Northeast,144751.79,Year,N,Certified
EZYV20442,Asia,Master's,N,N,1244,1993,West,89003.48,Year,Y,Certified
EZYV23829,Europe,Bachelor's,Y,Y,3723,1974,West,63619.51,Year,Y,Certified
EZYV23134,Asia,Master's,Y,N,1882,1985,Midwest,49110.34,Year,Y,Certified
EZYV17277,Asia,Bachelor's,N,N,2382,1933,South,219321.41,Year,N,Certified
EZYV21439,North America,Master's,Y,N,99,1817,Midwest,131909.96,Year,Y,Certified
EZYV12839,Asia,High School,Y,N,3622,2002,South,742.6434,Hour,Y,Denied
EZYV5450,Asia,Master's,Y,Y,1261,1998,South,121751.04,Year,Y,Certified
EZYV20244,Asia,Master's,Y,N,716,2013,South,104.83,Hour,Y,Certified
EZYV19199,Asia,Bachelor's,Y,N,2159,2004,West,16056.01,Year,Y,Certified
EZYV15587,Asia,Master's,N,N,425,1992,Midwest,102666.78,Year,Y,Certified
EZYV24980,South America,Bachelor's,Y,N,3943,1929,West,30683.88,Year,Y,Denied
EZYV11071,Asia,Master's,N,N,3006,2004,South,65865.69,Year,Y,Denied
EZYV20683,Europe,Doctorate,N,N,1121,2005,South,26201.0,Year,Y,Certified
EZYV11194,Asia,Bachelor's,Y,N,1732,1998,Northeast,68763.28,Year,Y,Certified
EZYV22370,South America,Master's,N,N,692,2009,West,75678.83,Year,Y,Denied
EZYV5970,Europe,High School,N,Y,1356,1981,South,15777.46,Year,Y,Denied
EZYV13652,North America,High School,N,Y,2297,2011,South,76686.56,Year,Y,Denied
EZYV3525,North America,Master's,Y,N,3963,1984,South,108118.76,Year,Y,Certified
EZYV2024,North America,Master's,Y,N,912,1988,West,86921.73,Year,N,Certified
EZYV24223,Europe,Bachelor's,Y,N,2848,1995,West,74.3597,Hour,Y,Denied
EZYV22841,Asia,High School,Y,N,3847,1986,West,111836.4,Year,Y,Certified
EZYV13369,North America,Master's,Y,N,5016,1999,South,15491.66,Year,Y,Certified
EZYV1018,Asia,Master's,N,N,3529,2008,Midwest,110781.9,Year,N,Certified
EZYV5676,Asia,Doctorate,Y,Y,4135,1997,West,5433.58,Year,Y,Certified
EZYV3539,Asia,Master's,Y,N,3642,1996,Northeast,49357.25,Year,Y,Certified
EZYV2769,Asia,Bachelor's,N,N,2391,1853,Northeast,34700.69,Year,Y,Denied
EZYV12327,Asia,Master's,Y,N,3171,1938,West,37064.04,Year,Y,Certified
EZYV12727,North America,Bachelor's,N,N,975,1997,South,213917.15,Year,Y,Denied
EZYV3026,Asia,Master's,Y,N,3578,1962,Northeast,117026.92,Year,Y,Certified
EZYV20310,Asia,Master's,N,N,2932,1855,Midwest,43594.05,Year,Y,Certified
EZYV3978,Europe,Bachelor's,Y,N,918,2001,Midwest,108223.07,Year,Y,Certified
EZYV22057,Asia,Bachelor's,Y,N,4031,2010,South,71594.08,Year,N,Denied
EZYV851,Asia,Bachelor's,N,N,4077,2010,Northeast,746.5986,Hour,Y,Denied
EZYV8871,Asia,Bachelor's,N,Y,632,1989,West,134011.22,Year,Y,Denied
EZYV5998,Europe,Bachelor's,Y,Y,3236,2000,West,69738.0,Year,Y,Certified
EZYV12926,North America,High School,N,N,1579,2005,South,133907.1,Year,Y,Denied
EZYV21650,Asia,Bachelor's,Y,N,3810,1978,West,154219.49,Year,Y,Certified
EZYV7525,Asia,Doctorate,N,N,157,2001,West,55912.95,Year,Y,Certified
EZYV3567,Asia,High School,Y,N,5541,2002,Midwest,43514.18,Year,Y,Denied
EZYV10621,Europe,Doctorate,Y,N,2012,1875,South,42685.07,Year,Y,Certified
EZYV8421,Europe,Doctorate,N,N,2412,1998,West,91603.2,Year,Y,Certified
EZYV13624,Asia,Master's,Y,N,581,1984,South,126379.02,Year,N,Denied
EZYV21288,Asia,Bachelor's,N,N,183,2008,South,20015.02,Year,Y,Certified
EZYV6452,Europe,Doctorate,N,N,3635,1990,West,37019.67,Year,Y,Certified
EZYV13380,Asia,High School,Y,N,2280,1948,Midwest,90909.14,Year,Y,Denied
EZYV3682,Asia,Bachelor's,N,N,2113,2001,Midwest,271344.69,Year,Y,Denied
EZYV3052,Asia,Bachelor's,N,N,1654,1999,Midwest,84864.39,Year,Y,Denied
EZYV948,North America,Master's,Y,N,1337,2002,Midwest,105152.57,Year,N,Certified
EZYV25099,Asia,Bachelor's,Y,N,756,1930,Northeast,102267.42,Year,Y,Certified
EZYV18427,Asia,Master's,Y,N,5714,1985,West,153171.28,Year,N,Certified
EZYV10368,South America,Master's,Y,Y,2599,2005,South,43760.22,Year,Y,Denied
EZYV4531,Europe,Doctorate,Y,N,4279,2010,West,824.58,Year,Y,Certified
EZYV22018,North America,Master's,N,N,23324,2003,South,75227.06,Year,Y,Certified
EZYV1384,Asia,Master's,Y,N,4952,1992,South,148406.27,Year,N,Certified
EZYV1336,North America,Master's,Y,N,2974,2012,South,64889.36,Year,N,Certified
EZYV768,Asia,Bachelor's,Y,N,1573,2008,West,31190.56,Year,Y,Certified
EZYV16603,Asia,Bachelor's,N,Y,2127,2001,South,120022.22,Year,Y,Denied
EZYV50,Asia,Doctorate,N,Y,2171,1960,Northeast,49565.37,Year,Y,Denied
EZYV10859,Europe,Doctorate,Y,N,2644,2004,West,41850.56,Year,Y,Certified
EZYV24952,Europe,Doctorate,N,N,1023,2001,South,48788.47,Year,Y,Certified
EZYV4642,Africa,Master's,Y,N,4642,1989,Midwest,124895.0,Year,Y,Certified
EZYV24939,Asia,Bachelor's,Y,N,4390,1983,South,98718.41,Year,Y,Certified
EZYV24244,North America,Master's,N,N,950,1995,Midwest,87060.78,Year,N,Certified
EZYV24623,Asia,Bachelor's,Y,Y,1008,1900,West,58251.56,Year,Y,Certified
EZYV10130,Asia,High School,N,N,1270,1985,Midwest,120137.23,Year,Y,Denied
EZYV3319,Europe,Doctorate,Y,N,627,1876,Northeast,94042.93,Year,Y,Certified
EZYV4521,Asia,High School,N,N,118,1997,Northeast,74396.6,Year,Y,Denied
EZYV12647,Asia,High School,Y,N,321,2003,South,42857.08,Year,Y,Denied
EZYV15342,Asia,Master's,Y,N,4764,1976,South,43695.85,Year,N,Denied
EZYV22894,Asia,Bachelor's,Y,N,1396,2006,West,94110.23,Year,Y,Denied
EZYV17652,Asia,Bachelor's,Y,N,2821,1997,Northeast,47210.93,Year,Y,Denied
EZYV19796,Asia,Master's,Y,N,1509,2002,Northeast,158296.93,Year,Y,Denied
EZYV6351,Asia,Bachelor's,N,Y,241,2012,West,45991.89,Year,Y,Denied
EZYV23711,North America,Doctorate,Y,N,727,1938,Northeast,5704.88,Year,Y,Certified
EZYV10705,Europe,Doctorate,N,N,9653,2003,West,24609.11,Year,Y,Certified
EZYV25245,Asia,Bachelor's,Y,N,406,2007,South,128289.76,Year,Y,Certified
EZYV18179,Oceania,Bachelor's,Y,N,112,1963,West,127778.82,Year,Y,Certified
EZYV16288,Asia,Bachelor's,Y,Y,2278,2004,West,108940.94,Year,Y,Certified
EZYV1334,Asia,Bachelor's,Y,N,3754,1963,South,17.519,Hour,Y,Certified
EZYV9938,Asia,Bachelor's,Y,N,1353,1992,South,206657.73,Year,N,Denied
EZYV10613,Asia,Master's,Y,N,3166,2001,Midwest,157218.73,Year,Y,Certified
EZYV19884,Asia,Bachelor's,N,N,102516,1923,Island,107345.47,Year,Y,Certified
EZYV10017,Asia,Master's,Y,N,9255,1997,South,132004.47,Year,Y,Certified
EZYV14045,North America,Master's,N,N,2192,1993,South,120737.62,Year,Y,Denied
EZYV21576,North America,Master's,Y,N,4196,2010,Midwest,110878.38,Year,N,Certified
EZYV23924,Asia,Master's,Y,N,2849,2009,South,125106.92,Year,N,Certified
EZYV13851,Europe,Doctorate,Y,N,4713,2000,West,38663.24,Year,Y,Certified
EZYV22293,Europe,Bachelor's,Y,Y,1461,1999,Midwest,41931.78,Year,Y,Certified
EZYV11941,Asia,Bachelor's,Y,N,1751,1997,Northeast,57634.0,Year,Y,Certified
EZYV5473,Asia,Doctorate,Y,N,4233,1994,South,151735.8,Year,Y,Certified
EZYV17229,Europe,Master's,N,N,4636,1975,West,72008.95,Year,Y,Certified
EZYV18456,Asia,Bachelor's,Y,N,28,1997,Northeast,124686.12,Year,Y,Certified
EZYV8355,Asia,Master's,Y,N,1361,1982,Midwest,79000.86,Year,Y,Certified
EZYV3216,Asia,Doctorate,Y,N,4329,1994,Northeast,29814.74,Year,Y,Certified
EZYV16954,Asia,High School,N,N,797,1995,South,73673.0,Year,Y,Denied
EZYV8908,Asia,Master's,Y,N,1611,1971,South,81389.82,Year,Y,Certified
EZYV18594,Asia,Bachelor's,Y,N,4703,2003,West,105675.34,Year,N,Certified
EZYV4612,Asia,Master's,Y,N,4513,1877,West,94135.92,Year,Y,Certified
EZYV19942,Asia,Master's,N,N,788,1986,South,145357.88,Year,N,Denied
EZYV14597,Europe,Master's,Y,N,5235,1991,West,70130.99,Year,Y,Certified
EZYV8282,Asia,Bachelor's,Y,N,491,1911,Northeast,83132.53,Year,Y,Certified
EZYV20001,Asia,Bachelor's,N,N,2342,2007,Northeast,114357.35,Year,Y,Denied
EZYV17611,Asia,Master's,N,N,3150,1948,Midwest,62714.24,Year,Y,Certified
EZYV22595,Asia,Master's,Y,N,2411,2008,Midwest,66894.61,Year,Y,Certified
EZYV7237,Asia,Master's,Y,N,1935,1995,West,17039.44,Year,Y,Certified
EZYV21241,Asia,Bachelor's,N,N,873,1998,Northeast,90518.9,Year,Y,Certified
EZYV21535,Europe,Doctorate,N,N,795,1962,Northeast,41164.33,Year,Y,Certified
EZYV6512,Asia,Master's,N,N,239,2001,Northeast,698.944,Hour,Y,Certified
EZYV6743,Asia,Master's,Y,N,1691,2008,West,108129.41,Year,Y,Certified
EZYV16567,Asia,Master's,Y,Y,3478,1987,South,116879.57,Year,Y,Certified
EZYV6674,North America,Bachelor's,Y,Y,4558,2005,South,112821.3,Year,Y,Certified
EZYV11127,South America,Master's,N,N,28007,1975,South,56242.04,Year,Y,Certified
EZYV19738,Asia,Bachelor's,Y,N,1843,1987,Northeast,113727.41,Year,Y,Certified
EZYV8288,Europe,High School,Y,N,397,1992,Midwest,95111.16,Year,Y,Denied
EZYV13008,Europe,Doctorate,Y,N,301,1933,West,62032.26,Year,Y,Certified
EZYV12263,Asia,Bachelor's,N,Y,2728,1874,South,785.764,Hour,Y,Denied
EZYV7011,Asia,Bachelor's,Y,N,95250,1912,South,22804.77,Year,Y,Certified
EZYV4951,Asia,Master's,Y,N,3279,2007,Northeast,150062.69,Year,Y,Certified
EZYV24756,North America,Bachelor's,Y,N,2376,2000,Island,497.5459,Hour,Y,Denied
EZYV23250,Asia,Bachelor's,Y,N,56246,1962,Midwest,30969.12,Year,Y,Denied
EZYV16143,North America,Master's,Y,N,3970,1995,Northeast,134727.08,Year,N,Certified
EZYV22608,Asia,High School,Y,Y,3262,2007,Northeast,65008.86,Year,Y,Certified
EZYV15262,Asia,Bachelor's,Y,N,1990,2006,West,112535.04,Year,Y,Certified
EZYV10452,Europe,Master's,N,N,18758,1956,South,26765.26,Year,Y,Certified
EZYV2701,North America,Bachelor's,N,N,1756,1841,West,47.2736,Hour,Y,Denied
EZYV22664,Asia,Doctorate,Y,N,3104,1998,Midwest,57557.33,Year,Y,Certified
EZYV22466,Asia,Bachelor's,N,N,29062,1995,Northeast,641.5868,Hour,Y,Denied
EZYV13654,Asia,Bachelor's,N,N,2303,2005,West,13446.63,Year,Y,Denied
EZYV9846,Asia,High School,Y,N,864,1954,South,95377.75,Year,Y,Denied
EZYV10484,Asia,Bachelor's,N,N,270,1983,West,75549.71,Year,Y,Certified
EZYV15444,Asia,Bachelor's,Y,N,2568,1994,West,24461.65,Year,Y,Denied
EZYV5363,Asia,Bachelor's,N,N,2690,2001,South,20314.12,Year,Y,Certified
EZYV15782,Asia,Bachelor's,Y,N,254,2008,West,68457.53,Year,Y,Certified
EZYV24167,North America,High School,Y,N,1115,1971,Northeast,78620.04,Year,Y,Denied
EZYV21477,Europe,Doctorate,N,N,4868,1995,West,27953.86,Year,Y,Certified
EZYV1934,Asia,Master's,Y,N,11372,1965,Midwest,104657.68,Year,Y,Certified
EZYV16244,Europe,Master's,Y,Y,817,1926,Northeast,100176.23,Year,Y,Denied
EZYV7193,North America,Bachelor's,Y,N,1955,2013,West,28813.97,Month,Y,Certified
EZYV23201,Asia,Bachelor's,Y,N,2673,2003,West,133854.95,Year,Y,Certified
EZYV13359,Asia,High School,Y,N,1552,2010,Northeast,13956.67,Year,Y,Denied
EZYV21209,Asia,Master's,Y,N,5059,2008,South,83451.18,Year,N,Denied
EZYV22237,Asia,Bachelor's,Y,N,19,1987,Northeast,234.1894,Hour,Y,Denied
EZYV14095,Asia,High School,N,N,6911,1963,West,80608.6,Year,N,Denied
EZYV21937,North America,Bachelor's,Y,N,1916,2012,West,37627.21,Year,Y,Certified
EZYV16630,Asia,Bachelor's,Y,N,1272,1907,West,251654.81,Year,Y,Certified
EZYV2465,Asia,Bachelor's,Y,N,2648,1999,Northeast,114878.69,Year,Y,Certified
EZYV14323,North America,Doctorate,Y,N,3663,1855,Northeast,43562.95,Year,Y,Certified
EZYV14411,Asia,Bachelor's,Y,N,4312,2007,West,30307.23,Year,Y,Certified
EZYV3039,Asia,Bachelor's,N,N,1717,1954,Northeast,47402.06,Year,Y,Denied
EZYV18874,North America,Master's,N,N,4914,1999,West,4639.83,Year,N,Denied
EZYV13585,Asia,Bachelor's,N,N,923,2006,Midwest,46818.17,Year,Y,Certified
EZYV23604,North America,Master's,N,N,2158,1977,West,424.768,Hour,Y,Denied
EZYV20430,Asia,Master's,N,N,3446,1947,Midwest,115142.42,Year,Y,Certified
EZYV25260,Asia,Bachelor's,Y,N,1530,2007,South,218094.61,Year,Y,Certified
EZYV11021,Europe,Master's,N,N,493,1954,West,32562.11,Year,Y,Certified
EZYV24036,North America,Master's,Y,N,2744,2006,Northeast,125960.81,Year,Y,Certified
EZYV25417,Asia,Master's,N,N,1155,2008,Midwest,85895.45,Year,Y,Certified
EZYV20355,Asia,Bachelor's,Y,N,70245,1992,West,124715.65,Year,Y,Denied
EZYV13324,Europe,Master's,Y,N,3568,2010,South,49642.64,Year,Y,Certified
EZYV9902,Asia,Bachelor's,Y,N,4015,2012,South,19338.78,Year,Y,Certified
EZYV13126,Asia,Bachelor's,N,N,2065,1965,West,89707.68,Year,Y,Certified
EZYV19075,Europe,Bachelor's,Y,N,1267,2012,West,72912.0,Year,Y,Certified
EZYV12128,Asia,Master's,Y,N,4502,1845,Northeast,154279.02,Year,Y,Certified
EZYV12348,Asia,Doctorate,N,N,2194,1993,South,70777.93,Year,Y,Certified
EZYV15883,Asia,Master's,N,N,2118,1993,Midwest,573.2926,Hour,Y,Denied
EZYV19649,Europe,High School,Y,N,18190,1986,Midwest,70954.28,Year,Y,Certified
EZYV4432,North America,Master's,Y,N,890,1978,West,101561.38,Year,Y,Denied
EZYV20022,Asia,Bachelor's,Y,N,1542,2007,Midwest,2842.39,Year,Y,Certified
EZYV7599,Asia,Master's,Y,N,1069,2006,Northeast,103135.73,Year,N,Certified
EZYV5415,Asia,Bachelor's,N,N,321,1985,Northeast,54184.27,Year,Y,Certified
EZYV25018,Asia,Bachelor's,Y,N,3206,1998,Midwest,95448.09,Year,Y,Certified
EZYV6764,Oceania,Doctorate,Y,N,398,1903,Midwest,67854.66,Year,Y,Certified
EZYV11266,Asia,Master's,Y,N,1773,2014,Midwest,31753.57,Year,Y,Certified
EZYV25254,Asia,Master's,Y,N,1860,1971,West,118067.65,Year,N,Certified
EZYV22788,Asia,Master's,Y,N,842,1838,South,67662.18,Year,Y,Certified
EZYV7383,Asia,Bachelor's,Y,N,3157,1962,West,72036.8,Year,Y,Certified
EZYV772,North America,Bachelor's,Y,N,2098,2011,Midwest,62446.69,Year,Y,Certified
EZYV17755,North America,Bachelor's,N,N,2794,2012,Northeast,56718.33,Year,Y,Certified
EZYV8174,Asia,Bachelor's,Y,Y,3506,1936,South,44503.62,Week,Y,Denied
EZYV4492,Asia,High School,N,Y,1917,2006,South,206777.29,Year,Y,Denied
EZYV19519,Asia,Doctorate,N,N,1826,1974,West,99957.65,Year,N,Certified
EZYV11397,Asia,Bachelor's,Y,N,2890,1984,South,18754.88,Year,Y,Certified
EZYV8099,Asia,Doctorate,N,N,1307,2003,South,126549.52,Year,N,Certified
EZYV5518,Asia,Master's,N,N,1008,2012,West,563.3494,Hour,Y,Certified
EZYV18156,North America,Master's,Y,N,1617,1999,Midwest,90735.69,Year,Y,Certified
EZYV5269,North America,High School,Y,N,2649,1997,West,3199.81,Year,Y,Certified
EZYV11005,Asia,Master's,N,N,2481,1991,Midwest,81638.57,Year,Y,Certified
EZYV12991,North America,Master's,N,N,16222,1928,West,174695.96,Year,Y,Certified
EZYV6833,North America,Master's,Y,N,1666,1869,Northeast,30452.7,Year,Y,Denied
EZYV5425,Africa,Bachelor's,N,N,831,1967,Northeast,100326.53,Week,Y,Certified
EZYV2971,Asia,High School,N,N,1065,1981,South,76929.71,Year,Y,Denied
EZYV7046,Asia,Bachelor's,N,Y,2700,2001,South,80383.55,Year,Y,Denied
EZYV14562,Asia,Bachelor's,N,N,1020,2002,Midwest,56530.98,Year,Y,Certified
EZYV25202,North America,Bachelor's,Y,N,4250,1969,South,76005.09,Year,Y,Certified
EZYV14878,Asia,Bachelor's,N,N,197,2000,West,322.705,Hour,Y,Denied
EZYV23997,Asia,Master's,Y,N,4036,1996,West,86774.91,Year,N,Certified
EZYV23484,Asia,Bachelor's,Y,N,2461,1946,West,5277.7,Year,Y,Certified
EZYV18253,Asia,High School,N,Y,2101,1971,South,116558.27,Year,Y,Certified
EZYV23258,Asia,Bachelor's,Y,N,2213,2009,West,50232.84,Year,Y,Denied
EZYV14129,North America,High School,Y,N,4698,2003,South,28839.19,Year,Y,Denied
EZYV1106,Asia,Master's,Y,N,2333,1979,Midwest,55450.8,Year,Y,Certified
EZYV24496,Asia,Bachelor's,Y,N,3473,1921,Midwest,76756.53,Year,Y,Certified
EZYV23453,Asia,High School,Y,N,6449,2005,Northeast,87598.83,Year,Y,Certified
EZYV9002,Asia,Bachelor's,Y,N,887,2006,Midwest,35249.16,Year,Y,Certified
EZYV12297,Asia,High School,Y,N,1093,1994,Island,91372.95,Year,Y,Denied
EZYV12843,North America,Master's,Y,N,5561,2013,Northeast,44709.7,Year,Y,Certified
EZYV1211,Asia,Master's,N,N,1014,1998,Midwest,115914.25,Year,Y,Certified
EZYV9393,Asia,High School,N,N,1836,1998,South,140421.08,Year,Y,Denied
EZYV14183,Asia,Bachelor's,N,N,4143,1959,West,7354.02,Year,Y,Denied
EZYV39,Asia,Bachelor's,Y,Y,2206,1909,Northeast,50960.01,Year,Y,Certified
EZYV23271,Asia,Bachelor's,Y,N,385,1923,Northeast,49208.09,Year,Y,Certified
EZYV18948,Asia,Master's,Y,N,786,2012,South,49160.78,Year,Y,Certified
EZYV21170,Asia,Doctorate,Y,N,48469,1976,Northeast,242507.42,Year,Y,Denied
EZYV18983,Asia,Bachelor's,N,N,1630,1899,Northeast,430.8194,Hour,Y,Denied
EZYV18667,South America,Bachelor's,N,Y,114,2004,Northeast,92586.31,Year,Y,Denied
EZYV7577,Asia,Master's,Y,N,53966,1889,South,47664.79,Year,Y,Certified
EZYV22428,Asia,Bachelor's,N,N,1677,1990,Northeast,878.2895,Hour,Y,Denied
EZYV6018,Asia,Master's,N,N,2530,2006,West,66865.97,Year,N,Certified
EZYV25125,Asia,Bachelor's,N,Y,10913,2008,Northeast,98965.69,Year,Y,Certified
EZYV22979,Asia,Bachelor's,N,N,21414,2006,Northeast,42154.73,Year,Y,Certified
EZYV14932,Europe,Master's,N,Y,4798,1989,Northeast,22869.08,Year,Y,Certified
EZYV11039,Asia,Master's,Y,N,5388,2006,West,12316.36,Year,Y,Certified
EZYV16253,North America,Master's,N,N,3360,2002,Northeast,885.354,Hour,Y,Denied
EZYV9157,Asia,Master's,N,N,3064,1999,Northeast,131422.21,Week,Y,Certified
EZYV20311,Asia,Master's,Y,N,3704,2005,Midwest,148731.76,Year,Y,Certified
EZYV8937,Asia,Master's,Y,N,440,2006,West,27208.4,Year,Y,Certified
EZYV19466,Europe,Bachelor's,Y,N,2764,1943,South,29627.41,Year,Y,Certified
EZYV2979,Asia,High School,Y,N,2024,1981,Northeast,96679.65,Year,Y,Denied
EZYV5306,Asia,Master's,Y,N,551,1819,Northeast,90196.42,Year,N,Certified
EZYV20180,Asia,Bachelor's,Y,N,2464,1971,Northeast,25579.7,Year,Y,Denied
EZYV16635,North America,Bachelor's,N,N,510,1888,Northeast,717.2229,Hour,Y,Denied
EZYV20285,Asia,Master's,Y,N,119168,1980,West,118217.28,Year,Y,Certified
EZYV15897,North America,Master's,Y,N,2948,1999,Northeast,66806.32,Year,Y,Certified
EZYV1092,Africa,Master's,Y,N,3074,1875,Northeast,147576.26,Year,Y,Certified
EZYV24988,North America,Master's,N,N,790,1917,West,61048.12,Year,Y,Certified
EZYV18115,Asia,High School,N,N,1046,2005,Midwest,148124.24,Year,Y,Certified
EZYV7815,Asia,Bachelor's,Y,N,2953,1836,West,124573.61,Year,Y,Denied
EZYV24373,Asia,Master's,Y,Y,1742,1989,West,90442.37,Year,Y,Certified
EZYV1312,Asia,Master's,N,N,21299,2006,West,34696.51,Year,Y,Denied
EZYV5441,North America,Master's,N,N,150,2004,Northeast,61406.91,Year,N,Certified
EZYV4226,Asia,Master's,N,N,768,2002,Northeast,128.37,Hour,Y,Denied
EZYV14722,South America,Master's,Y,N,1989,2000,Midwest,140500.24,Year,Y,Certified
EZYV3010,Asia,High School,Y,N,2303,1968,Northeast,98138.33,Year,Y,Denied
EZYV11035,Oceania,High School,N,N,4332,2005,Northeast,110241.0,Year,Y,Denied
EZYV17958,North America,Master's,N,N,77,2012,South,205657.48,Year,N,Certified
EZYV8952,Asia,Master's,Y,N,159,1885,Midwest,78233.42,Year,Y,Certified
EZYV12329,Asia,Bachelor's,N,N,4160,1968,Midwest,166973.76,Year,Y,Certified
EZYV20002,Asia,High School,Y,N,817,1998,South,222868.81,Year,Y,Certified
EZYV18762,Asia,Master's,Y,N,3755,2008,South,40.1191,Hour,Y,Denied
EZYV1769,Asia,Bachelor's,Y,N,134,1998,South,14316.91,Year,Y,Certified
EZYV15524,Asia,Master's,N,N,3374,2008,South,127430.73,Year,Y,Denied
EZYV1806,Asia,High School,N,Y,612,1999,Midwest,161331.01,Year,Y,Certified
EZYV572,Asia,High School,N,N,2122,2005,South,80604.66,Year,N,Certified
EZYV9514,Asia,Master's,N,N,1096,2007,Northeast,45567.26,Year,N,Certified
EZYV22673,Asia,High School,Y,N,862,2007,West,110721.55,Year,Y,Certified
EZYV13487,Europe,Master's,N,N,81546,2010,West,64534.13,Year,Y,Certified
EZYV6707,Asia,Master's,N,N,4378,1992,West,119380.62,Year,Y,Certified
EZYV17882,Asia,Bachelor's,Y,N,1476,1992,West,126016.18,Year,Y,Denied
EZYV3356,Europe,High School,Y,Y,3308,2000,South,151192.05,Year,Y,Denied
EZYV22406,Asia,Master's,Y,N,1096,2001,Northeast,80487.63,Year,Y,Certified
EZYV3512,Europe,Master's,Y,N,4806,1882,Northeast,69758.55,Year,Y,Certified
EZYV12308,Asia,Bachelor's,N,N,2347,2005,West,54806.84,Year,N,Denied
EZYV8412,Asia,Bachelor's,Y,N,2410,2008,South,50509.2,Year,Y,Denied
EZYV5307,North America,Bachelor's,Y,N,4432,1946,Northeast,87214.24,Year,N,Certified
EZYV4858,Europe,Bachelor's,N,N,11724,1969,West,82503.81,Year,Y,Certified
EZYV6120,Asia,Master's,N,N,774,1920,Midwest,32459.35,Year,Y,Certified
EZYV20469,Asia,Bachelor's,Y,N,1018,1981,South,293.03,Year,Y,Denied
EZYV9933,North America,Master's,Y,N,1720,1839,South,97406.75,Year,Y,Certified
EZYV3245,North America,Master's,Y,N,3868,1993,Northeast,52337.5,Year,Y,Certified
EZYV21212,Europe,Master's,Y,N,982,1997,Midwest,171220.38,Year,Y,Certified
EZYV1339,Asia,Master's,Y,N,1571,1837,Midwest,120382.79,Year,Y,Certified
EZYV12057,North America,Bachelor's,N,N,3191,1977,West,170236.68,Year,Y,Certified
EZYV3890,Asia,Master's,Y,N,2142,1984,West,64402.73,Year,Y,Certified
EZYV5189,Asia,Bachelor's,N,Y,26692,1979,West,6232.81,Year,Y,Certified
EZYV18840,Asia,Master's,N,N,991,2010,Midwest,130409.56,Year,Y,Certified
EZYV20020,Europe,Doctorate,Y,N,4000,2001,Northeast,87639.1,Year,Y,Certified
EZYV22875,Asia,Bachelor's,Y,N,1288,1996,West,60817.79,Year,Y,Certified
EZYV21950,Asia,Master's,N,N,1116,2002,Island,106313.08,Year,Y,Certified
EZYV24596,Asia,Master's,N,N,1997,1995,Northeast,97603.99,Year,Y,Denied
EZYV702,Asia,High School,Y,N,1698,1975,West,51177.11,Year,Y,Denied
EZYV4157,Europe,Bachelor's,N,N,5440,2010,West,25373.8,Year,Y,Certified
EZYV21051,Europe,Master's,Y,N,1499,2013,South,42385.24,Year,Y,Certified
EZYV22438,North America,Bachelor's,N,N,1844,1977,Midwest,166548.89,Year,Y,Denied
EZYV6815,Asia,Master's,N,N,2144,1862,West,217.2719,Hour,N,Certified
EZYV7439,Asia,Bachelor's,Y,N,2234,2008,West,41415.36,Year,Y,Denied
EZYV6327,Asia,Master's,Y,N,1429,1995,South,68106.14,Year,Y,Certified
EZYV18124,Africa,Bachelor's,N,N,5270,2001,Northeast,41560.63,Year,Y,Certified
EZYV23941,Asia,Bachelor's,N,N,1723,1889,West,277.3422,Hour,Y,Certified
EZYV14908,Asia,Bachelor's,N,Y,1141,2011,South,42838.64,Year,Y,Certified
EZYV20621,North America,Master's,Y,N,4063,2007,West,95073.85,Year,Y,Certified
EZYV14777,South America,Bachelor's,N,N,355,1993,Midwest,81457.08,Year,Y,Certified
EZYV16461,Asia,Bachelor's,N,N,7687,2012,Northeast,68408.42,Year,Y,Denied
EZYV21194,Asia,Master's,Y,N,1557,1995,Midwest,129996.95,Year,N,Certified
EZYV15055,Asia,Doctorate,Y,N,3266,1991,West,142128.23,Year,Y,Certified
EZYV3198,Oceania,Bachelor's,Y,N,1072,1996,Midwest,15650.37,Week,Y,Denied
EZYV2117,Asia,Bachelor's,N,N,4559,1838,Northeast,41823.95,Year,N,Denied
EZYV15742,North America,Master's,Y,N,2457,1966,Northeast,99573.51,Year,Y,Certified
EZYV23653,North America,Master's,N,Y,618,2008,Northeast,54027.96,Year,Y,Denied
EZYV21894,Europe,Doctorate,N,N,143,1989,West,27126.16,Year,Y,Denied
EZYV18988,Asia,Doctorate,N,Y,1192,1985,Northeast,44947.68,Year,Y,Certified
EZYV6338,Europe,Doctorate,Y,N,3493,2008,Northeast,58420.88,Year,Y,Certified
EZYV17342,Asia,Master's,Y,N,2923,2001,South,113057.59,Year,Y,Certified
EZYV4686,Asia,Bachelor's,Y,N,3247,1902,Northeast,96447.64,Year,Y,Certified
EZYV8164,Asia,Master's,Y,N,3119,2006,Island,155918.24,Year,N,Certified
EZYV19504,Europe,Doctorate,N,Y,2788,2013,West,47813.54,Year,Y,Certified
EZYV389,North America,Doctorate,N,N,1200,1996,Midwest,107875.51,Year,Y,Certified
EZYV6129,North America,Master's,N,N,3053,1974,Midwest,138170.18,Year,N,Certified
EZYV13694,Africa,High School,Y,N,2031,1953,West,135522.68,Year,Y,Denied
EZYV4783,Asia,Master's,Y,N,329,2010,West,83319.98,Year,Y,Certified
EZYV23524,Asia,Bachelor's,Y,N,1181,2006,West,111890.07,Year,N,Certified
EZYV11727,Asia,Bachelor's,Y,N,1446,1980,South,72046.27,Year,Y,Certified
EZYV3440,Asia,Master's,Y,N,3509,2002,Northeast,141441.04,Year,Y,Certified
EZYV6093,Asia,High School,Y,N,562,1991,West,15728.3,Year,Y,Denied
EZYV16294,Asia,Bachelor's,N,N,3196,2001,Northeast,4519.36,Year,Y,Certified
EZYV7294,Asia,Master's,Y,N,1647,2007,West,100353.56,Year,Y,Certified
EZYV19794,Asia,Bachelor's,Y,Y,328,2004,South,79537.39,Year,Y,Certified
EZYV963,Europe,High School,Y,N,3944,2005,Northeast,276.7576,Hour,Y,Denied
EZYV22803,Asia,Master's,N,N,2314,1988,Northeast,84275.87,Year,Y,Certified
EZYV4867,Asia,Master's,Y,N,4105,2009,South,48433.95,Year,Y,Certified
EZYV17472,Asia,Master's,Y,Y,854,2008,Northeast,97132.43,Year,Y,Denied
EZYV8305,North America,Master's,N,N,1341,1988,South,65778.96,Year,Y,Certified
EZYV2163,Asia,Bachelor's,N,N,28916,1968,Northeast,101389.25,Year,N,Denied
EZYV6905,Asia,Bachelor's,Y,N,2229,1979,Northeast,110082.91,Year,Y,Certified
EZYV20153,North America,Bachelor's,N,Y,5718,2003,South,103387.55,Year,Y,Certified
EZYV3731,South America,Master's,N,N,4449,1983,Midwest,87653.0,Year,Y,Denied
EZYV15769,South America,Bachelor's,Y,N,2911,1952,West,130.0671,Hour,Y,Denied
EZYV262,Asia,Master's,N,Y,2854,1843,Northeast,138642.17,Year,Y,Denied
EZYV17859,Europe,Doctorate,N,N,3723,1881,West,121608.16,Year,Y,Certified
EZYV20320,Asia,Master's,Y,N,6215,2011,Northeast,247084.9,Year,N,Certified
EZYV5409,Asia,Master's,Y,N,1341,1980,South,150777.36,Year,Y,Certified
EZYV18925,North America,Bachelor's,Y,N,2573,1992,Northeast,94158.75,Year,Y,Certified
EZYV13222,Europe,Master's,N,N,2960,1977,West,136961.84,Year,Y,Certified
EZYV5048,Asia,Master's,Y,N,3983,1997,Northeast,17874.54,Year,Y,Certified
EZYV13241,Asia,Doctorate,N,N,1876,1996,Northeast,28759.98,Year,Y,Certified
EZYV4955,Europe,Doctorate,Y,N,3140,1940,West,5947.12,Year,Y,Certified
EZYV15179,Europe,Master's,Y,Y,3326,1986,West,78458.07,Year,Y,Certified
EZYV2933,Asia,Bachelor's,Y,N,3360,1968,West,3293.05,Year,Y,Certified
EZYV6318,Oceania,Master's,Y,N,3156,2005,West,90795.28,Year,Y,Denied
EZYV24672,Asia,Master's,Y,N,1035,1994,West,17125.77,Year,Y,Certified
EZYV987,Asia,Bachelor's,Y,N,444,2013,West,29951.72,Year,Y,Certified
EZYV21530,Europe,Bachelor's,N,N,4718,1856,South,418.7553,Hour,Y,Denied
EZYV1140,Asia,Bachelor's,Y,Y,516,1999,Northeast,110798.53,Year,Y,Certified
EZYV1111,North America,Master's,Y,N,2953,1999,South,82810.17,Year,N,Certified
EZYV16212,Asia,High School,Y,N,95,2003,South,961.529,Hour,Y,Denied
EZYV13412,Asia,Master's,Y,N,42014,1992,Midwest,104565.37,Year,N,Denied
EZYV16174,Asia,Bachelor's,N,N,154,1920,West,28601.68,Year,Y,Denied
EZYV17663,Asia,Bachelor's,Y,N,4530,1997,Midwest,20414.23,Year,Y,Certified
EZYV24739,Asia,Bachelor's,N,N,1555,2011,West,62465.41,Year,Y,Certified
EZYV24358,Asia,Master's,Y,N,1577,1995,Northeast,71213.07,Year,Y,Certified
EZYV2881,North America,Bachelor's,Y,N,2525,2009,Northeast,69782.64,Year,Y,Denied
EZYV69,Asia,Bachelor's,Y,Y,2654,2013,Midwest,153019.94,Year,Y,Certified
EZYV19971,Europe,Bachelor's,Y,Y,3065,1994,West,898.29,Year,Y,Certified
EZYV18637,South America,Doctorate,Y,N,1586,1888,Northeast,29490.88,Year,Y,Certified
EZYV9409,Asia,Master's,Y,N,1452,1962,West,131032.99,Year,Y,Certified
EZYV5424,Europe,Bachelor's,N,N,2215,2000,West,19618.82,Year,Y,Certified
EZYV22038,Asia,High School,Y,N,485,1998,South,126590.38,Year,Y,Certified
EZYV2303,Asia,Master's,N,N,2673,1817,Midwest,75779.91,Year,Y,Certified
EZYV7196,Asia,Bachelor's,Y,N,80,2004,Northeast,30705.85,Year,Y,Denied
EZYV15252,Asia,Master's,Y,N,4425,2005,South,157326.55,Year,Y,Certified
EZYV10066,Europe,Doctorate,N,N,350,2000,West,85460.96,Year,Y,Certified
EZYV8507,North America,Master's,N,N,1789,1949,South,43967.61,Year,Y,Certified
EZYV20602,Asia,Bachelor's,Y,Y,3922,2001,West,615.32,Year,Y,Denied
EZYV23845,Oceania,Bachelor's,Y,N,1985,1968,Midwest,74959.05,Year,Y,Certified
EZYV23367,Asia,Master's,N,N,4509,1986,Midwest,99331.97,Year,Y,Certified
EZYV8414,Asia,High School,Y,N,2702,1996,Midwest,34908.02,Year,Y,Denied
EZYV23218,Asia,Master's,Y,N,773,1878,South,64342.41,Year,N,Certified
EZYV11369,Asia,Bachelor's,N,N,3924,2004,West,52687.18,Year,Y,Denied
EZYV19079,Asia,Master's,Y,N,1885,2005,Midwest,84416.39,Year,Y,Certified
EZYV2400,Asia,High School,Y,N,171,2005,West,48301.75,Year,Y,Denied
EZYV21836,Asia,Bachelor's,Y,N,1244,1991,Northeast,41634.32,Year,Y,Certified
EZYV5228,Asia,Bachelor's,Y,N,2978,1984,Northeast,102.6,Hour,Y,Certified
EZYV16363,Asia,Master's,Y,N,645,1979,Island,72250.41,Year,Y,Certified
EZYV22381,Asia,Master's,Y,N,4509,2006,South,22326.45,Year,Y,Certified
EZYV16742,Europe,Bachelor's,N,N,1650,2010,Midwest,79685.21,Year,Y,Certified
EZYV6108,Asia,Master's,N,N,3541,2011,Midwest,68654.09,Year,Y,Certified
EZYV19301,Asia,Master's,Y,N,5358,1840,West,709.5354,Hour,Y,Certified
EZYV10434,Europe,High School,Y,N,3978,1997,Northeast,59649.78,Year,Y,Denied
EZYV21503,Asia,Master's,Y,N,2207,2012,Northeast,158578.79,Year,N,Denied
EZYV18262,Europe,Doctorate,Y,N,2880,1900,Northeast,82716.91,Year,Y,Certified
EZYV20260,Asia,High School,Y,N,1822,1993,Midwest,137632.63,Year,Y,Certified
EZYV5342,Europe,Doctorate,Y,N,995,1969,West,107820.17,Year,Y,Certified
EZYV10227,North America,Master's,Y,N,1267,2006,Northeast,123640.01,Year,Y,Certified
EZYV25412,Asia,Master's,Y,N,1963,1999,West,49482.51,Year,Y,Denied
EZYV20276,Asia,High School,Y,Y,1688,1983,Island,24987.84,Year,Y,Certified
EZYV19092,Europe,Bachelor's,Y,N,2230,2012,Northeast,55998.77,Year,Y,Certified
EZYV25436,Europe,Bachelor's,N,N,1606,1998,South,126329.96,Year,Y,Certified
EZYV1787,Europe,High School,N,N,2684,1855,South,91320.94,Year,Y,Certified
EZYV7566,Asia,Master's,N,N,2161,2013,Northeast,843.5481,Hour,Y,Certified
EZYV22706,Europe,Master's,Y,N,3392,2000,West,23279.37,Year,Y,Certified
EZYV1750,Asia,Bachelor's,N,N,3831,1999,South,32092.38,Year,Y,Certified
EZYV18086,Asia,Bachelor's,Y,N,350,1911,South,38133.81,Year,Y,Denied
EZYV4511,Europe,Bachelor's,N,N,1814,2013,West,60541.5,Year,Y,Certified
EZYV24509,Asia,Master's,N,N,1403,2001,West,73609.5,Year,Y,Denied
EZYV4663,Asia,Master's,N,N,2857,1946,Northeast,225268.13,Year,N,Denied
EZYV24751,Asia,Master's,Y,N,3567,1965,Northeast,86666.84,Year,Y,Certified
EZYV16863,Asia,Master's,Y,N,360,1976,South,46894.87,Year,Y,Certified
EZYV11123,Asia,Master's,Y,N,1131,2000,Midwest,139741.3,Year,Y,Certified
EZYV25183,Asia,Doctorate,Y,N,2160,1989,Northeast,27355.23,Year,Y,Certified
EZYV4122,Asia,Master's,Y,N,683,1895,Northeast,117120.98,Year,Y,Certified
EZYV20290,Europe,Bachelor's,Y,Y,2684,2011,Northeast,96036.58,Year,Y,Certified
EZYV20350,Asia,High School,Y,N,5353,1996,Northeast,18799.76,Year,Y,Certified
EZYV9440,Africa,Master's,Y,N,4465,1998,West,104280.91,Year,Y,Certified
EZYV8385,Asia,High School,N,N,2201,2010,Northeast,52901.05,Year,Y,Denied
EZYV7671,Europe,Master's,Y,N,3621,2000,Northeast,40435.26,Year,Y,Certified
EZYV13751,Europe,Doctorate,Y,N,6115,2008,West,29906.19,Year,Y,Certified
EZYV22364,Africa,Master's,N,N,943,1923,Northeast,103755.84,Year,Y,Certified
EZYV7201,Asia,Bachelor's,Y,N,4455,2011,Midwest,55841.98,Year,Y,Denied
EZYV04,Asia,Bachelor's,N,N,98,1897,West,83434.03,Year,Y,Denied
EZYV10070,Asia,High School,Y,N,2922,1884,West,59823.3,Year,Y,Denied
EZYV22351,Asia,Master's,Y,N,4586,1873,West,66831.19,Year,Y,Certified
EZYV7866,Asia,Doctorate,N,N,1725,1960,Northeast,137704.46,Year,N,Certified
EZYV23486,Asia,High School,Y,Y,878,1947,South,82071.13,Year,Y,Denied
EZYV21181,Africa,Master's,Y,N,268,2004,South,5863.7,Year,Y,Certified
EZYV19832,Asia,Master's,Y,N,720,2008,South,70151.27,Year,Y,Certified
EZYV19113,Asia,Bachelor's,Y,N,3387,2004,Northeast,83672.69,Year,Y,Certified
EZYV9640,Asia,Bachelor's,Y,N,1988,1995,Northeast,62525.28,Year,Y,Denied
EZYV8620,Asia,Bachelor's,N,Y,3765,2010,Northeast,97924.45,Year,Y,Certified
EZYV13577,South America,Master's,N,Y,45,2004,West,141792.7,Year,Y,Certified
EZYV7415,Asia,Bachelor's,Y,N,1835,2009,West,115802.88,Year,Y,Certified
EZYV6546,Asia,High School,Y,N,792,1974,Midwest,70814.82,Year,Y,Denied
EZYV6150,South America,Doctorate,N,Y,1138,1853,West,99876.13,Year,Y,Certified
EZYV18742,Asia,Bachelor's,N,N,2002,2007,South,96264.99,Year,N,Denied
EZYV15317,Europe,Master's,Y,N,3150,1889,South,501.3166,Hour,Y,Certified
EZYV44,North America,Master's,Y,N,2582,1989,South,54614.42,Year,Y,Certified
EZYV8724,North America,Bachelor's,N,N,4049,2006,South,168931.9,Year,Y,Certified
EZYV14638,Asia,Bachelor's,N,Y,332,1999,West,70194.71,Year,Y,Denied
EZYV15389,Asia,Bachelor's,Y,N,823,2012,South,88987.16,Year,Y,Certified
EZYV13806,North America,Bachelor's,N,N,1900,2009,West,110.5,Hour,Y,Certified
EZYV7827,Asia,Bachelor's,N,N,1121,1974,South,5648.29,Year,Y,Denied
EZYV4415,South America,Master's,N,N,3194,1992,Midwest,63593.38,Year,Y,Denied
EZYV8184,Asia,Bachelor's,N,N,442,2011,South,41959.29,Year,Y,Certified
EZYV7293,Asia,Master's,Y,N,2636,1963,Northeast,53318.57,Year,Y,Certified
EZYV822,Asia,Doctorate,N,N,772,2001,Northeast,50282.8,Year,Y,Denied
EZYV20778,Asia,Master's,Y,N,910,2010,South,51251.35,Year,N,Denied
EZYV6515,Europe,Bachelor's,Y,N,8577,1977,West,11166.9,Year,Y,Certified
EZYV12340,Asia,Master's,Y,Y,1871,1986,South,22630.87,Year,Y,Certified
EZYV984,Asia,Master's,Y,N,1836,1975,West,16780.57,Year,Y,Certified
EZYV5709,Africa,Master's,N,N,2439,1998,Northeast,127868.01,Year,Y,Certified
EZYV12133,Asia,Bachelor's,N,N,1386,1984,Northeast,21838.5,Year,Y,Denied
EZYV11373,Asia,Bachelor's,Y,N,1771,1934,Northeast,49262.75,Year,Y,Certified
EZYV6266,Asia,Master's,Y,N,1212,2000,South,11468.31,Year,Y,Certified
EZYV12279,Asia,Master's,N,Y,487,1968,West,150989.46,Year,Y,Denied
EZYV6794,Asia,Master's,Y,N,2921,1979,Midwest,89640.28,Year,Y,Certified
EZYV17150,Europe,High School,Y,N,2920,2002,West,168336.18,Year,Y,Denied
EZYV91,Asia,High School,Y,Y,2324,2006,Northeast,111926.01,Year,Y,Denied
EZYV7802,Asia,Master's,Y,N,1614,2009,Northeast,146846.59,Year,N,Certified
EZYV11986,Europe,Bachelor's,N,N,686,2005,South,70039.61,Year,Y,Certified
EZYV2939,Asia,Bachelor's,Y,N,1508,1961,West,40518.57,Year,Y,Certified
EZYV24815,North America,Master's,Y,N,3813,2004,West,220664.53,Year,N,Certified
EZYV8220,Asia,Master's,Y,N,2026,2009,West,28787.72,Year,Y,Certified
EZYV4202,Asia,Master's,Y,N,2497,1978,South,71546.48,Year,Y,Certified
EZYV19771,Asia,Bachelor's,Y,N,391,2000,South,94981.56,Year,Y,Certified
EZYV14748,North America,Bachelor's,Y,N,1063,1989,West,41079.5,Year,Y,Denied
EZYV15231,Asia,Bachelor's,N,N,4173,2006,West,97934.49,Year,Y,Certified
EZYV24075,Europe,Master's,Y,N,24,1849,West,53577.62,Year,Y,Denied
EZYV10825,Asia,Master's,Y,N,1867,1999,South,71548.97,Year,Y,Certified
EZYV8226,Asia,Bachelor's,Y,N,430,2003,Midwest,112715.62,Year,Y,Denied
EZYV22150,North America,Bachelor's,Y,N,1372,2006,West,22108.0,Year,Y,Certified
EZYV3866,Asia,Master's,Y,N,147,1989,West,90316.5,Year,Y,Certified
EZYV6031,Asia,Master's,N,N,1762,1987,Midwest,132197.8,Year,Y,Certified
EZYV117,Asia,Bachelor's,Y,N,509,1997,South,32400.2,Week,Y,Certified
EZYV23228,Asia,Master's,Y,N,3772,1965,Northeast,76636.62,Year,Y,Certified
EZYV6480,Asia,High School,Y,N,987,2010,Midwest,51592.16,Year,Y,Denied
EZYV2040,Asia,Bachelor's,Y,N,4422,1971,West,101757.03,Year,Y,Certified
EZYV21985,Asia,Bachelor's,Y,N,1986,1985,West,597.71,Year,Y,Certified
EZYV19982,Europe,High School,N,N,1649,1999,West,90076.61,Year,Y,Certified
EZYV11355,Asia,Bachelor's,N,N,1838,2005,West,115373.64,Year,Y,Certified
EZYV5849,Asia,High School,Y,N,1191,1948,West,130544.55,Week,Y,Denied
EZYV9888,Asia,Master's,N,N,2145,1993,Northeast,90905.74,Year,Y,Certified
EZYV22690,Asia,Bachelor's,Y,N,63,1975,West,38088.45,Year,Y,Denied
EZYV3376,Europe,Master's,N,N,1347,1995,West,141922.07,Year,Y,Certified
EZYV20038,Europe,Master's,Y,N,1828,1885,Midwest,70448.47,Year,Y,Certified
EZYV11474,Asia,Bachelor's,Y,N,18958,2009,Midwest,85241.06,Year,Y,Denied
EZYV22806,North America,Doctorate,Y,N,1039,1998,West,43787.17,Year,Y,Denied
EZYV8033,Asia,Bachelor's,N,Y,1763,1855,South,102640.5,Year,Y,Certified
EZYV14014,North America,Bachelor's,N,N,1791,1970,Northeast,747.7824,Hour,Y,Denied
EZYV6330,Asia,Master's,Y,N,3933,2001,Northeast,81617.57,Week,Y,Certified
EZYV14368,Asia,Bachelor's,N,N,33,1902,Northeast,109.84,Hour,Y,Denied
EZYV15065,Oceania,Doctorate,Y,N,16,2012,Midwest,62722.49,Year,N,Certified
EZYV11026,Asia,Master's,Y,N,4202,2000,Midwest,112676.37,Year,Y,Certified
EZYV3879,Asia,Bachelor's,N,N,3016,1993,Northeast,53.535,Hour,Y,Denied
EZYV16511,Asia,Doctorate,Y,N,3036,1969,Midwest,84905.57,Year,Y,Certified
EZYV2638,North America,Bachelor's,Y,N,2944,2008,South,52911.48,Year,Y,Certified
EZYV3306,North America,Master's,Y,N,1481,2007,South,128782.21,Year,N,Certified
EZYV12473,Asia,Master's,Y,N,643,2006,Northeast,88252.18,Year,Y,Certified
EZYV23491,Europe,Bachelor's,Y,N,3926,1989,Midwest,14874.82,Year,Y,Certified
EZYV6552,Asia,Master's,Y,N,1704,2009,Midwest,132503.77,Year,Y,Certified
EZYV2720,South America,Master's,N,N,23645,1916,Midwest,132.04,Hour,Y,Denied
EZYV21526,North America,Bachelor's,Y,Y,4864,1851,South,56297.05,Year,Y,Certified
EZYV6078,Asia,Bachelor's,Y,N,4373,1910,Northeast,47339.69,Year,N,Certified
EZYV10889,Asia,High School,Y,N,1751,1968,Midwest,22916.38,Year,Y,Denied
EZYV12334,North America,Master's,Y,N,4169,1997,Northeast,37873.4,Year,Y,Certified
EZYV24713,Asia,Master's,Y,N,850,2001,South,109.97,Hour,Y,Certified
EZYV5435,Asia,Master's,Y,N,1989,1902,Northeast,106533.08,Year,Y,Certified
EZYV4532,South America,Bachelor's,Y,N,2044,2001,South,239465.3,Year,Y,Certified
EZYV18132,Asia,Bachelor's,Y,N,5022,1997,Northeast,80767.52,Year,Y,Denied
EZYV12479,Asia,Bachelor's,Y,N,131972,2001,Northeast,47173.83,Year,Y,Certified
EZYV13435,Asia,Master's,N,N,1002,2007,South,129862.7,Year,N,Certified
EZYV18373,Europe,Doctorate,N,N,2276,2012,West,77641.13,Year,Y,Certified
EZYV9817,Asia,Master's,Y,N,295,1855,South,103992.65,Year,N,Certified
EZYV12970,North America,Bachelor's,N,N,2721,1991,West,12955.69,Year,N,Denied
EZYV9016,Asia,Doctorate,N,Y,12248,1992,South,49425.56,Year,Y,Certified
EZYV13752,South America,Master's,N,Y,1293,1990,South,77512.15,Year,Y,Denied
EZYV6966,Asia,High School,N,N,576,2009,Midwest,57231.03,Year,Y,Denied
EZYV11963,Asia,Bachelor's,Y,N,545,1985,Northeast,33500.15,Year,Y,Certified
EZYV19964,Asia,Bachelor's,Y,N,45,2007,Northeast,67814.85,Year,Y,Certified
EZYV13593,North America,Bachelor's,N,N,166,1832,West,78245.7,Year,Y,Denied
EZYV23200,Asia,Bachelor's,Y,N,223,2007,Northeast,49363.42,Year,Y,Certified
EZYV17441,North America,Bachelor's,Y,N,16614,1819,Midwest,144643.0,Year,N,Denied
EZYV22917,Europe,Bachelor's,Y,Y,1396,2010,Northeast,83395.24,Year,Y,Certified
EZYV9167,Asia,Bachelor's,Y,N,1422,2013,Northeast,37794.17,Year,Y,Certified
EZYV352,Asia,Bachelor's,N,N,2280,2011,Midwest,37069.3,Year,Y,Certified
EZYV17870,Asia,High School,N,N,3270,1968,Midwest,27002.18,Year,Y,Certified
EZYV16500,Europe,Doctorate,N,N,5252,1995,Northeast,16412.72,Year,Y,Denied
EZYV5188,Asia,Bachelor's,Y,N,2397,2008,Northeast,15272.48,Year,Y,Denied
EZYV1209,North America,Master's,N,N,1479,2007,Midwest,108823.15,Year,Y,Certified
EZYV18609,Asia,Bachelor's,N,N,4671,1996,Northeast,520.583,Hour,Y,Denied
EZYV23016,North America,Bachelor's,N,N,2204,1997,Midwest,1078.17,Year,Y,Certified
EZYV4277,Asia,Bachelor's,N,N,1166,2003,South,161864.75,Year,Y,Denied
EZYV5960,Asia,Bachelor's,N,N,2539,1919,West,61929.97,Year,Y,Denied
EZYV2100,Asia,High School,N,N,2154,2005,Midwest,266440.49,Year,Y,Certified
EZYV3183,Asia,Bachelor's,Y,N,2450,1912,Northeast,54532.54,Year,Y,Certified
EZYV22432,Asia,Master's,N,Y,1231,1999,South,59901.83,Year,Y,Certified
EZYV12181,Europe,High School,N,Y,654,2009,South,33284.21,Year,Y,Denied
EZYV6896,Africa,Bachelor's,Y,N,427,2010,South,70145.42,Year,Y,Certified
EZYV15144,Europe,Master's,Y,N,253,2002,Northeast,66576.59,Year,Y,Certified
EZYV9980,Asia,High School,Y,N,2459,1875,Midwest,32196.16,Year,Y,Denied
EZYV1229,North America,High School,Y,N,1039,2011,Midwest,25815.98,Year,Y,Certified
EZYV2992,Asia,Bachelor's,Y,N,2618,2002,Northeast,108556.12,Year,Y,Certified
EZYV10393,Asia,High School,Y,N,1165,1999,South,3122.34,Year,Y,Denied
EZYV6649,Europe,High School,Y,N,3778,1969,South,11175.94,Year,Y,Denied
EZYV9140,Europe,Bachelor's,Y,Y,3429,2009,Northeast,121550.99,Year,Y,Certified
EZYV6443,North America,Master's,Y,N,2983,2003,West,22256.25,Year,Y,Certified
EZYV4661,North America,Master's,N,N,1935,1899,South,138569.81,Year,Y,Denied
EZYV19305,Asia,Bachelor's,N,N,1722,1855,Midwest,192.3292,Hour,Y,Certified
EZYV11617,Asia,High School,Y,N,871,2005,South,84151.42,Year,Y,Denied
EZYV16797,Asia,Bachelor's,N,Y,24,1991,West,87751.3,Year,Y,Certified
EZYV13976,Asia,Bachelor's,Y,N,938,1987,West,104813.99,Year,Y,Certified
EZYV19927,North America,Doctorate,N,N,1210,1999,Northeast,99551.95,Year,Y,Certified
EZYV9139,North America,Master's,N,N,1343,2012,South,139591.98,Year,N,Certified
EZYV15747,Europe,Doctorate,Y,N,4258,1996,West,95873.05,Year,Y,Certified
EZYV14719,North America,Master's,Y,N,5563,2010,West,16205.36,Year,Y,Denied
EZYV204,Asia,Master's,N,N,4757,1981,Midwest,167376.13,Year,Y,Certified
EZYV21144,Asia,Bachelor's,N,Y,2245,1992,Northeast,30681.5,Year,Y,Certified
EZYV8344,North America,Doctorate,Y,N,5089,1963,West,87833.81,Year,Y,Certified
EZYV11837,North America,Master's,Y,N,2152,1996,Northeast,43870.57,Year,Y,Certified
EZYV8866,Europe,Bachelor's,N,N,409,1996,West,123699.45,Year,Y,Certified
EZYV1747,Asia,High School,Y,N,3663,1999,South,87127.12,Year,Y,Certified
EZYV24208,Asia,Master's,Y,N,4429,1997,Northeast,141998.53,Year,N,Certified
EZYV21438,Asia,Master's,N,N,2791,1981,South,149.57,Hour,Y,Denied
EZYV278,Asia,High School,N,N,769,1951,South,57370.96,Year,Y,Certified
EZYV10475,South America,Bachelor's,Y,N,4174,2010,West,51952.09,Year,Y,Certified
EZYV21146,Asia,Master's,Y,N,3457,2006,Northeast,33084.03,Year,Y,Denied
EZYV17372,Asia,Bachelor's,Y,N,23975,1998,Midwest,75849.81,Year,Y,Denied
EZYV6928,Asia,Bachelor's,Y,Y,2701,2010,Northeast,82468.86,Year,Y,Denied
EZYV8251,Asia,Doctorate,Y,N,4307,1977,West,13372.93,Year,Y,Certified
EZYV24581,North America,Doctorate,Y,Y,3922,2011,South,50126.67,Year,Y,Certified
EZYV9247,Asia,Master's,Y,N,337,2004,Northeast,44775.66,Year,Y,Certified
EZYV21129,Asia,Bachelor's,N,N,941,1989,South,64296.24,Year,Y,Certified
EZYV10145,Europe,Bachelor's,N,Y,2163,1939,Northeast,77102.96,Year,Y,Certified
EZYV8927,North America,Bachelor's,N,N,5400,1976,South,15744.74,Year,Y,Denied
EZYV23326,Europe,Bachelor's,Y,Y,624,1873,South,104419.64,Year,Y,Certified
EZYV17728,Asia,Bachelor's,Y,N,3095,2001,South,138636.86,Year,Y,Certified
EZYV16872,Asia,Master's,Y,N,21629,2009,Northeast,101672.19,Year,N,Certified
EZYV9915,Asia,Master's,N,N,3638,1957,South,889.4838,Hour,Y,Certified
EZYV01,Asia,High School,N,N,14513,2007,West,592.2029,Hour,Y,Denied
EZYV19069,Asia,Master's,N,N,2076,1838,Northeast,824.2697,Hour,Y,Certified
EZYV2032,Asia,Bachelor's,Y,N,542,1970,Midwest,120262.05,Year,Y,Certified
EZYV19840,Asia,Doctorate,N,N,1267,1983,South,24686.7,Year,Y,Certified
EZYV7518,Asia,Master's,N,N,1173,2013,West,656.3975,Hour,Y,Certified
EZYV12855,South America,High School,Y,N,3500,2007,West,118484.48,Year,Y,Denied
EZYV24050,Asia,High School,N,N,1182,2010,South,136010.17,Year,Y,Denied
EZYV18424,Asia,Master's,Y,N,3436,2002,South,41708.39,Year,Y,Certified
EZYV2489,Asia,Master's,Y,N,2016,2000,South,45748.32,Year,Y,Certified
EZYV4736,Asia,Master's,N,N,737,1872,Northeast,67505.61,Year,N,Certified
EZYV5008,Asia,Doctorate,N,Y,433,1867,South,124155.88,Year,Y,Certified
EZYV25453,Asia,High School,N,N,70,1995,Northeast,84833.89,Year,Y,Denied
EZYV7146,Asia,Master's,Y,Y,3531,1998,West,57.9863,Hour,Y,Certified
EZYV15630,Europe,High School,Y,N,786,1997,Northeast,32675.12,Year,Y,Denied
EZYV410,Asia,Bachelor's,Y,Y,4713,1968,West,100969.89,Year,Y,Certified
EZYV7269,Europe,Doctorate,Y,N,1702,2000,Midwest,53770.0,Year,Y,Certified
EZYV10623,Asia,Bachelor's,Y,N,2991,1878,Midwest,105360.29,Year,N,Certified
EZYV23079,Asia,Master's,Y,N,3694,1981,West,42527.69,Year,Y,Certified
EZYV3274,Asia,Bachelor's,N,N,2334,1968,Midwest,65561.76,Year,N,Denied
EZYV21225,Asia,Bachelor's,Y,N,1906,2008,West,96837.38,Year,Y,Certified
EZYV16523,Asia,Bachelor's,N,N,132,1998,Northeast,344.4388,Hour,Y,Certified
EZYV21142,South America,Doctorate,Y,N,1982,1998,Northeast,91580.95,Year,Y,Certified
EZYV10973,Asia,Bachelor's,N,N,72,2007,Northeast,33764.59,Year,Y,Certified
EZYV23537,Oceania,High School,N,N,2281,2007,South,733.4797,Hour,Y,Certified
EZYV13676,Asia,Bachelor's,Y,N,110,1987,West,117659.39,Year,Y,Denied
EZYV1440,Asia,High School,Y,N,4952,1997,Northeast,115350.15,Year,Y,Denied
EZYV6388,Asia,High School,N,N,1104,1960,West,769.4869,Hour,Y,Denied
EZYV268,North America,Master's,Y,N,2733,1960,West,108458.31,Year,Y,Certified
EZYV18582,Europe,High School,N,N,435,2005,Midwest,25533.46,Year,Y,Certified
EZYV4155,Asia,Bachelor's,Y,N,5398,2001,South,39776.26,Year,Y,Certified
EZYV20997,Asia,Bachelor's,Y,N,1188,1999,Northeast,86485.23,Year,Y,Denied
EZYV24276,Africa,Master's,Y,N,2990,1896,Northeast,53773.62,Year,Y,Denied
EZYV9412,Asia,Master's,Y,N,2436,2005,Northeast,155754.9,Year,N,Certified
EZYV17033,Asia,Master's,N,N,5590,1834,West,41181.17,Year,Y,Denied
EZYV20749,Asia,Bachelor's,N,N,2260,1879,West,111511.16,Year,N,Denied
EZYV8746,Asia,Bachelor's,N,N,804,1985,Northeast,77794.29,Year,N,Denied
EZYV5585,Asia,Master's,N,Y,1424,2007,West,168240.61,Year,Y,Certified
EZYV17542,North America,High School,Y,N,223,1999,Northeast,13540.73,Year,Y,Denied
EZYV22492,Asia,Bachelor's,Y,N,4315,1898,Northeast,36334.05,Year,Y,Certified
EZYV13020,Asia,Bachelor's,N,N,2610,1902,South,92096.84,Year,Y,Denied
EZYV20766,Asia,Bachelor's,N,N,166,2010,South,76693.77,Year,Y,Denied
EZYV6163,North America,Doctorate,Y,N,251967,2010,Midwest,93133.4,Year,Y,Certified
EZYV2566,Asia,Master's,N,N,2857,1995,West,132402.18,Year,Y,Denied
EZYV14066,Asia,Bachelor's,Y,N,2196,2001,West,8600.94,Year,Y,Denied
EZYV20976,Asia,Master's,Y,N,200,2007,South,148188.0,Year,N,Denied
EZYV13440,Asia,Bachelor's,Y,N,4329,1999,Midwest,133516.29,Year,N,Certified
EZYV281,Asia,Bachelor's,N,N,2061,1995,West,20951.91,Year,Y,Denied
EZYV19773,Europe,High School,N,N,33778,2005,West,42210.05,Year,Y,Certified
EZYV24805,Europe,Bachelor's,Y,N,3971,1971,Midwest,159592.5,Year,Y,Denied
EZYV5717,Africa,Bachelor's,N,Y,2689,2010,West,310.6986,Hour,Y,Denied
EZYV2505,Asia,Bachelor's,Y,N,1419,1855,Northeast,11970.6,Year,Y,Certified
EZYV12004,Europe,Bachelor's,Y,N,5264,1971,Northeast,144054.21,Year,N,Certified
EZYV2624,Asia,Master's,N,N,1373,2013,Midwest,96369.53,Year,Y,Denied
EZYV17208,Europe,Bachelor's,Y,N,20,2008,Northeast,22954.75,Year,Y,Certified
EZYV22861,Europe,Bachelor's,Y,N,3132,2004,West,134801.96,Year,Y,Denied
EZYV22965,North America,Master's,N,N,1902,1855,South,87011.67,Year,Y,Certified
EZYV4417,South America,High School,N,N,90672,1996,South,38130.68,Year,Y,Denied
EZYV505,Europe,Master's,N,N,1369,2010,South,43881.65,Year,N,Certified
EZYV9552,Asia,Bachelor's,N,Y,2916,1995,South,51231.08,Year,Y,Certified
EZYV19713,Asia,Bachelor's,N,Y,1306,1952,Midwest,71893.49,Year,Y,Denied
EZYV14340,Asia,High School,N,N,4456,1998,Midwest,41849.36,Year,N,Denied
EZYV2560,North America,Master's,Y,N,429,1993,West,16376.64,Year,Y,Certified
EZYV25367,Europe,High School,Y,N,4075,2004,South,51659.44,Year,Y,Certified
EZYV151,Asia,Bachelor's,N,N,50351,1975,West,529.1105,Hour,Y,Denied
EZYV13271,Asia,Doctorate,Y,Y,2346,1999,South,84650.77,Year,Y,Certified
EZYV22585,Asia,Master's,Y,N,3637,2009,Northeast,135841.43,Year,N,Certified
EZYV6960,Asia,Bachelor's,Y,Y,822,2007,South,89820.6,Year,Y,Certified
EZYV14065,Asia,Master's,Y,N,2907,2006,West,119025.37,Year,N,Certified
EZYV24194,Asia,Bachelor's,Y,N,950,1999,West,166003.71,Year,Y,Certified
EZYV23883,Asia,Bachelor's,N,N,2209,1933,Northeast,480.8811,Hour,Y,Certified
EZYV24699,Asia,Master's,Y,N,3758,1984,West,132228.64,Year,N,Certified
EZYV24985,Asia,Bachelor's,Y,N,11866,1998,West,120770.38,Year,Y,Certified
EZYV23565,Asia,Bachelor's,Y,N,4211,1998,West,121187.71,Year,Y,Certified
EZYV24658,Asia,Bachelor's,Y,N,2893,2001,Northeast,101.27,Hour,Y,Denied
EZYV18851,Europe,Master's,Y,N,388,1978,South,86493.39,Year,Y,Certified
EZYV15541,Asia,Bachelor's,N,N,1043,1969,West,112610.64,Year,Y,Denied
EZYV24221,Asia,High School,Y,N,889,1998,Midwest,116599.12,Year,Y,Certified
EZYV2947,South America,Master's,Y,N,2970,2002,Midwest,165372.98,Year,Y,Certified
EZYV7575,Europe,Bachelor's,N,Y,2186,1877,Midwest,153798.52,Year,Y,Certified
EZYV16138,Asia,Bachelor's,Y,N,883,2014,South,155273.86,Year,Y,Denied
EZYV17031,Africa,Master's,N,N,2402,1896,Northeast,20087.57,Year,Y,Certified
EZYV3984,North America,Bachelor's,N,N,1238,2012,Northeast,941.8589,Hour,Y,Denied
EZYV9376,Europe,Doctorate,N,Y,1799,1994,Northeast,157796.24,Year,Y,Certified
EZYV10379,Asia,Bachelor's,Y,N,1580,1946,Midwest,137256.24,Year,Y,Certified
EZYV15390,Asia,Master's,N,Y,1981,2007,West,66912.28,Year,Y,Certified
EZYV21716,Asia,Bachelor's,N,N,1282,1909,Northeast,567.49,Hour,Y,Denied
EZYV10266,Asia,High School,N,N,3729,1997,South,87724.59,Year,Y,Denied
EZYV22619,Asia,Master's,N,N,4122,2011,West,153396.94,Year,N,Certified
EZYV23640,Asia,Master's,N,N,575,2008,Northeast,104.53,Hour,Y,Denied
EZYV4288,North America,Bachelor's,Y,N,1232,2003,South,581.9219,Hour,Y,Denied
EZYV9660,Asia,Master's,Y,N,2458,1988,South,106083.45,Year,Y,Certified
EZYV22507,Asia,Master's,Y,N,900,1999,Northeast,116979.86,Year,Y,Denied
EZYV16110,Asia,Master's,N,N,2222,1865,Northeast,705.4771,Hour,Y,Certified
EZYV20315,North America,Master's,Y,N,4372,1999,Midwest,7740.26,Year,N,Certified
EZYV21150,Asia,Bachelor's,Y,N,4048,2001,Midwest,36300.36,Year,Y,Certified
EZYV478,Europe,Bachelor's,Y,N,81849,1927,South,81724.72,Year,Y,Certified
EZYV10296,Asia,Bachelor's,Y,N,2698,1889,Midwest,12120.89,Year,Y,Certified
EZYV4994,Oceania,Master's,N,Y,3855,1960,West,42424.06,Year,Y,Denied
EZYV17084,North America,Bachelor's,Y,N,1324,1985,West,371.0813,Hour,Y,Denied
EZYV20058,Europe,Master's,N,N,361,2008,Northeast,51135.61,Year,Y,Certified
EZYV24103,Europe,Doctorate,N,Y,3444,1881,Northeast,31419.87,Year,Y,Certified
EZYV21957,North America,Bachelor's,N,N,105,2003,Northeast,69098.66,Year,Y,Certified
EZYV18798,Asia,Master's,N,Y,416,1998,South,60118.33,Year,Y,Certified
EZYV3790,Asia,Bachelor's,N,N,3678,1926,Northeast,44337.99,Year,Y,Denied
EZYV9282,North America,Bachelor's,Y,N,3397,1980,South,74.4049,Hour,Y,Certified
EZYV12836,Asia,Master's,Y,N,6234,2005,Midwest,109917.48,Year,N,Certified
EZYV10087,Asia,Bachelor's,Y,N,136,1997,West,28741.34,Year,Y,Denied
EZYV21049,Asia,Master's,N,Y,1637,2009,West,86134.81,Year,Y,Certified
EZYV15039,North America,Bachelor's,Y,N,2539,2004,South,112584.24,Year,Y,Denied
EZYV1419,South America,Bachelor's,Y,N,2431,1876,South,18876.35,Year,Y,Certified
EZYV22700,North America,Bachelor's,N,N,1234,1931,West,174936.79,Year,Y,Certified
EZYV23465,Asia,Master's,N,N,350,1928,Midwest,116829.69,Year,Y,Certified
EZYV5147,Europe,Doctorate,N,N,5102,1981,South,54615.97,Year,Y,Certified
EZYV3965,Asia,Master's,Y,Y,5229,1966,Northeast,110883.29,Year,Y,Certified
EZYV4172,Asia,Bachelor's,N,N,2167,2004,South,82120.56,Year,Y,Denied
EZYV13785,Asia,Master's,N,N,1714,1820,South,558.3664,Hour,Y,Certified
EZYV9222,North America,Bachelor's,N,N,3953,1999,South,112594.03,Year,Y,Certified
EZYV7132,Asia,Master's,N,N,4200,1976,West,60708.26,Year,N,Certified
EZYV2578,Asia,Bachelor's,Y,Y,746,1936,South,92211.18,Year,Y,Certified
EZYV4974,Asia,Master's,N,N,781,1868,Northeast,85701.17,Year,Y,Certified
EZYV4206,Asia,Bachelor's,Y,N,3140,2002,South,51666.43,Year,Y,Denied
EZYV13276,Asia,Master's,Y,N,2824,2002,Midwest,155760.44,Year,Y,Certified
EZYV13774,Asia,Bachelor's,Y,N,1639,2007,West,79873.42,Year,Y,Certified
EZYV14270,Asia,Doctorate,N,Y,1673,1997,Northeast,868.513,Hour,Y,Certified
EZYV22286,Asia,Master's,Y,N,3899,2012,Northeast,62625.99,Year,N,Certified
EZYV1878,Asia,Bachelor's,N,N,4589,2010,Midwest,51357.5,Year,Y,Certified
EZYV23790,Asia,Master's,Y,N,1574,1985,Midwest,29222.09,Year,Y,Certified
EZYV16690,North America,Bachelor's,Y,Y,3597,2001,West,115774.26,Year,Y,Certified
EZYV21265,Oceania,Master's,N,N,2450,1999,Northeast,126597.1,Year,Y,Denied
EZYV21010,Europe,Master's,Y,N,1341,1996,Midwest,99648.13,Year,Y,Certified
EZYV24549,Asia,Master's,Y,N,959,1940,Northeast,90116.52,Year,Y,Certified
EZYV23804,Asia,Doctorate,N,Y,2423,1998,South,119547.52,Year,Y,Certified
EZYV4635,North America,Bachelor's,Y,N,2627,1977,West,46565.77,Year,Y,Denied
EZYV10412,Asia,Bachelor's,Y,Y,449,2010,West,51505.12,Year,Y,Certified
EZYV5364,Asia,Bachelor's,Y,N,4274,2011,West,121908.83,Week,Y,Certified
EZYV16641,North America,Bachelor's,Y,N,1560,1960,South,560.5899,Hour,Y,Certified
EZYV12766,Asia,Master's,N,N,1175,1999,Midwest,85211.17,Year,Y,Certified
EZYV4852,Asia,Bachelor's,Y,N,346,1988,West,107861.36,Year,Y,Denied
EZYV3074,Asia,Bachelor's,N,N,4413,2006,Northeast,7901.53,Year,Y,Denied
EZYV3864,Asia,Bachelor's,N,N,1457,2003,South,70121.1,Year,Y,Denied
EZYV5144,North America,Bachelor's,N,N,4813,1984,West,87790.2,Year,Y,Certified
EZYV24591,South America,Doctorate,N,N,3202,1999,Northeast,14555.64,Year,Y,Certified
EZYV20359,Asia,Master's,N,N,46152,1909,Northeast,81299.86,Year,N,Certified
EZYV18055,South America,Master's,N,N,957,2005,West,85454.66,Year,Y,Denied
EZYV1469,Asia,Master's,Y,N,1089,1973,South,115752.57,Year,N,Certified
EZYV24730,North America,High School,Y,N,5173,2000,South,67543.29,Year,N,Certified
EZYV22515,Asia,Bachelor's,Y,N,405,2005,West,110945.58,Year,Y,Certified
EZYV23239,Asia,Master's,Y,N,3027,2003,Northeast,86722.04,Year,Y,Denied
EZYV1162,South America,Bachelor's,Y,Y,1287,1972,South,156883.85,Year,Y,Certified
EZYV14074,Asia,Bachelor's,Y,N,101444,2009,West,47501.0,Year,Y,Certified
EZYV10210,Asia,Bachelor's,Y,N,466,1960,West,88553.08,Year,Y,Certified
EZYV23354,Asia,Bachelor's,Y,N,589,1989,South,87650.69,Year,Y,Certified
EZYV22267,Asia,Bachelor's,Y,N,273,2002,West,61660.07,Year,Y,Certified
EZYV12915,Asia,Bachelor's,N,Y,19117,1993,South,156006.48,Year,Y,Certified
EZYV11529,Asia,Bachelor's,N,N,1237,2000,Northeast,111097.65,Year,Y,Certified
EZYV16955,Asia,Doctorate,N,N,2367,1966,Northeast,119241.4,Year,Y,Certified
EZYV16594,Asia,Bachelor's,Y,N,267,1977,Northeast,106097.31,Year,Y,Denied
EZYV20635,Europe,Master's,N,N,1315,1986,West,111952.88,Year,Y,Certified
EZYV22736,North America,Doctorate,Y,N,943,2001,West,89076.77,Year,Y,Certified
EZYV17705,Asia,Bachelor's,Y,N,3193,1998,Northeast,221595.07,Year,N,Denied
EZYV3947,Asia,High School,Y,N,3571,1875,South,28080.89,Year,Y,Denied
EZYV6489,North America,Master's,Y,N,248,1994,Northeast,233.9425,Hour,Y,Denied
EZYV24597,Asia,Bachelor's,Y,N,616,1998,Midwest,58275.42,Year,Y,Certified
EZYV6618,Asia,Bachelor's,Y,N,4686,1946,South,66975.89,Year,N,Certified
EZYV10979,Asia,Master's,N,N,3586,1997,South,106507.67,Year,Y,Certified
EZYV16084,Asia,Master's,Y,N,48082,2000,Midwest,50756.08,Year,Y,Certified
EZYV2785,Asia,High School,N,N,2977,1993,South,136408.6,Year,Y,Denied
EZYV23843,Asia,Bachelor's,Y,N,3779,1858,South,65710.5,Year,Y,Certified
EZYV19344,South America,High School,N,N,291,1998,South,101.42,Hour,Y,Denied
EZYV8926,Asia,Doctorate,Y,N,3809,1979,South,62185.1,Year,Y,Certified
EZYV24543,Asia,Bachelor's,N,N,1112,2005,South,91126.28,Year,Y,Denied
EZYV10187,Asia,Master's,Y,N,5984,2003,Midwest,85871.89,Year,Y,Certified
EZYV4843,Europe,Master's,N,N,3275,1960,South,65729.99,Year,Y,Certified
EZYV5091,Asia,High School,N,N,2722,1995,Northeast,14.9093,Hour,Y,Denied
EZYV25386,Africa,Doctorate,Y,N,2513,1975,West,76348.2,Year,Y,Certified
EZYV22640,Asia,Master's,N,N,3403,1968,South,12364.53,Year,Y,Certified
EZYV6459,Asia,High School,Y,N,5141,2002,South,34379.24,Year,Y,Denied
EZYV2188,Asia,Bachelor's,Y,N,3920,1866,Northeast,109419.5,Year,Y,Certified
EZYV15477,Africa,Master's,Y,N,3491,1963,Island,38870.3,Year,Y,Certified
EZYV15941,Asia,Master's,Y,N,2930,2003,Northeast,145043.06,Year,Y,Certified
EZYV20735,Asia,Master's,N,N,1678,2001,West,4080.92,Year,Y,Certified
EZYV25329,Europe,Bachelor's,N,Y,1757,2001,West,50946.34,Year,Y,Certified
EZYV13739,Asia,Bachelor's,Y,N,3360,2000,West,58396.7,Year,Y,Certified
EZYV2367,Asia,Bachelor's,N,N,2432,2001,West,292106.59,Year,N,Denied
EZYV19073,Asia,Bachelor's,N,N,1112,2010,Northeast,73696.34,Year,Y,Denied
EZYV12650,Europe,Doctorate,Y,N,1195,1862,Northeast,7349.45,Year,Y,Certified
EZYV4536,Asia,Bachelor's,N,Y,4001,1973,Northeast,35315.64,Year,Y,Denied
EZYV18121,Asia,Doctorate,N,N,1936,2007,Northeast,645.2549,Hour,Y,Certified
EZYV17501,Asia,Bachelor's,Y,N,3072,1900,Northeast,47197.07,Year,Y,Certified
EZYV7220,Asia,Bachelor's,Y,N,3830,2003,Northeast,111985.46,Week,Y,Certified
EZYV202,Asia,Bachelor's,Y,N,1313,2002,West,99469.71,Year,Y,Certified
EZYV16396,North America,Master's,Y,N,2996,1993,South,604.1603,Hour,Y,Denied
EZYV8118,Asia,Bachelor's,Y,N,2474,1999,West,64230.03,Year,Y,Certified
EZYV16704,Asia,Master's,Y,N,4043,1997,South,67979.61,Year,Y,Certified
EZYV23404,Asia,Master's,Y,N,4392,1968,Midwest,68477.85,Year,Y,Certified
EZYV18849,Asia,Bachelor's,N,N,121722,1997,West,97370.57,Year,Y,Denied
EZYV22674,Asia,Master's,N,N,821,2005,Midwest,96966.11,Year,N,Certified
EZYV13842,Asia,Master's,N,N,2914,2013,Northeast,79282.12,Year,N,Certified
EZYV21729,Asia,Bachelor's,N,Y,1298,1992,South,57950.81,Year,Y,Certified
EZYV21217,Asia,Bachelor's,N,N,1023,1986,Northeast,469.7719,Hour,Y,Denied
EZYV1963,Europe,Master's,Y,Y,3624,1914,Northeast,13062.09,Year,Y,Certified
EZYV15131,Europe,Doctorate,N,N,4957,2012,Northeast,1720.8,Year,Y,Certified
EZYV2736,Asia,Master's,N,Y,1441,1999,Northeast,31158.69,Year,Y,Denied
EZYV14200,Europe,Bachelor's,N,N,4505,1981,South,22666.14,Year,Y,Certified
EZYV8388,Asia,Master's,Y,N,4375,1996,Northeast,5509.41,Year,Y,Certified
EZYV7595,North America,Master's,N,N,4024,2014,South,3145.83,Year,N,Certified
EZYV10056,Asia,Bachelor's,N,N,2026,1818,South,78747.94,Year,Y,Denied
EZYV6872,Asia,Bachelor's,Y,Y,2670,1982,Northeast,105223.17,Year,Y,Certified
EZYV7993,Europe,Doctorate,Y,N,1400,2010,Northeast,39925.0,Year,Y,Certified
EZYV6033,Asia,Bachelor's,Y,N,651,2008,Northeast,40712.98,Year,N,Certified
EZYV13035,Asia,Master's,Y,N,3825,1993,Midwest,108869.01,Year,N,Certified
EZYV24359,Asia,Bachelor's,Y,N,1434,1950,Northeast,60541.52,Year,N,Certified
EZYV903,Asia,Bachelor's,N,N,2369,1947,Northeast,71594.62,Year,Y,Denied
EZYV1738,Asia,Bachelor's,N,Y,3389,2012,West,53353.0,Year,Y,Denied
EZYV8723,North America,Master's,N,N,3798,1989,Northeast,135666.55,Year,N,Certified
EZYV20852,Europe,Bachelor's,Y,N,2385,2010,West,42522.66,Year,Y,Certified
EZYV11133,Asia,Master's,N,N,768,1997,Midwest,114093.07,Year,Y,Certified
EZYV18459,North America,Bachelor's,Y,N,2080,1997,Midwest,96249.94,Year,Y,Certified
EZYV15683,Oceania,Bachelor's,Y,N,4832,2007,West,32214.23,Year,Y,Denied
EZYV23795,Asia,Bachelor's,N,N,214,2011,West,76201.53,Year,Y,Certified
EZYV17294,Europe,Master's,Y,N,44327,1976,West,99091.26,Year,Y,Certified
EZYV21364,Asia,Master's,Y,Y,1108,1903,Northeast,85314.64,Year,Y,Certified
EZYV4745,Asia,Bachelor's,N,N,2948,2007,South,394.9713,Hour,Y,Denied
EZYV4656,Africa,Master's,Y,N,3100,1996,Northeast,59120.18,Year,Y,Certified
EZYV13572,Asia,Bachelor's,Y,N,307,1965,South,608.5469,Hour,Y,Denied
EZYV18489,North America,Bachelor's,N,N,70824,2004,South,52563.31,Year,N,Denied
EZYV12890,Asia,High School,N,N,3525,1984,Midwest,158164.1,Year,Y,Denied
EZYV937,Asia,High School,N,N,3707,2002,West,93179.7,Year,Y,Denied
EZYV861,Europe,Master's,N,N,2922,2001,West,96192.58,Year,Y,Certified
EZYV10536,Asia,Master's,Y,N,1755,2013,South,76905.9,Year,Y,Certified
EZYV7870,Asia,Doctorate,Y,N,2475,1940,South,68723.88,Year,N,Certified
EZYV2255,Oceania,Master's,N,N,3408,1966,Island,133534.18,Year,Y,Denied
EZYV1829,Asia,Master's,N,N,1039,1992,West,52619.45,Year,Y,Denied
EZYV11408,North America,Master's,N,N,14360,1987,Island,133404.82,Year,Y,Denied
EZYV9703,Asia,Master's,Y,N,3117,1990,South,12019.31,Year,Y,Certified
EZYV24740,North America,Bachelor's,N,N,3818,1912,South,151684.26,Year,Y,Denied
EZYV5191,Asia,Bachelor's,N,N,2068,1899,Midwest,121335.07,Year,Y,Certified
EZYV19104,Europe,Doctorate,Y,N,2444,2003,Northeast,99264.17,Year,Y,Certified
EZYV18210,Asia,Bachelor's,Y,N,3124,1885,South,114849.38,Year,Y,Certified
EZYV2435,Oceania,Master's,Y,Y,5854,2013,West,84824.1,Year,Y,Certified
EZYV3622,Asia,Bachelor's,N,N,536,1928,West,63811.81,Year,Y,Denied
EZYV15063,Asia,Bachelor's,Y,N,3334,1993,South,26560.26,Month,Y,Certified
EZYV24254,Asia,Master's,Y,N,95,2004,Midwest,97304.37,Year,Y,Certified
EZYV24528,Asia,Master's,Y,N,2257,1987,South,80916.28,Year,Y,Certified
EZYV5154,Asia,Master's,Y,N,5758,2007,South,38153.4,Year,N,Certified
EZYV1805,Europe,Doctorate,N,N,259,1975,Northeast,60935.18,Year,Y,Certified
EZYV19007,North America,Bachelor's,N,N,1109,2010,South,42186.52,Year,Y,Certified
EZYV24378,Asia,Master's,Y,N,861,2002,West,49075.1,Year,Y,Certified
EZYV16449,North America,Master's,Y,N,1177,1979,Northeast,313.4667,Hour,Y,Certified
EZYV3318,Asia,Master's,Y,N,2683,2010,South,81779.66,Year,Y,Certified
EZYV13772,North America,Master's,Y,N,24951,1983,West,3743.28,Year,Y,Certified
EZYV15717,Asia,Master's,N,N,5397,1971,South,156385.87,Year,Y,Certified
EZYV11372,Asia,High School,N,N,3190,2012,West,58762.91,Year,Y,Denied
EZYV723,North America,High School,N,N,2812,1977,Northeast,54639.49,Year,Y,Denied
EZYV22222,South America,Master's,Y,N,276,1977,Northeast,50566.55,Year,Y,Certified
EZYV18546,Asia,Bachelor's,N,N,1079,1860,West,30254.9,Year,N,Denied
EZYV20913,South America,High School,Y,N,4086,2007,Midwest,23948.53,Year,Y,Denied
EZYV11552,Europe,Bachelor's,Y,N,2166,1954,Northeast,56970.61,Year,Y,Certified
EZYV22923,Asia,Bachelor's,Y,N,4743,2007,Northeast,117715.69,Year,Y,Denied
EZYV3112,Europe,Master's,N,N,1600,1968,Midwest,414.5323,Hour,Y,Certified
EZYV7888,Asia,Doctorate,Y,N,690,1868,West,18264.09,Year,Y,Certified
EZYV4236,North America,Master's,N,N,775,2012,West,106851.83,Year,Y,Denied
EZYV18593,Asia,Bachelor's,N,N,3163,1979,West,90299.42,Year,Y,Denied
EZYV12995,Asia,Master's,Y,Y,3251,1975,Northeast,105779.03,Year,Y,Denied
EZYV18524,Asia,Bachelor's,N,N,312,2010,Northeast,154610.64,Year,Y,Certified
EZYV1786,Europe,High School,Y,N,470,2005,West,83917.34,Year,Y,Denied
EZYV19306,Asia,Master's,Y,N,2824,1984,West,30904.19,Year,Y,Denied
EZYV14461,South America,Bachelor's,Y,N,4016,2001,South,72199.76,Year,Y,Certified
EZYV16931,Asia,Bachelor's,N,N,840,1999,Northeast,76267.1,Year,Y,Certified
EZYV11843,Europe,Bachelor's,Y,N,862,2005,West,86145.12,Year,Y,Denied
EZYV13780,Asia,High School,N,Y,3374,2003,South,30619.19,Year,Y,Denied
EZYV22265,Asia,Bachelor's,N,N,1536,1995,Northeast,19259.07,Year,Y,Certified
EZYV18127,North America,Bachelor's,N,N,2843,1939,Northeast,417.9405,Hour,Y,Certified
EZYV10225,Asia,Bachelor's,N,Y,190,1984,South,112232.58,Year,Y,Certified
EZYV19952,Asia,Master's,Y,N,3434,1977,South,47173.86,Month,Y,Denied
EZYV6291,Asia,Bachelor's,N,N,775,1979,South,283.5202,Hour,Y,Denied
EZYV1285,Asia,Master's,N,N,283641,1996,Midwest,80991.08,Year,Y,Certified
EZYV6823,North America,Bachelor's,Y,N,4059,1991,West,107534.16,Year,Y,Certified
EZYV22766,Europe,Doctorate,N,N,4146,2005,South,60485.95,Year,Y,Certified
EZYV10828,Asia,Master's,Y,N,2820,1869,Northeast,99639.81,Year,N,Certified
EZYV23388,South America,Bachelor's,N,N,5595,1891,Northeast,63065.81,Year,Y,Certified
EZYV20828,South America,High School,Y,N,1590,1975,Northeast,57.2276,Hour,Y,Denied
EZYV18953,Europe,Doctorate,Y,N,1745,2010,West,2332.0,Year,Y,Certified
EZYV13622,Asia,Bachelor's,N,Y,1454,1807,West,88268.86,Year,Y,Certified
EZYV8274,Europe,High School,Y,N,3353,2006,West,126673.41,Year,Y,Denied
EZYV2018,Asia,Master's,Y,N,3010,1996,West,99585.73,Year,N,Certified
EZYV19206,Europe,Doctorate,N,N,4763,1990,West,18727.54,Year,Y,Certified
EZYV3262,Asia,Bachelor's,N,N,2066,2005,Northeast,668.4393,Hour,Y,Denied
EZYV23070,Asia,High School,Y,N,1527,2013,South,84919.16,Year,Y,Denied
EZYV7032,Asia,Doctorate,N,N,1276,2006,Northeast,85739.85,Year,Y,Certified
EZYV6873,Asia,Bachelor's,N,Y,1258,1909,South,34928.61,Year,Y,Certified
EZYV23671,North America,High School,Y,N,4253,2003,Northeast,7849.6,Year,Y,Certified
EZYV16545,Asia,Bachelor's,Y,N,75258,2006,West,68375.5,Year,Y,Certified
EZYV13934,Asia,Bachelor's,N,N,427,1977,South,158714.53,Year,Y,Certified
EZYV16373,Europe,Bachelor's,N,N,2118,1968,West,38018.05,Year,Y,Certified
EZYV18438,Africa,Master's,N,N,1760,2005,Midwest,39065.01,Year,Y,Certified
EZYV22940,South America,High School,N,N,1950,2002,South,106.91,Hour,Y,Denied
EZYV19279,Asia,Bachelor's,N,N,1727,2000,West,68818.99,Year,Y,Denied
EZYV23456,Asia,High School,N,N,516,1997,South,104274.88,Year,Y,Certified
EZYV7123,Asia,Bachelor's,Y,N,4440,1954,South,113469.04,Year,N,Certified
EZYV16720,Europe,Bachelor's,N,N,1842,1860,South,100404.5,Year,Y,Denied
EZYV7680,Asia,High School,Y,N,3062,2007,Northeast,95813.52,Year,Y,Denied
EZYV20219,Europe,Master's,Y,N,1508,2005,West,25774.3,Year,Y,Certified
EZYV22763,North America,High School,N,N,5629,1983,West,21622.07,Year,Y,Denied
EZYV5693,North America,Bachelor's,Y,N,3035,1997,West,92156.56,Year,Y,Certified
EZYV6560,Asia,Master's,N,N,1621,1975,Midwest,192092.44,Year,Y,Certified
EZYV24492,Asia,Master's,Y,N,3904,1998,West,87364.63,Year,Y,Denied
EZYV19179,Europe,Master's,N,N,3091,1922,South,106631.45,Year,Y,Certified
EZYV3192,North America,Master's,Y,N,3375,1998,West,21681.15,Year,Y,Certified
EZYV3625,Asia,Bachelor's,Y,N,446,1954,Northeast,106467.33,Year,Y,Certified
EZYV991,North America,Doctorate,Y,N,13728,1968,South,72626.0,Year,Y,Certified
EZYV12452,Asia,Bachelor's,Y,N,5176,1959,West,62781.37,Year,Y,Certified
EZYV21432,Asia,Bachelor's,N,N,1576,1947,Northeast,106271.32,Year,Y,Certified
EZYV10236,Asia,Bachelor's,Y,N,2435,1998,Northeast,615.8692,Hour,Y,Denied
EZYV4830,Asia,High School,Y,N,2362,2006,South,120936.6,Year,Y,Denied
EZYV18287,North America,Master's,Y,N,4039,1985,Northeast,97678.83,Year,Y,Denied
EZYV17993,Asia,Master's,Y,N,1673,2012,South,252808.74,Year,N,Certified
EZYV8068,Europe,Master's,N,N,1525,1995,Northeast,111827.11,Year,Y,Certified
EZYV21246,Asia,Master's,Y,N,2646,1999,South,45782.27,Year,N,Denied
EZYV2434,Asia,Doctorate,N,N,962,1993,West,135700.68,Year,Y,Denied
EZYV10211,Asia,Doctorate,N,Y,1272,1887,West,129647.46,Year,Y,Certified
EZYV21775,North America,Master's,Y,N,5911,1998,West,105910.01,Year,N,Certified
EZYV10526,Asia,Master's,N,N,719,1868,West,147415.92,Year,N,Denied
EZYV13393,Asia,Bachelor's,Y,N,2350,2006,South,62890.78,Year,Y,Denied
EZYV11138,Asia,Bachelor's,Y,N,327,2008,South,137841.21,Year,Y,Denied
EZYV1870,Asia,Master's,N,N,1730,2012,Northeast,135257.97,Year,Y,Denied
EZYV23116,Europe,Bachelor's,Y,N,1526,1839,West,45.0484,Hour,Y,Denied
EZYV11951,Asia,Master's,Y,N,2020,1930,West,48711.22,Year,Y,Certified
EZYV23828,Asia,Bachelor's,Y,N,1681,1998,West,60282.62,Year,Y,Certified
EZYV3016,North America,Bachelor's,N,N,3461,2005,South,118245.77,Year,N,Denied
EZYV4866,Europe,Bachelor's,Y,N,752,2013,Northeast,60248.72,Year,Y,Certified
EZYV12888,North America,Master's,N,Y,1273,1990,Northeast,635.9458,Hour,Y,Denied
EZYV5495,Asia,Bachelor's,N,Y,1434,1810,Midwest,140367.66,Year,Y,Certified
EZYV18111,Asia,Master's,Y,N,42,1994,Northeast,69070.06,Year,Y,Certified
EZYV8639,Asia,Master's,Y,N,4400,1999,Northeast,41788.13,Year,Y,Certified
EZYV7458,Asia,High School,Y,N,646,2002,South,110855.62,Year,Y,Denied
EZYV24976,Asia,Master's,Y,N,2081,2010,Midwest,49206.69,Year,Y,Certified
EZYV19913,North America,Doctorate,N,N,4581,1849,Northeast,26806.2,Year,Y,Denied
EZYV9378,Asia,Master's,N,N,4869,1989,West,27272.74,Year,Y,Certified
EZYV17863,Asia,Bachelor's,N,N,694,1998,Northeast,22953.07,Year,Y,Denied
EZYV2262,Asia,Master's,Y,N,2577,1984,Midwest,79026.05,Year,Y,Certified
EZYV3870,South America,Bachelor's,N,N,4445,2003,Midwest,60319.9,Week,Y,Denied
EZYV17811,South America,Bachelor's,N,N,219,1917,West,850.2,Hour,Y,Denied
EZYV5559,Asia,Bachelor's,N,N,2062,2007,Northeast,192174.11,Year,Y,Certified
EZYV17634,Asia,Master's,Y,N,2055,1978,Midwest,109808.24,Year,Y,Certified
EZYV5878,North America,Master's,N,N,2124,2008,Northeast,102.97,Hour,Y,Denied
EZYV3653,Asia,High School,N,N,1796,1988,West,652.7163,Hour,Y,Denied
EZYV6307,Asia,Master's,Y,N,4481,1997,West,141246.08,Year,Y,Certified
EZYV9369,Asia,High School,N,N,670,1984,Northeast,183952.23,Year,N,Denied
EZYV14259,Asia,Bachelor's,Y,N,328,1999,Northeast,87281.08,Year,Y,Denied
EZYV24905,North America,Bachelor's,Y,N,34715,1986,South,93880.79,Year,Y,Denied
EZYV21110,Asia,Bachelor's,Y,N,1236,1838,West,37463.46,Year,Y,Denied
EZYV14677,Europe,Master's,Y,N,1765,1998,Northeast,5069.04,Year,Y,Certified
EZYV3544,Asia,Bachelor's,N,N,410,1999,Northeast,43523.61,Year,Y,Denied
EZYV11409,Asia,Doctorate,Y,Y,179,1872,Northeast,24598.08,Year,Y,Certified
EZYV14212,North America,Doctorate,N,N,1178,2007,Midwest,18329.28,Year,Y,Certified
EZYV17387,Oceania,High School,Y,N,3674,1950,South,38544.95,Year,Y,Denied
EZYV2781,North America,Doctorate,Y,N,501,2012,West,108783.93,Year,Y,Certified
EZYV25456,South America,Bachelor's,N,N,24335,1993,Midwest,97393.49,Year,Y,Certified
EZYV24394,Asia,Bachelor's,Y,N,18198,2009,West,88974.97,Year,Y,Certified
EZYV1039,Asia,Master's,Y,N,538,2011,Midwest,222628.84,Year,Y,Certified
EZYV24272,North America,Master's,N,N,2268,1871,South,611.134,Hour,Y,Denied
EZYV14518,Asia,Master's,N,N,794,1993,West,48615.74,Year,Y,Certified
EZYV22812,Africa,Master's,N,N,885,2009,Northeast,50041.81,Year,Y,Certified
EZYV12314,Asia,Bachelor's,N,N,2660,2000,South,264.5998,Hour,Y,Certified
EZYV24355,Asia,Bachelor's,N,Y,755,2013,South,49901.52,Year,Y,Certified
EZYV6594,Asia,Master's,N,N,2869,1997,Midwest,80778.53,Year,Y,Certified
EZYV3086,Asia,Master's,Y,N,1529,2009,South,121190.07,Year,Y,Certified
EZYV9328,Asia,High School,N,Y,702,1975,South,152195.67,Year,Y,Denied
EZYV10581,North America,Master's,Y,N,929,1985,Island,48516.08,Year,Y,Certified
EZYV5253,Asia,Bachelor's,Y,N,1563,2008,Northeast,124267.16,Year,Y,Denied
EZYV4448,North America,Bachelor's,Y,N,5780,2010,West,75555.93,Year,Y,Denied
EZYV12817,Europe,Master's,N,Y,1538,1984,South,52682.07,Year,Y,Certified
EZYV19546,Asia,Master's,Y,N,1795,1878,West,89416.98,Year,Y,Denied
EZYV79,North America,Master's,N,N,1549,2001,South,590.0203,Hour,Y,Certified
EZYV20967,Asia,Master's,Y,N,54356,2004,West,84870.17,Year,Y,Certified
EZYV11257,North America,Bachelor's,N,N,2206,2004,South,91714.57,Year,N,Denied
EZYV1418,Asia,Bachelor's,Y,N,325,2013,South,66846.84,Year,Y,Certified
EZYV21426,Asia,Bachelor's,N,N,1173,1983,Midwest,117042.12,Year,Y,Certified
EZYV4233,Asia,Master's,N,N,419,2004,Northeast,4234.47,Year,Y,Denied
EZYV22588,Asia,High School,Y,N,2438,2002,South,71908.41,Year,Y,Denied
EZYV19861,Asia,Master's,N,N,3347,1995,Northeast,149239.89,Year,N,Certified
EZYV8480,Africa,Doctorate,Y,N,17711,1870,Northeast,123440.24,Year,Y,Certified
EZYV6294,Asia,Bachelor's,Y,Y,1595,1979,South,87424.07,Year,Y,Denied
EZYV21733,Asia,Bachelor's,Y,N,1503,1865,West,112828.07,Year,Y,Denied
EZYV3171,Asia,Bachelor's,N,N,4396,1986,Midwest,58880.18,Year,Y,Denied
EZYV6196,Europe,Doctorate,Y,N,3806,1999,West,238109.72,Year,Y,Certified
EZYV4928,Asia,High School,N,N,4218,2001,Northeast,575.3468,Hour,Y,Denied
EZYV20697,Asia,Master's,N,N,2273,2006,South,906.9333,Hour,Y,Denied
EZYV8513,Asia,Bachelor's,Y,Y,615,1985,South,93973.1,Year,Y,Certified
EZYV4021,South America,Bachelor's,Y,Y,4460,1979,West,133266.06,Year,Y,Certified
EZYV25043,Europe,Bachelor's,Y,Y,2234,2014,West,55261.71,Year,Y,Certified
EZYV14767,Asia,Master's,Y,N,4979,2010,Northeast,8922.74,Year,Y,Certified
EZYV271,Asia,Master's,Y,N,2486,1906,South,84521.88,Year,Y,Certified
EZYV13260,Europe,Master's,N,Y,1764,1962,South,100775.71,Year,Y,Certified
EZYV2838,Europe,Bachelor's,N,N,111922,1978,West,107056.16,Year,Y,Certified
EZYV5455,Europe,Master's,Y,N,212,1977,West,49038.82,Year,Y,Certified
EZYV15660,Asia,Bachelor's,N,Y,1572,2012,South,55850.16,Year,Y,Certified
EZYV8582,Asia,Master's,Y,N,2681,1869,Midwest,83208.19,Year,Y,Certified
EZYV11584,Europe,Doctorate,N,N,1187,1977,West,73844.94,Year,Y,Certified
EZYV24147,Europe,High School,N,N,3077,1885,Northeast,1369.31,Year,Y,Certified
EZYV17143,Asia,Master's,N,N,1938,1996,South,112136.73,Year,Y,Denied
EZYV4343,Asia,Bachelor's,N,N,738,2005,West,37780.69,Year,Y,Denied
EZYV24095,Asia,Bachelor's,Y,N,782,1995,South,6907.95,Year,Y,Certified
EZYV10470,Asia,Doctorate,Y,N,114,2007,Midwest,136433.16,Year,Y,Certified
EZYV6878,Asia,Master's,Y,N,1104,1993,Midwest,271409.44,Year,Y,Certified
EZYV9010,Asia,High School,N,N,1325,2005,Midwest,83574.18,Year,Y,Denied
EZYV4007,North America,Bachelor's,N,N,3436,2008,South,110021.12,Year,Y,Denied
EZYV19109,Europe,Doctorate,Y,N,629,1994,South,16449.12,Year,Y,Certified
EZYV23248,Asia,Bachelor's,N,N,292,2013,Midwest,81363.81,Year,Y,Certified
EZYV7209,North America,Bachelor's,N,N,4120,1991,Northeast,196282.02,Year,Y,Certified
EZYV7315,Asia,Bachelor's,Y,N,387,2009,West,91969.56,Year,Y,Denied
EZYV4664,Asia,High School,N,N,4316,1987,Midwest,120134.04,Year,Y,Denied
EZYV139,Asia,Bachelor's,Y,N,1195,1914,Midwest,108519.14,Year,Y,Certified
EZYV10941,Africa,Bachelor's,N,N,2811,2007,Midwest,153272.22,Year,Y,Certified
EZYV16086,Europe,Master's,N,N,1971,2007,West,22535.5,Year,Y,Denied
EZYV8105,Asia,Bachelor's,Y,N,3389,1885,Midwest,113151.51,Year,Y,Certified
EZYV19608,Asia,Bachelor's,Y,Y,25920,1997,West,59947.24,Year,Y,Certified
EZYV3302,Europe,Doctorate,Y,N,5147,1977,Midwest,65281.24,Year,Y,Certified
EZYV16023,Asia,High School,N,N,506,2012,West,126822.93,Year,Y,Certified
EZYV6519,Asia,High School,Y,N,3145,1831,West,62740.98,Year,Y,Denied
EZYV2775,Asia,Bachelor's,N,N,1171,2009,Midwest,85641.48,Year,Y,Denied
EZYV11565,North America,Master's,Y,N,911,1998,South,47624.29,Year,Y,Certified
EZYV11585,Asia,Master's,Y,N,645,2007,Northeast,57470.1,Year,N,Certified
EZYV22290,North America,Bachelor's,N,N,890,1940,South,149.36,Hour,Y,Denied
EZYV240,Europe,Master's,Y,N,5504,1996,South,59125.18,Year,Y,Certified
EZYV23336,Oceania,Master's,N,N,3173,1993,Northeast,122.65,Hour,Y,Denied
EZYV5116,Asia,Master's,N,N,4853,1993,Northeast,144950.62,Year,N,Certified
EZYV13514,Asia,Bachelor's,Y,N,3740,1987,South,89640.92,Year,Y,Certified
EZYV2364,Asia,Master's,N,N,488,1997,South,87200.56,Year,Y,Certified
EZYV19165,Asia,Bachelor's,Y,N,845,2004,Northeast,103554.93,Year,Y,Certified
EZYV216,Europe,Bachelor's,N,Y,789,1925,Midwest,21282.82,Year,Y,Certified
EZYV24235,Africa,Master's,N,N,1104,1999,Northeast,55178.46,Year,Y,Certified
EZYV23697,South America,High School,Y,N,1818,1998,West,34546.74,Year,Y,Denied
EZYV25305,Asia,Bachelor's,N,N,3078,2015,Northeast,143062.32,Year,Y,Denied
EZYV3445,Asia,Master's,Y,N,2434,2009,Midwest,127953.07,Year,Y,Certified
EZYV8996,Asia,Bachelor's,N,N,3104,1996,South,132708.5,Year,Y,Certified
EZYV20629,Oceania,Doctorate,N,Y,2666,2013,West,60233.11,Year,Y,Certified
EZYV8500,Asia,High School,N,Y,4632,2006,South,48616.69,Year,Y,Denied
EZYV4840,Asia,Master's,N,N,2624,1947,Island,126716.84,Year,N,Certified
EZYV1528,Asia,High School,Y,N,1736,2005,Midwest,55486.22,Year,Y,Certified
EZYV1625,Europe,Doctorate,Y,N,653,2013,West,71986.75,Year,Y,Certified
EZYV17357,Asia,Bachelor's,Y,N,616,2006,Midwest,88117.36,Year,Y,Certified
EZYV6736,North America,Master's,N,N,831,1977,Midwest,141351.26,Year,N,Certified
EZYV8087,North America,Master's,N,N,58,2013,Northeast,75017.91,Year,Y,Denied
EZYV24115,Asia,Bachelor's,Y,N,2658,2004,Northeast,122440.88,Year,Y,Certified
EZYV21286,Europe,Doctorate,Y,N,4011,2004,South,45331.18,Year,Y,Certified
EZYV1409,Asia,High School,N,N,1870,1950,South,95887.82,Year,Y,Certified
EZYV6183,Asia,Master's,N,N,1528,1890,Northeast,140198.62,Year,N,Certified
EZYV10447,North America,Master's,Y,N,621,2007,Northeast,123684.49,Year,N,Certified
EZYV6565,Asia,Bachelor's,Y,N,2514,2013,West,198880.78,Year,Y,Denied
EZYV20524,Asia,Master's,Y,N,2711,1998,South,64169.1,Year,Y,Certified
EZYV5982,North America,Doctorate,Y,N,23381,1920,Northeast,964.0361,Hour,Y,Certified
EZYV4276,Europe,Bachelor's,Y,N,2875,2010,West,129265.77,Year,Y,Certified
EZYV24306,South America,Bachelor's,Y,N,236,1969,West,164708.75,Year,Y,Denied
EZYV9062,Asia,Master's,N,N,1400,1979,Northeast,95539.88,Year,Y,Certified
EZYV23006,Asia,Doctorate,N,Y,1807,2003,West,176.5574,Hour,Y,Denied
EZYV7796,Asia,Master's,Y,N,120925,1875,Northeast,59916.06,Year,Y,Certified
EZYV7774,North America,Master's,N,N,2209,2000,South,93006.99,Year,Y,Certified
EZYV13423,Asia,Bachelor's,Y,N,1743,1988,South,151664.77,Year,Y,Certified
EZYV19650,Asia,Bachelor's,Y,N,2257,2000,Northeast,75643.29,Week,Y,Certified
EZYV18754,Asia,High School,Y,N,3089,1998,Midwest,78552.86,Year,Y,Certified
EZYV24135,Asia,Master's,N,N,4595,1989,West,126761.15,Year,Y,Denied
EZYV4802,Europe,Master's,N,N,2190,2002,Northeast,42764.68,Year,Y,Certified
EZYV7226,Asia,Bachelor's,Y,N,2832,2013,West,22217.77,Year,Y,Certified
EZYV9363,Asia,Bachelor's,Y,N,1161,2014,South,109784.81,Year,Y,Denied
EZYV9822,Asia,Master's,Y,N,220,1882,South,48014.09,Year,Y,Certified
EZYV10238,Europe,Master's,N,N,2291,1923,Northeast,153517.19,Year,Y,Certified
EZYV19031,Asia,Bachelor's,N,N,1001,1998,Northeast,53177.38,Year,Y,Certified
EZYV11095,Asia,Master's,N,N,1626,1982,Northeast,65059.64,Year,Y,Certified
EZYV4038,Asia,Doctorate,Y,N,1956,2006,South,52342.28,Year,Y,Certified
EZYV6745,Asia,Master's,N,N,701,1973,Northeast,95072.95,Year,Y,Certified
EZYV9931,Asia,Bachelor's,Y,N,4134,2009,Midwest,52706.64,Year,Y,Certified
EZYV14433,Asia,Bachelor's,N,Y,2554,1962,South,28461.72,Year,Y,Certified
EZYV2866,Asia,Master's,Y,Y,1165,1920,South,72873.61,Year,Y,Certified
EZYV9586,Asia,High School,Y,N,753,1992,Midwest,123102.04,Year,Y,Denied
EZYV12869,Asia,Master's,N,Y,1308,1993,South,90203.77,Year,Y,Denied
EZYV11200,Asia,Master's,N,N,317150,2001,South,9580.71,Year,Y,Certified
EZYV23284,Asia,Master's,Y,N,3524,1986,Midwest,87737.67,Year,Y,Certified
EZYV1537,South America,Bachelor's,Y,N,2940,2011,West,38581.12,Year,Y,Certified
EZYV5376,Asia,Master's,Y,N,1031,2009,Island,53864.14,Year,Y,Certified
EZYV12765,Asia,Bachelor's,Y,N,640,1996,Midwest,125377.72,Year,Y,Certified
EZYV6492,South America,Master's,Y,Y,1773,1916,Northeast,102049.15,Year,Y,Certified
EZYV5169,Asia,Master's,N,N,2678,1998,Northeast,142631.69,Year,N,Certified
EZYV22478,Europe,Master's,Y,N,1471,1834,Midwest,115523.78,Year,Y,Certified
EZYV3435,Asia,Master's,N,N,4307,2000,South,144637.17,Year,Y,Denied
EZYV15512,Asia,Master's,N,N,1320,1995,Midwest,74570.95,Year,Y,Certified
EZYV5107,Asia,High School,N,N,2951,1960,South,104714.05,Year,Y,Denied
EZYV1359,Europe,Doctorate,Y,N,73,1999,South,110169.61,Year,Y,Certified
EZYV17204,Asia,High School,Y,N,1543,2010,South,146864.6,Year,N,Certified
EZYV10720,Asia,High School,Y,N,486,1993,Midwest,37238.41,Year,Y,Denied
EZYV8888,North America,High School,Y,N,95621,1997,South,48293.2,Year,Y,Certified
EZYV16629,Asia,High School,Y,N,2208,2001,Northeast,60615.23,Year,Y,Denied
EZYV22734,Asia,Bachelor's,Y,N,88,1999,West,127580.56,Year,Y,Certified
EZYV14460,South America,Bachelor's,Y,Y,1709,1995,Northeast,137812.75,Year,Y,Certified
EZYV14676,Europe,Bachelor's,N,Y,2004,1992,Midwest,101108.49,Year,Y,Certified
EZYV5457,Asia,High School,Y,N,4412,2004,South,158409.34,Year,Y,Denied
EZYV17671,Europe,Master's,N,Y,765,1979,South,32831.76,Year,Y,Certified
EZYV18098,Asia,High School,Y,N,1905,2007,South,45733.28,Year,Y,Certified
EZYV7144,North America,Master's,N,N,1200,1992,Northeast,100581.34,Year,Y,Denied
EZYV8128,Europe,Bachelor's,N,N,13524,1968,West,74062.83,Year,Y,Certified
EZYV11328,North America,Master's,N,N,1649,1981,West,519.1258,Hour,Y,Denied
EZYV22168,Asia,Master's,Y,N,14339,1889,Midwest,143693.23,Year,Y,Certified
EZYV16893,Europe,Doctorate,Y,N,2406,1935,Northeast,23884.73,Year,Y,Denied
EZYV1238,Asia,Bachelor's,Y,N,51,2002,West,153154.02,Year,Y,Certified
EZYV23149,Asia,High School,Y,N,5835,1998,Northeast,44978.42,Year,Y,Certified
EZYV9090,North America,Bachelor's,Y,N,2594,2000,West,116484.15,Year,Y,Certified
EZYV2910,Asia,High School,N,N,19,1925,Northeast,67632.37,Year,Y,Denied
EZYV15138,Asia,High School,N,N,246,1998,Northeast,115234.27,Year,Y,Denied
EZYV17748,Europe,Master's,N,N,3490,2010,South,227.114,Hour,Y,Certified
EZYV1531,North America,Master's,Y,N,2341,1987,Northeast,79157.57,Year,Y,Certified
EZYV23014,Asia,Master's,Y,N,36,2006,Northeast,56981.7,Year,Y,Denied
EZYV22787,Europe,Master's,Y,N,1461,2006,South,61090.77,Year,Y,Certified
EZYV2418,Asia,Bachelor's,N,N,839,1975,Northeast,47190.8,Year,Y,Denied
EZYV166,Asia,Master's,Y,N,4190,2006,South,123437.12,Year,N,Certified
EZYV24856,Asia,Master's,N,N,2162,1930,Midwest,103236.63,Year,Y,Certified
EZYV3893,Asia,Master's,N,N,1375,1994,South,61995.27,Year,Y,Denied
EZYV1087,North America,Bachelor's,N,N,2816,1958,West,90325.94,Year,Y,Denied
EZYV4761,South America,Master's,N,N,287,1932,West,37760.1,Year,Y,Denied
EZYV20960,Africa,Bachelor's,Y,N,2431,1953,West,64762.73,Week,Y,Certified
EZYV5896,Asia,Master's,Y,N,3740,1856,Northeast,1481.4,Year,Y,Certified
EZYV18506,Asia,Master's,Y,N,2262,1878,Northeast,69099.22,Year,Y,Denied
EZYV25167,Europe,Bachelor's,N,N,95,1987,South,49286.16,Year,Y,Certified
EZYV596,North America,Bachelor's,Y,N,908,1997,Island,29099.81,Year,Y,Certified
EZYV5294,Asia,Master's,Y,N,14858,2011,Northeast,33892.86,Year,N,Certified
EZYV13915,Asia,Master's,Y,N,619,1999,South,62699.28,Year,N,Certified
EZYV21542,Asia,Bachelor's,Y,N,1335,2001,Midwest,6378.84,Year,Y,Certified
EZYV11694,North America,Bachelor's,N,Y,4474,1995,West,113495.01,Year,Y,Denied
EZYV17770,Asia,Bachelor's,N,Y,993,1985,Northeast,143583.18,Year,Y,Certified
EZYV18401,Europe,Bachelor's,N,Y,2082,2007,West,74386.89,Year,Y,Certified
EZYV5198,Asia,Bachelor's,Y,N,1092,2014,West,114236.12,Year,Y,Denied
EZYV19150,Asia,High School,N,N,105,2000,Northeast,22330.28,Year,Y,Certified
EZYV7732,Asia,Bachelor's,N,Y,14728,1999,South,91970.92,Year,Y,Denied
EZYV11099,North America,Bachelor's,Y,N,2617,2005,South,17298.01,Year,Y,Denied
EZYV10672,Asia,Bachelor's,Y,N,3365,1928,South,316.9498,Hour,Y,Certified
EZYV1509,Asia,Bachelor's,Y,N,881,1887,South,155423.24,Year,Y,Certified
EZYV18014,Asia,Doctorate,Y,N,2698,1999,South,63217.12,Year,Y,Certified
EZYV14616,North America,Doctorate,Y,N,160,1929,West,28450.29,Year,Y,Denied
EZYV18374,Asia,Bachelor's,Y,N,491,1999,West,26167.42,Year,Y,Denied
EZYV7546,Asia,Master's,N,N,5289,1981,Midwest,128925.29,Year,Y,Certified
EZYV23696,Asia,Bachelor's,Y,N,2861,2008,West,96716.91,Year,Y,Certified
EZYV30,Asia,Bachelor's,Y,N,758,2009,Northeast,189190.48,Year,Y,Certified
EZYV14558,Europe,High School,N,N,97,1995,West,1555.99,Year,Y,Denied
EZYV4730,Asia,Master's,N,N,30146,1978,West,133910.14,Year,Y,Certified
EZYV15155,Asia,Master's,Y,N,3805,1999,Midwest,101787.17,Year,Y,Certified
EZYV2007,North America,Master's,N,N,242,2007,Midwest,104538.18,Year,N,Certified
EZYV23939,North America,Bachelor's,N,N,11760,1986,West,61711.97,Year,Y,Denied
EZYV24076,Asia,Bachelor's,Y,N,995,1990,Northeast,76039.19,Year,Y,Certified
EZYV3367,Europe,Master's,Y,Y,223,2004,West,112931.76,Year,Y,Certified
EZYV300,Asia,Master's,Y,Y,2009,2005,West,69741.05,Year,Y,Certified
EZYV14378,Asia,Bachelor's,Y,N,2926,2009,South,16923.87,Year,Y,Denied
EZYV18403,Asia,Master's,Y,N,4248,2007,West,68075.35,Year,Y,Certified
EZYV23960,Europe,Bachelor's,N,N,1411,1969,South,121202.46,Year,Y,Certified
EZYV15925,Asia,Bachelor's,Y,N,2339,2011,Northeast,82772.61,Year,Y,Certified
EZYV16214,Asia,Bachelor's,Y,N,1046,2009,South,119543.27,Year,Y,Denied
EZYV14947,Asia,Bachelor's,N,N,533,1997,South,152133.71,Year,Y,Certified
EZYV1744,Asia,High School,N,N,4730,1868,Midwest,53366.9,Year,Y,Certified
EZYV2099,Asia,Bachelor's,Y,N,2685,2013,South,44350.35,Year,Y,Certified
EZYV20270,Asia,Bachelor's,Y,N,1030,1996,Northeast,12553.08,Year,Y,Certified
EZYV25138,Europe,High School,Y,N,3610,1967,South,36601.54,Year,Y,Denied
EZYV12083,Asia,Master's,Y,N,2462,1985,Northeast,164274.73,Year,Y,Certified
EZYV15439,Asia,Bachelor's,Y,Y,11244,1993,Northeast,52604.94,Year,Y,Denied
EZYV18050,Asia,Doctorate,N,Y,1487,1977,West,132865.77,Year,Y,Certified
EZYV3071,Europe,Master's,Y,N,3751,1993,Northeast,9971.38,Year,Y,Certified
EZYV17964,South America,Doctorate,Y,N,2706,1985,Northeast,20429.94,Year,Y,Certified
EZYV19015,Asia,Bachelor's,N,N,4685,1989,West,103367.8,Year,Y,Denied
EZYV21061,Asia,Master's,Y,Y,2493,2006,South,93522.28,Year,Y,Certified
EZYV22460,Asia,Bachelor's,Y,N,196,2004,South,2390.83,Year,Y,Certified
EZYV8978,Europe,Master's,N,N,3314,1999,Northeast,81229.73,Year,Y,Certified
EZYV4710,Asia,High School,Y,N,1035,2012,Midwest,39060.85,Year,Y,Denied
EZYV9686,Asia,Master's,N,N,1544,1899,Northeast,49105.63,Year,N,Certified
EZYV12668,Europe,Bachelor's,Y,N,1374,2011,South,87607.53,Year,Y,Denied
EZYV21408,Asia,Bachelor's,Y,N,1208,1961,Northeast,54185.56,Year,Y,Certified
EZYV1292,Europe,Bachelor's,Y,N,873,1976,West,116441.42,Year,Y,Certified
EZYV15021,Asia,Master's,N,Y,23653,2008,Northeast,155498.58,Year,Y,Certified
EZYV13437,Asia,Bachelor's,N,N,2966,2000,West,98762.37,Year,Y,Denied
EZYV19100,North America,Master's,Y,N,3794,1998,West,56074.94,Year,Y,Certified
EZYV15944,Asia,Master's,N,N,4893,2009,Midwest,167122.15,Year,Y,Certified
EZYV1821,Asia,High School,N,N,1688,1994,Northeast,133371.96,Year,Y,Denied
EZYV15734,Asia,Master's,Y,N,5364,2004,Northeast,60451.84,Year,Y,Certified
EZYV24530,Asia,Bachelor's,Y,N,1666,2004,Northeast,121659.78,Year,Y,Denied
EZYV2175,Asia,Bachelor's,Y,N,51114,2006,Northeast,63183.8,Year,Y,Certified
EZYV23054,North America,Bachelor's,N,N,2327,1994,South,143997.56,Year,N,Certified
EZYV512,Europe,High School,Y,N,2670,2013,West,76452.7,Year,Y,Denied
EZYV11588,Asia,Master's,Y,N,6123,1974,South,35824.88,Year,Y,Certified
EZYV5534,Asia,Master's,Y,N,146,1998,South,61635.37,Year,Y,Certified
EZYV4504,Asia,Master's,N,N,270,1980,South,245819.17,Year,N,Denied
EZYV13420,Asia,Bachelor's,Y,N,3096,1991,South,56610.26,Year,Y,Certified
EZYV13256,Asia,Bachelor's,Y,N,3722,2007,West,22396.69,Year,Y,Denied
EZYV23730,Europe,Doctorate,N,Y,1316,1985,South,110145.36,Year,Y,Certified
EZYV780,Asia,Master's,Y,N,1113,1968,Northeast,46457.53,Year,Y,Certified
EZYV8967,Europe,Doctorate,Y,N,1338,2012,Northeast,56825.44,Year,Y,Certified
EZYV23627,Asia,Bachelor's,N,N,110,1997,Midwest,6981.27,Year,Y,Certified
EZYV7057,Asia,Master's,N,N,459,1998,Island,154682.53,Year,N,Certified
EZYV9377,Asia,Master's,Y,N,119016,1868,Northeast,9595.65,Year,Y,Certified
EZYV11873,Asia,Bachelor's,N,N,2432,1980,South,105423.48,Year,Y,Denied
EZYV4839,Asia,Master's,Y,N,112,2006,Northeast,121129.45,Year,Y,Certified
EZYV17358,Asia,Bachelor's,N,N,4125,1994,South,25145.55,Year,Y,Denied
EZYV2813,Europe,Doctorate,N,Y,314,1909,West,52854.69,Year,Y,Certified
EZYV22146,Asia,Bachelor's,Y,N,460,2008,Midwest,147432.9,Year,Y,Denied
EZYV4868,Asia,Bachelor's,N,N,119,2007,South,150521.49,Year,N,Certified
EZYV4198,Asia,Bachelor's,N,N,196,1979,Northeast,33350.16,Year,Y,Denied
EZYV18464,Africa,Master's,Y,N,2746,2005,Midwest,140448.86,Year,Y,Certified
EZYV7319,Asia,Bachelor's,Y,Y,-26,2006,South,115005.61,Year,Y,Certified
EZYV8789,Europe,Bachelor's,Y,Y,390,1969,South,32694.85,Year,Y,Certified
EZYV12792,North America,Master's,Y,N,5353,1996,Northeast,12512.49,Year,Y,Certified
EZYV15686,Oceania,Bachelor's,N,N,3451,2013,Northeast,119868.23,Year,Y,Certified
EZYV8439,Asia,High School,Y,N,21849,2011,Northeast,80867.34,Year,N,Denied
EZYV8150,Africa,Bachelor's,Y,N,2613,1980,West,50514.33,Year,Y,Denied
EZYV20751,Asia,Bachelor's,Y,N,4452,1920,West,53219.71,Year,Y,Certified
EZYV576,Asia,High School,Y,N,4040,1994,Midwest,60158.59,Year,Y,Certified
EZYV21482,Asia,Bachelor's,N,N,1720,1977,Northeast,50233.3,Year,Y,Denied
EZYV23317,Asia,Bachelor's,N,Y,1534,2000,West,218823.72,Year,Y,Certified
EZYV10661,Asia,Bachelor's,Y,N,2758,1998,Midwest,140339.54,Year,Y,Certified
EZYV22225,Asia,Bachelor's,Y,N,48,2007,Northeast,526.5279,Hour,Y,Denied
EZYV9358,Europe,Master's,N,N,791,1939,Northeast,55908.44,Year,Y,Certified
EZYV8474,Asia,High School,Y,N,3374,2009,Northeast,64897.41,Year,Y,Denied
EZYV16482,Asia,Master's,Y,N,856,1998,South,102813.82,Year,Y,Certified
EZYV4933,Asia,Bachelor's,N,Y,1467,2005,West,64493.72,Year,Y,Certified
EZYV11077,Asia,High School,Y,N,826,2005,Northeast,976.3034,Hour,Y,Denied
EZYV12559,Asia,Bachelor's,Y,N,1160,1989,Northeast,26447.22,Year,Y,Certified
EZYV14561,North America,High School,Y,N,4105,1995,Midwest,34075.65,Year,Y,Denied
EZYV24935,Asia,Master's,Y,N,5047,2007,West,23825.89,Year,Y,Certified
EZYV4991,Asia,Master's,Y,N,613,1998,West,12208.85,Year,Y,Certified
EZYV1253,Asia,High School,Y,N,18041,1973,Midwest,127965.87,Year,Y,Certified
EZYV4776,Asia,Doctorate,Y,N,4615,1883,Northeast,57786.78,Year,Y,Certified
EZYV9761,Asia,Master's,N,N,211,1996,South,144388.88,Year,Y,Certified
EZYV4540,Asia,Bachelor's,N,N,1684,2006,Northeast,52034.74,Year,N,Denied
EZYV24627,Asia,High School,Y,N,287,1886,Northeast,173.9685,Hour,Y,Certified
EZYV1158,Asia,Master's,Y,N,1016,2005,West,627.9543,Hour,Y,Certified
EZYV18337,Asia,Bachelor's,N,N,3261,2013,Northeast,4920.29,Year,Y,Certified
EZYV21988,Asia,Master's,N,N,67,1998,Northeast,235.02,Year,Y,Certified
EZYV3921,Asia,High School,N,N,2999,1950,South,92048.0,Year,Y,Denied
EZYV20559,Asia,High School,Y,N,102,1986,Northeast,87994.2,Year,Y,Certified
EZYV14514,Europe,Master's,N,N,1198,2008,Midwest,102034.54,Year,Y,Certified
EZYV1356,Asia,Bachelor's,Y,N,452,1987,Northeast,68427.15,Year,Y,Certified
EZYV5379,North America,Master's,N,N,13047,1990,Northeast,127757.84,Year,Y,Certified
EZYV13533,Europe,Bachelor's,N,N,483,1983,Northeast,111.11,Hour,Y,Denied
EZYV8509,Asia,Bachelor's,Y,N,4463,1977,South,87432.82,Year,Y,Certified
EZYV20800,Europe,Master's,Y,N,1532,2006,Northeast,20458.61,Year,Y,Certified
EZYV10644,Asia,Doctorate,N,N,821,2004,Midwest,120197.07,Year,Y,Certified
EZYV3891,North America,Master's,N,N,4350,1993,Northeast,112796.36,Year,Y,Denied
EZYV6244,Asia,Bachelor's,N,N,2709,2013,West,35886.75,Year,Y,Denied
EZYV21924,Asia,Master's,Y,N,514,2005,South,80769.27,Year,N,Certified
EZYV3847,Asia,Bachelor's,N,N,2684,1990,Northeast,87869.64,Year,Y,Denied
EZYV15392,Asia,Bachelor's,Y,N,249,1991,South,242597.19,Year,Y,Certified
EZYV23905,Asia,Master's,Y,N,11340,2004,Midwest,129166.04,Year,Y,Certified
EZYV5965,Asia,Master's,Y,N,119,2003,West,259.4118,Hour,Y,Certified
EZYV8422,North America,High School,N,N,386,1965,West,543.5521,Hour,Y,Certified
EZYV7649,Asia,Master's,N,N,90161,2005,West,113079.71,Year,N,Certified
EZYV20385,Asia,Bachelor's,N,N,2020,2004,Northeast,79981.88,Year,Y,Certified
EZYV13098,Europe,Master's,Y,Y,3270,1996,West,76314.51,Year,Y,Certified
EZYV17660,Europe,High School,Y,N,67735,1997,Northeast,23541.77,Year,Y,Denied
EZYV16539,Asia,Bachelor's,Y,N,3930,1984,South,10680.91,Year,Y,Certified
EZYV1636,Europe,High School,N,N,20237,1970,Northeast,34825.12,Year,Y,Denied
EZYV18755,Asia,Bachelor's,N,N,803,2014,Northeast,51943.8,Year,Y,Denied
EZYV2698,Asia,Master's,N,N,2389,2002,Midwest,90529.86,Year,Y,Denied
EZYV23403,Asia,Bachelor's,N,N,2420,2013,Northeast,70675.5,Year,Y,Certified
EZYV11278,Asia,Master's,Y,N,2748,1941,West,15335.44,Year,Y,Certified
EZYV11739,Asia,High School,N,N,619,1993,Northeast,484.6503,Hour,Y,Denied
EZYV21550,North America,Master's,Y,N,2461,1974,Northeast,95943.4,Year,N,Certified
EZYV4352,Asia,Bachelor's,N,N,883,1997,Northeast,48430.78,Year,Y,Denied
EZYV10081,North America,Master's,N,N,2695,2005,West,115003.65,Year,N,Certified
EZYV1748,Asia,Bachelor's,Y,N,2141,1992,Northeast,21533.01,Year,Y,Certified
EZYV10625,Asia,Master's,N,N,4240,2009,West,62973.56,Year,Y,Denied
EZYV20717,Asia,Doctorate,N,N,2246,2004,West,105932.85,Year,Y,Certified
EZYV14917,Asia,Bachelor's,Y,N,27068,2005,South,61388.04,Year,Y,Certified
EZYV3804,Asia,Bachelor's,Y,N,20155,1928,South,99436.9,Year,Y,Certified
EZYV18408,Asia,Master's,N,N,2104,1996,Northeast,6128.06,Year,N,Certified
EZYV9071,Asia,Bachelor's,N,N,149,2013,Midwest,169063.75,Year,Y,Certified
EZYV7992,Europe,High School,N,N,22645,1998,West,71539.63,Year,Y,Denied
EZYV2774,Asia,Bachelor's,Y,N,3287,1980,South,137545.78,Year,Y,Certified
EZYV10206,Asia,High School,Y,N,2924,1937,West,341.808,Hour,Y,Denied
EZYV5118,Oceania,Bachelor's,Y,N,2765,1962,Northeast,6036.67,Year,Y,Certified
EZYV10706,Asia,High School,N,Y,1856,2003,West,228715.49,Year,Y,Denied
EZYV7799,Asia,Bachelor's,Y,Y,1951,1985,Northeast,78599.22,Week,Y,Denied
EZYV23768,Asia,Master's,N,N,26241,2010,West,25203.57,Year,Y,Denied
EZYV1521,Europe,Bachelor's,N,N,297,2000,West,216.6439,Hour,Y,Denied
EZYV11823,Asia,Doctorate,N,N,341,1997,South,431.9931,Hour,Y,Certified
EZYV24119,South America,Master's,Y,N,3001,2001,Northeast,73751.23,Year,Y,Certified
EZYV10694,Asia,Bachelor's,Y,N,473,2006,Northeast,820.8629,Hour,Y,Denied
EZYV15357,North America,Doctorate,Y,N,4857,2006,West,4860.77,Year,Y,Certified
EZYV5714,Asia,High School,Y,Y,2752,1994,West,110913.65,Year,Y,Denied
EZYV13219,Asia,Bachelor's,N,Y,231,1969,South,99685.31,Year,Y,Denied
EZYV7034,North America,Bachelor's,N,N,1839,1997,Northeast,756.9234,Hour,Y,Certified
EZYV3228,Asia,Master's,N,N,3364,1993,South,63845.2,Year,N,Denied
EZYV15481,Asia,Bachelor's,Y,N,5490,2013,South,47270.46,Year,Y,Certified
EZYV22887,South America,Master's,Y,N,61546,2013,South,3161.14,Year,Y,Certified
EZYV14428,South America,Bachelor's,N,N,1920,1976,Northeast,264.5926,Hour,Y,Denied
EZYV20479,Asia,Bachelor's,N,N,1695,2005,South,56755.66,Year,Y,Certified
EZYV13866,Asia,Bachelor's,Y,N,1381,1999,Midwest,11428.91,Year,Y,Certified
EZYV23434,Asia,Master's,N,N,2817,1968,West,21813.44,Year,Y,Denied
EZYV22380,South America,Master's,Y,N,3460,1935,Northeast,69823.99,Year,Y,Denied
EZYV19148,Europe,Master's,N,Y,62,2001,South,43011.47,Year,Y,Certified
EZYV3726,Asia,Bachelor's,N,N,158,1949,South,83992.66,Year,N,Denied
EZYV21382,Europe,Master's,Y,N,397,1877,Northeast,32531.31,Year,Y,Denied
EZYV3272,Asia,Bachelor's,N,N,1890,1994,South,68324.09,Year,Y,Denied
EZYV17100,Oceania,Bachelor's,Y,N,1441,1996,Northeast,20510.44,Year,Y,Certified
EZYV11546,Asia,Master's,Y,N,4472,1954,Northeast,160209.27,Year,Y,Certified
EZYV279,Asia,Master's,N,N,2443,1958,Midwest,99714.22,Year,Y,Certified
EZYV882,Asia,Bachelor's,Y,N,987,2009,West,44332.36,Year,Y,Certified
EZYV17389,Asia,Bachelor's,Y,N,4688,1997,West,5440.64,Year,Y,Certified
EZYV4631,Asia,Bachelor's,Y,N,4570,2000,Northeast,73895.96,Year,Y,Denied
EZYV8339,Asia,Master's,N,Y,996,1998,South,72550.43,Year,Y,Certified
EZYV585,Asia,High School,N,Y,940,2001,South,75815.39,Year,Y,Certified
EZYV25003,Asia,High School,Y,Y,1574,2000,Northeast,129528.3,Year,Y,Denied
EZYV14202,North America,Bachelor's,Y,N,5231,1998,South,10750.08,Year,Y,Certified
EZYV14772,Asia,Master's,Y,N,1991,2007,South,154825.43,Year,Y,Certified
EZYV10357,Asia,Bachelor's,Y,N,1858,2006,West,25790.89,Year,Y,Certified
EZYV24676,Asia,Bachelor's,Y,N,4108,2009,Northeast,115196.05,Year,Y,Denied
EZYV15462,Asia,Bachelor's,N,N,3745,1986,South,75600.75,Year,Y,Denied
EZYV22102,Asia,High School,N,N,1447,2013,West,8916.29,Year,Y,Certified
EZYV11898,South America,Doctorate,N,N,2721,1853,Northeast,102955.22,Year,Y,Certified
EZYV871,Asia,Bachelor's,Y,N,1153,1995,West,103164.26,Year,Y,Certified
EZYV25172,Asia,Master's,Y,N,1892,1997,Midwest,65117.59,Year,Y,Certified
EZYV49,Asia,Bachelor's,Y,N,2405,1933,South,86022.02,Year,Y,Certified
EZYV20519,Asia,Master's,N,N,1970,1974,South,193832.19,Year,Y,Certified
EZYV7420,Asia,Master's,N,N,2752,2003,Northeast,83243.65,Year,Y,Certified
EZYV20572,Asia,Bachelor's,N,N,1571,1902,West,62255.81,Year,Y,Certified
EZYV21240,North America,Master's,Y,N,1726,1993,Midwest,45558.65,Year,Y,Certified
EZYV2251,North America,Master's,Y,N,3867,1999,Northeast,29840.02,Year,Y,Certified
EZYV13507,North America,Master's,Y,N,2674,2008,Northeast,106729.34,Year,Y,Denied
EZYV20266,Asia,Bachelor's,N,N,21674,1982,Northeast,42333.72,Year,Y,Denied
EZYV19185,Europe,Master's,Y,N,5067,2003,West,5743.04,Year,Y,Certified
EZYV22104,Asia,Doctorate,N,N,276,2005,South,35062.94,Year,Y,Certified
EZYV14400,Asia,Master's,N,N,1320,2012,West,145996.56,Year,N,Denied
EZYV979,Asia,Master's,Y,N,866,2012,Northeast,41439.87,Year,Y,Certified
EZYV14730,Europe,Doctorate,Y,N,3881,2005,South,51562.12,Year,Y,Certified
EZYV10770,Asia,Master's,N,N,66191,1996,South,119908.2,Year,N,Denied
EZYV7281,Europe,Master's,Y,N,1232,2006,Midwest,180066.44,Year,Y,Certified
EZYV852,Europe,Bachelor's,Y,N,1432,2000,Island,72618.35,Year,Y,Certified
EZYV4800,Asia,Doctorate,N,N,2902,2005,Midwest,72098.82,Year,Y,Certified
EZYV21512,Europe,Bachelor's,Y,N,4261,2008,Northeast,72972.73,Year,Y,Denied
EZYV18188,Asia,Bachelor's,N,N,1527,2000,South,32756.01,Year,Y,Certified
EZYV24270,Asia,Bachelor's,N,Y,1923,1997,West,54646.11,Year,Y,Certified
EZYV15599,Asia,Doctorate,Y,N,1160,2006,West,121600.87,Year,Y,Certified
EZYV23415,Asia,Bachelor's,N,N,1730,2005,Northeast,63980.19,Year,Y,Certified
EZYV18173,Europe,Doctorate,N,N,4582,2013,West,36754.71,Year,Y,Certified
EZYV22246,Europe,Bachelor's,N,Y,3687,2004,Northeast,114017.07,Year,Y,Certified
EZYV5000,Europe,Bachelor's,Y,Y,1578,2000,West,74366.23,Year,Y,Certified
EZYV2688,Europe,Bachelor's,Y,N,162,2001,Northeast,38377.19,Month,Y,Certified
EZYV4561,Asia,Bachelor's,N,N,4230,2002,Midwest,98419.73,Year,Y,Denied
EZYV6662,Asia,Bachelor's,Y,N,4818,1984,Northeast,208640.93,Year,Y,Certified
EZYV18596,North America,High School,Y,N,40,1998,Northeast,105203.79,Year,Y,Certified
EZYV18286,Asia,Bachelor's,N,N,376,2009,South,98901.43,Year,N,Denied
EZYV25470,North America,Master's,Y,N,2261,1997,Northeast,273772.47,Year,N,Certified
EZYV23379,Asia,High School,Y,N,4661,1986,West,121281.42,Year,Y,Certified
EZYV3268,Asia,Doctorate,N,N,3388,2004,West,46519.52,Year,Y,Denied
EZYV3124,Asia,Master's,N,N,60,1919,South,56553.54,Year,N,Denied
EZYV13193,Europe,Master's,N,Y,2754,1986,South,54215.88,Year,Y,Certified
EZYV1877,Asia,Master's,N,N,2693,2006,West,102168.2,Year,Y,Denied
EZYV11886,Asia,Master's,Y,Y,2343,2009,Midwest,6161.74,Year,Y,Certified
EZYV17600,Europe,Bachelor's,Y,Y,1442,2000,Midwest,106875.36,Year,Y,Certified
EZYV1038,Asia,Bachelor's,N,N,1933,1984,West,148046.97,Year,Y,Denied
EZYV6119,Asia,Master's,Y,N,4687,1977,South,81532.28,Year,Y,Certified
EZYV14071,Asia,Master's,Y,N,3759,2015,Northeast,154297.44,Year,N,Certified
EZYV24873,Asia,Bachelor's,N,N,3855,1968,West,47826.07,Year,Y,Certified
EZYV7540,Europe,Bachelor's,N,N,4644,1961,Northeast,42727.59,Year,Y,Certified
EZYV16655,Asia,Bachelor's,N,N,2535,1911,South,128883.16,Year,Y,Denied
EZYV18535,Asia,Bachelor's,N,N,2422,2011,Midwest,136931.44,Year,Y,Denied
EZYV4287,North America,Bachelor's,Y,N,1379,1997,South,126270.65,Year,Y,Certified
EZYV11875,Europe,Bachelor's,Y,N,988,2002,South,24031.35,Year,Y,Certified
EZYV12517,Asia,Bachelor's,N,N,3240,2007,South,72139.39,Year,N,Certified
EZYV8718,North America,Bachelor's,N,N,364436,1869,West,3741.95,Year,Y,Certified
EZYV14396,Asia,Bachelor's,Y,N,808,1957,West,106251.69,Year,Y,Certified
EZYV5170,Asia,Bachelor's,Y,N,1630,1984,Northeast,94589.41,Year,N,Certified
EZYV11771,Asia,Master's,N,N,79290,1984,West,208482.93,Year,Y,Denied
EZYV1150,Asia,Bachelor's,Y,N,3085,2010,South,68707.76,Year,Y,Certified
EZYV11025,Asia,Master's,N,N,2836,2010,Northeast,57565.61,Year,N,Certified
EZYV10955,Asia,Master's,N,N,17057,2009,Midwest,445.4899,Hour,N,Certified
EZYV15106,Asia,Bachelor's,N,N,89,1979,West,128639.0,Year,Y,Denied
EZYV15307,Asia,Bachelor's,Y,N,178,1978,Northeast,124495.5,Year,Y,Denied
EZYV13743,Asia,Master's,N,N,13934,1985,West,59791.02,Year,Y,Certified
EZYV8440,Europe,Master's,Y,Y,2067,2006,South,65945.6,Year,Y,Certified
EZYV17371,Asia,Doctorate,Y,N,2300,1999,Northeast,50565.64,Year,Y,Certified
EZYV5496,South America,Bachelor's,Y,N,2338,2008,South,78012.82,Year,Y,Certified
EZYV24037,North America,Master's,Y,N,3671,1987,Northeast,50047.85,Year,Y,Denied
EZYV2575,Asia,Bachelor's,N,N,1897,1997,South,44447.67,Year,Y,Certified
EZYV812,Asia,Master's,Y,N,2569,2008,Midwest,298.8956,Hour,Y,Certified
EZYV24613,North America,Master's,Y,N,1745,1831,Northeast,45087.02,Year,Y,Denied
EZYV17573,Asia,Bachelor's,Y,N,4355,2001,Northeast,25828.57,Year,Y,Certified
EZYV11364,Asia,Master's,Y,N,1838,1917,Northeast,238662.95,Year,Y,Certified
EZYV6847,Asia,Bachelor's,N,N,1224,1965,Northeast,961.1867,Hour,Y,Denied
EZYV8982,North America,Master's,Y,N,5171,1861,South,6796.52,Year,N,Certified
EZYV3387,Asia,Master's,Y,N,1157,2001,Midwest,75170.23,Year,Y,Certified
EZYV19945,Asia,Bachelor's,Y,N,2519,2005,South,144896.2,Year,Y,Denied
EZYV11553,Europe,Doctorate,Y,N,642,2010,West,156433.36,Year,Y,Certified
EZYV14695,Asia,Master's,Y,N,5967,2005,Northeast,15047.29,Year,N,Certified
EZYV5428,North America,High School,N,N,880,1940,Midwest,118982.42,Year,Y,Certified
EZYV16751,Asia,High School,N,N,2911,1998,Northeast,113983.89,Year,Y,Denied
EZYV3230,Asia,Bachelor's,Y,N,1979,1993,Northeast,106885.13,Month,Y,Certified
EZYV10869,South America,Master's,Y,Y,3690,1890,South,60670.13,Year,Y,Certified
EZYV1570,Europe,High School,Y,N,2389,2000,West,55123.36,Year,Y,Denied
EZYV6868,Asia,Doctorate,Y,N,2085,1920,South,19100.89,Year,Y,Certified
EZYV7382,Europe,Bachelor's,N,Y,4255,2010,West,33336.03,Year,Y,Certified
EZYV741,South America,High School,Y,N,1466,1998,West,163906.88,Year,N,Certified
EZYV18765,North America,High School,Y,N,1456,2001,South,108421.95,Year,Y,Certified
EZYV7570,North America,Bachelor's,Y,N,2508,1907,South,282.1789,Hour,Y,Denied
EZYV20992,Europe,Master's,Y,Y,4082,2008,West,64905.4,Year,Y,Certified
EZYV4143,Asia,Bachelor's,N,N,3819,1960,West,44095.87,Year,Y,Denied
EZYV9325,Asia,Master's,N,N,5536,1995,West,58938.75,Year,Y,Certified
EZYV3449,Asia,Master's,N,N,729,2008,Northeast,55629.11,Year,Y,Denied
EZYV8331,Asia,Master's,N,N,2103,1984,South,115935.05,Year,N,Certified
EZYV20456,Asia,Doctorate,N,Y,683,1982,South,83756.41,Year,Y,Certified
EZYV18095,Asia,Master's,Y,N,5959,2008,West,60783.29,Year,Y,Certified
EZYV18897,Asia,Master's,Y,N,5302,1997,West,24977.55,Year,Y,Certified
EZYV7125,Asia,Master's,Y,N,4061,1994,Northeast,59194.87,Year,Y,Certified
EZYV25109,Europe,Doctorate,N,N,48,1999,West,39637.55,Year,Y,Denied
EZYV6534,Europe,High School,N,N,2816,2001,South,72107.49,Year,Y,Denied
EZYV9606,Asia,Bachelor's,Y,N,2480,2007,Northeast,91797.27,Year,Y,Certified
EZYV14688,Asia,Bachelor's,N,Y,1835,2008,South,104888.83,Year,Y,Certified
EZYV165,Asia,Master's,Y,N,2640,2009,West,47095.57,Year,Y,Certified
EZYV17028,Europe,High School,N,N,2745,2001,West,26056.52,Year,Y,Certified
EZYV21840,Europe,Doctorate,N,N,4081,2010,West,12416.9,Year,Y,Certified
EZYV13397,Europe,Bachelor's,N,Y,2859,1994,West,120862.55,Year,Y,Certified
EZYV20521,Asia,Bachelor's,Y,N,4634,2008,Northeast,47884.0,Year,N,Certified
EZYV23623,Asia,Bachelor's,Y,N,3576,2012,Northeast,77756.03,Year,Y,Denied
EZYV11049,Asia,Bachelor's,Y,N,3232,2005,South,113268.46,Year,Y,Denied
EZYV21479,Asia,Master's,N,N,1054,2004,Northeast,84011.15,Year,N,Certified
EZYV23348,Asia,Bachelor's,Y,N,748,1943,Midwest,67535.72,Year,Y,Certified
EZYV11982,Asia,Bachelor's,N,Y,1165,1993,West,82016.67,Year,Y,Certified
EZYV12058,Asia,Master's,N,N,9850,1838,Midwest,181560.63,Year,Y,Certified
EZYV8196,Asia,Master's,Y,N,647,1891,West,57108.72,Year,Y,Certified
EZYV24677,South America,Master's,N,N,825,2000,South,122927.88,Year,N,Certified
EZYV14609,Asia,Doctorate,Y,N,1570,1984,Midwest,81956.42,Year,N,Certified
EZYV23420,Asia,Master's,Y,N,5971,2009,West,38753.5,Year,Y,Denied
EZYV6755,North America,Master's,N,Y,1664,2004,South,121085.47,Year,Y,Certified
EZYV7964,Africa,Master's,Y,N,134470,1926,Northeast,79726.76,Year,Y,Certified
EZYV12408,Asia,Master's,Y,N,2973,2006,Midwest,85406.36,Year,Y,Certified
EZYV2398,North America,Master's,Y,N,127274,1997,Island,33664.29,Year,Y,Certified
EZYV316,Asia,High School,Y,N,2170,1998,Midwest,115801.09,Year,Y,Certified
EZYV7909,Asia,High School,N,N,499,1901,South,139.11,Hour,Y,Denied
EZYV432,Asia,Bachelor's,Y,N,3466,1868,West,31023.47,Year,Y,Certified
EZYV4305,Asia,Master's,N,N,16275,2004,Midwest,87988.81,Year,N,Denied
EZYV3566,Europe,High School,N,Y,3892,2007,Midwest,93750.89,Year,Y,Denied
EZYV20595,Asia,Master's,N,N,3873,2005,South,238778.59,Year,N,Certified
EZYV24854,Asia,High School,Y,N,3514,1997,Northeast,33.0953,Hour,Y,Denied
EZYV17228,South America,Master's,Y,N,1837,1989,Midwest,41472.69,Year,Y,Certified
EZYV6817,Europe,Bachelor's,N,Y,772,1995,Midwest,93456.19,Year,Y,Denied
EZYV22715,Asia,Master's,Y,N,2101,1885,West,110802.55,Year,Y,Denied
EZYV3720,Asia,High School,Y,N,749,1939,West,36535.82,Year,Y,Denied
EZYV16988,Oceania,Master's,Y,N,2568,2000,Midwest,275926.27,Year,Y,Certified
EZYV3805,Asia,Master's,N,N,2921,2004,South,199735.07,Year,N,Denied
EZYV10255,Asia,Master's,Y,N,19813,1838,Northeast,29524.14,Year,Y,Certified
EZYV22516,Asia,Doctorate,Y,N,3183,1996,Northeast,48560.52,Year,Y,Certified
EZYV24047,Asia,Bachelor's,Y,N,1729,1995,South,35726.18,Year,Y,Denied
EZYV23979,North America,Doctorate,N,N,1707,1981,West,145281.23,Year,Y,Certified
EZYV13511,Asia,Master's,N,N,3165,1984,South,128245.38,Year,Y,Certified
EZYV21298,Asia,High School,N,N,251,1986,South,130886.71,Year,Y,Certified
EZYV8146,North America,Master's,Y,N,858,1997,Northeast,6334.84,Year,Y,Denied
EZYV17615,Asia,Master's,Y,Y,2219,2001,South,161172.56,Year,Y,Certified
EZYV9316,Asia,Master's,Y,N,4812,1984,Northeast,10715.62,Year,Y,Certified
EZYV10741,Asia,Bachelor's,N,N,1245,1998,West,70210.23,Year,Y,Denied
EZYV6619,Asia,Bachelor's,N,N,862,1995,Northeast,301.0897,Hour,Y,Certified
EZYV7327,Asia,Doctorate,N,N,2312,2001,Northeast,157777.89,Year,Y,Certified
EZYV10129,Asia,Master's,N,N,3799,1898,Northeast,111558.49,Year,Y,Certified
EZYV10247,Europe,Doctorate,N,N,1030,2014,West,19687.33,Year,Y,Certified
EZYV6315,North America,Bachelor's,N,N,4228,2012,Northeast,73976.48,Year,Y,Denied
EZYV10967,North America,Master's,Y,N,3583,1990,South,21255.82,Year,N,Certified
EZYV13066,Asia,Master's,Y,N,1238,1999,Northeast,109923.43,Year,Y,Certified
EZYV9626,Asia,Doctorate,N,N,194,1994,West,187776.64,Year,Y,Certified
EZYV14221,Asia,Doctorate,N,N,3326,1939,Northeast,38694.74,Year,Y,Denied
EZYV19332,Asia,Bachelor's,Y,N,40,1972,West,137540.16,Year,Y,Certified
EZYV11755,Asia,Bachelor's,Y,N,658,1978,South,163916.59,Year,Y,Denied
EZYV19663,Asia,Bachelor's,Y,N,5265,1936,West,116.51,Hour,Y,Denied
EZYV22908,Asia,Master's,N,N,718,2001,Midwest,127925.01,Year,Y,Certified
EZYV23464,South America,Master's,Y,N,4410,2007,Island,24183.69,Year,Y,Denied
EZYV21028,Asia,Bachelor's,N,N,2871,2005,South,198982.95,Year,Y,Denied
EZYV6383,Asia,Bachelor's,Y,N,2717,1998,West,338.5595,Hour,Y,Denied
EZYV9755,Asia,Master's,Y,N,5092,2013,South,118491.34,Year,N,Certified
EZYV21463,Africa,Master's,N,N,4291,1996,Northeast,130538.57,Year,Y,Certified
EZYV13877,North America,Bachelor's,N,N,869,1884,Northeast,61267.54,Year,Y,Denied
EZYV22082,Asia,Master's,N,N,1896,2006,South,54644.89,Year,N,Certified
EZYV9102,Asia,Doctorate,N,N,281,2013,Midwest,245999.3,Year,N,Certified
EZYV1746,Asia,Bachelor's,N,N,1767,1948,West,90690.82,Year,Y,Denied
EZYV8811,Asia,Bachelor's,N,N,4459,1992,South,3702.51,Year,Y,Certified
EZYV3297,Asia,Master's,Y,N,2862,1982,West,65646.87,Year,Y,Certified
EZYV25044,Asia,Master's,N,Y,1761,1993,Midwest,72557.8,Year,Y,Certified
EZYV16569,Asia,Bachelor's,Y,N,4401,2000,West,7805.95,Year,Y,Certified
EZYV20395,Europe,Bachelor's,Y,N,1040,2003,West,49167.95,Year,Y,Certified
EZYV2177,North America,Bachelor's,N,N,2948,2004,Northeast,95089.48,Year,Y,Denied
EZYV1401,Asia,Doctorate,Y,N,2366,1998,West,98876.38,Year,Y,Certified
EZYV12398,Asia,Master's,Y,N,511,2001,South,162297.93,Week,Y,Certified
EZYV15714,North America,Bachelor's,Y,N,423,1995,Midwest,68153.44,Year,N,Certified
EZYV3328,Asia,Bachelor's,Y,N,122,2004,South,82379.06,Week,Y,Certified
EZYV3416,Asia,Bachelor's,Y,N,2365,1977,West,3057.67,Year,Y,Certified
EZYV25390,Asia,Bachelor's,Y,N,26031,2009,West,25357.4,Year,Y,Certified
EZYV9636,Asia,Master's,Y,N,257,2009,Midwest,51480.42,Year,Y,Certified
EZYV1697,Asia,Master's,N,N,798,2007,Northeast,95726.77,Year,N,Denied
EZYV25129,North America,High School,N,N,1975,1993,South,203.1459,Hour,Y,Denied
EZYV19863,Asia,Master's,Y,N,4777,2011,West,59706.33,Year,Y,Certified
EZYV7720,Asia,Bachelor's,N,N,556,2007,South,96065.2,Year,Y,Denied
EZYV20961,South America,Master's,N,N,4866,1998,West,123957.0,Year,Y,Denied
EZYV21790,Europe,Master's,Y,N,4655,1934,West,107125.17,Year,Y,Denied
EZYV20034,Europe,Master's,N,N,4824,1889,West,94574.36,Year,Y,Certified
EZYV14468,Asia,High School,N,Y,3279,2011,Northeast,129156.7,Year,Y,Denied
EZYV18603,Asia,Bachelor's,N,N,1158,2013,South,48630.05,Year,Y,Denied
EZYV13448,Asia,Bachelor's,N,N,863,2008,West,28045.85,Year,Y,Certified
EZYV4737,Europe,High School,Y,N,6519,1918,Northeast,38961.53,Year,Y,Denied
EZYV9837,Asia,Master's,Y,N,3050,1998,Northeast,103087.45,Year,Y,Certified
EZYV16313,Asia,Bachelor's,N,N,1622,2004,Northeast,52484.46,Year,Y,Certified
EZYV17187,Oceania,Bachelor's,Y,N,3223,1989,Midwest,363.8341,Hour,Y,Certified
EZYV20768,Asia,Bachelor's,N,N,385,2000,West,260.945,Hour,Y,Denied
EZYV10486,Oceania,Master's,N,Y,639,2003,South,45552.86,Year,Y,Certified
EZYV3935,Asia,Bachelor's,Y,N,707,2001,Midwest,81748.82,Year,N,Certified
EZYV12141,Asia,Doctorate,Y,N,33,1991,Midwest,21544.52,Year,N,Certified
EZYV16582,Asia,Bachelor's,Y,N,3303,2000,Northeast,36102.16,Year,Y,Certified
EZYV17568,Africa,Master's,Y,N,2554,1992,Midwest,130385.72,Year,Y,Certified
EZYV19743,Asia,Master's,N,N,4343,1999,Midwest,134624.79,Year,Y,Denied
EZYV19432,South America,Master's,Y,N,1013,1938,South,418.7221,Hour,Y,Denied
EZYV17665,North America,Bachelor's,N,N,237,1966,West,109814.84,Year,N,Denied
EZYV8222,Asia,Doctorate,Y,N,6120,1944,Northeast,110822.33,Year,Y,Certified
EZYV14905,Asia,Bachelor's,Y,N,4330,2011,South,124988.32,Year,Y,Denied
EZYV14332,North America,Master's,N,N,1943,1984,West,39213.12,Year,Y,Denied
EZYV6006,Europe,High School,Y,N,1100,2006,South,28235.14,Year,Y,Denied
EZYV3810,North America,High School,Y,N,6046,2007,Midwest,95474.67,Year,N,Certified
EZYV647,Asia,Master's,N,N,2953,2000,Midwest,110427.57,Year,Y,Certified
EZYV22669,Asia,Master's,N,N,3800,2005,Northeast,50080.9,Year,N,Certified
EZYV19526,North America,Master's,Y,N,3710,1988,Northeast,41529.88,Year,Y,Certified
EZYV4837,Africa,Bachelor's,Y,N,4468,1995,West,129321.81,Year,Y,Denied
EZYV12800,Africa,Master's,Y,N,1249,1947,Northeast,53141.86,Year,Y,Certified
EZYV20641,North America,Bachelor's,N,N,3300,1988,Northeast,214788.51,Year,Y,Denied
EZYV15751,Asia,Bachelor's,N,N,751,2010,South,140626.21,Year,Y,Certified
EZYV5129,Asia,Bachelor's,Y,N,1858,1868,Midwest,202917.69,Year,Y,Certified
EZYV2811,Asia,Master's,Y,N,29555,1819,South,114648.1,Year,Y,Certified
EZYV11379,Asia,Master's,Y,N,3314,1999,Midwest,113990.77,Year,Y,Certified
EZYV3388,Asia,High School,Y,N,2070,1985,Midwest,113222.0,Year,Y,Denied
EZYV15526,North America,Doctorate,Y,N,2316,2010,Midwest,104221.52,Year,N,Certified
EZYV20484,Asia,Bachelor's,Y,N,740,2011,West,33235.43,Year,Y,Certified
EZYV6474,Asia,High School,Y,N,2022,1999,Northeast,108362.96,Year,Y,Denied
EZYV23127,Asia,Bachelor's,Y,N,18843,1978,West,99506.01,Year,Y,Certified
EZYV7783,Asia,Bachelor's,Y,N,6318,1989,South,14937.69,Year,Y,Certified
EZYV7183,Asia,Bachelor's,Y,N,2813,2003,West,117109.75,Year,Y,Certified
EZYV17343,Asia,Bachelor's,Y,N,579,1998,South,70828.14,Year,Y,Denied
EZYV15695,Asia,Bachelor's,Y,N,25111,1955,Northeast,117646.0,Year,Y,Certified
EZYV9788,Asia,High School,Y,N,4196,2000,Northeast,16718.54,Year,Y,Denied
EZYV20209,Asia,Bachelor's,N,N,734,1979,Island,125499.14,Year,Y,Certified
EZYV4827,South America,Master's,N,N,1423,1889,Northeast,5262.17,Year,Y,Certified
EZYV20257,Asia,Doctorate,Y,Y,1573,2010,South,115655.01,Year,Y,Certified
EZYV5652,Asia,Bachelor's,N,Y,3810,1995,South,55606.33,Year,Y,Certified
EZYV16783,Asia,Master's,N,N,1711,1987,Midwest,111583.0,Year,Y,Certified
EZYV19910,Asia,Bachelor's,Y,N,4353,1987,West,9619.55,Year,Y,Denied
EZYV19271,Asia,Bachelor's,N,N,328,2004,West,73655.15,Year,Y,Denied
EZYV15904,Europe,Bachelor's,N,Y,920,1986,West,100460.36,Year,Y,Certified
EZYV10202,Asia,High School,Y,N,1208,1996,Midwest,132786.18,Year,Y,Denied
EZYV17073,Europe,Master's,N,N,2886,2013,South,70860.66,Year,Y,Certified
EZYV13606,North America,Bachelor's,N,N,1896,1979,Northeast,559.5197,Hour,Y,Denied
EZYV8008,Europe,Bachelor's,Y,N,235,1970,Northeast,36.0253,Hour,Y,Denied
EZYV12693,Europe,Master's,Y,N,1647,1998,Northeast,29898.32,Year,Y,Certified
EZYV19583,North America,Master's,Y,N,2396,2006,West,6627.87,Year,Y,Certified
EZYV12014,Asia,Bachelor's,Y,N,1501,2003,West,84757.56,Year,Y,Denied
EZYV23387,Asia,Master's,Y,N,81,1987,West,32072.16,Year,Y,Certified
EZYV14864,Asia,High School,Y,N,2894,1869,South,261.0801,Hour,Y,Denied
EZYV12763,Asia,Doctorate,Y,N,1008,1867,Northeast,107959.68,Year,Y,Certified
EZYV15012,North America,Bachelor's,N,N,951,1872,Midwest,109942.93,Year,Y,Certified
EZYV9438,Asia,Bachelor's,Y,N,2903,1817,West,117008.19,Year,Y,Certified
EZYV17511,Asia,Bachelor's,N,N,4989,1990,Northeast,122630.54,Year,Y,Denied
EZYV24084,Europe,Bachelor's,N,Y,777,2008,Northeast,128461.25,Year,Y,Denied
EZYV9348,Asia,Doctorate,N,N,3698,1834,West,90187.24,Year,Y,Certified
EZYV4935,Asia,Bachelor's,Y,N,318,2007,South,126307.46,Year,Y,Certified
EZYV3715,Asia,Bachelor's,N,N,4133,2005,West,109442.71,Year,Y,Denied
EZYV1212,North America,High School,Y,N,2620,1998,Northeast,130192.56,Year,Y,Certified
EZYV20348,Asia,Bachelor's,Y,N,54,2004,Northeast,90421.45,Year,Y,Denied
EZYV3505,North America,Master's,Y,N,2992,1923,West,27220.46,Year,Y,Certified
EZYV20149,Asia,Master's,Y,N,1830,1911,Northeast,82554.49,Year,Y,Certified
EZYV6586,North America,Master's,Y,N,5172,1999,Northeast,38916.78,Year,Y,Certified
EZYV21059,South America,Master's,Y,N,4421,1978,South,7308.36,Year,Y,Certified
EZYV9150,Asia,Master's,Y,N,767,1996,South,59444.94,Year,Y,Certified
EZYV21693,Asia,High School,N,Y,3236,1863,West,96504.46,Year,Y,Certified
EZYV8726,Asia,Doctorate,N,Y,3466,1946,Northeast,20263.02,Year,Y,Certified
EZYV10302,Asia,Master's,Y,N,462,1845,Northeast,207367.24,Year,N,Denied
EZYV10366,North America,Master's,Y,N,2939,1985,South,52655.79,Year,N,Certified
EZYV21620,Asia,Bachelor's,Y,Y,2044,1975,South,79648.09,Year,Y,Certified
EZYV88,Asia,High School,Y,N,4455,1998,West,113327.34,Year,Y,Denied
EZYV19627,Asia,Bachelor's,Y,N,228,2005,South,106191.93,Year,Y,Certified
EZYV4403,Europe,High School,N,N,438,1862,Northeast,66500.05,Year,Y,Denied
EZYV19144,Asia,Master's,Y,N,543,1914,South,122812.56,Year,Y,Certified
EZYV9385,Asia,Bachelor's,N,Y,1044,2011,South,61286.32,Year,Y,Denied
EZYV229,Asia,High School,Y,N,584,1968,West,688.1266,Hour,Y,Denied
EZYV23555,Europe,Bachelor's,N,N,4627,2012,Northeast,52766.91,Year,Y,Certified
EZYV3132,Asia,Master's,Y,Y,3530,1968,Northeast,73918.6,Year,Y,Certified
EZYV20436,North America,High School,Y,N,4001,1917,South,52562.47,Year,N,Certified
EZYV23418,North America,Master's,Y,N,667,1854,South,115435.64,Year,Y,Certified
EZYV1493,Asia,High School,Y,N,304,2011,Northeast,12048.74,Year,Y,Denied
EZYV14839,Asia,Master's,Y,N,1988,1986,South,63879.94,Year,Y,Certified
EZYV23672,Asia,Doctorate,Y,N,2841,1926,West,35617.68,Year,Y,Certified
EZYV12462,Africa,Doctorate,N,Y,1973,1999,West,37970.1,Year,Y,Certified
EZYV6072,Asia,Master's,Y,N,2488,2001,Northeast,10137.39,Year,Y,Certified
EZYV14508,Asia,Bachelor's,N,N,2139,1906,Northeast,113302.23,Year,Y,Denied
EZYV22778,Asia,Master's,N,N,664,1993,Northeast,688.9991,Hour,Y,Denied
EZYV4322,Europe,Bachelor's,Y,N,1679,2007,Midwest,85253.63,Year,Y,Certified
EZYV25173,Asia,Bachelor's,Y,N,2055,1897,Midwest,152220.02,Year,Y,Certified
EZYV22752,Asia,Bachelor's,Y,N,1161,2009,West,52396.71,Year,Y,Denied
EZYV8701,Asia,Bachelor's,N,N,1876,2002,South,106556.06,Year,Y,Certified
EZYV1054,Asia,High School,N,N,2221,1973,Northeast,140100.65,Year,Y,Denied
EZYV5226,Asia,Bachelor's,Y,N,959,2010,Midwest,199162.59,Year,Y,Certified
EZYV19029,Europe,Bachelor's,N,N,1483,2003,South,125038.9,Year,Y,Certified
EZYV25280,Asia,Master's,Y,N,3223,1984,South,132407.24,Year,Y,Certified
EZYV24680,Asia,Master's,N,N,4017,2005,South,154351.64,Year,N,Certified
EZYV10015,Asia,Bachelor's,N,N,170,1998,South,114292.14,Month,Y,Denied
EZYV3885,North America,Master's,N,N,1459,1971,South,104265.14,Year,N,Denied
EZYV1155,Asia,Master's,Y,N,3896,1972,Northeast,105576.91,Year,Y,Certified
EZYV17356,Asia,Master's,N,N,1217,2009,South,66323.31,Year,Y,Certified
EZYV7465,Asia,Bachelor's,Y,N,538,2000,South,76638.72,Year,Y,Denied
EZYV18480,Europe,Master's,Y,N,3440,2007,Northeast,50518.46,Year,Y,Denied
EZYV12935,Europe,Master's,N,N,830,1979,Midwest,40971.57,Year,Y,Certified
EZYV15669,Asia,Bachelor's,N,N,3257,1998,Northeast,9018.94,Year,Y,Certified
EZYV17587,Asia,Master's,N,Y,839,2005,West,10814.15,Year,Y,Certified
EZYV22301,Asia,High School,Y,N,487,1979,Midwest,102140.3,Year,Y,Certified
EZYV23993,North America,Master's,N,N,41430,1990,West,67529.67,Year,Y,Denied
EZYV9224,Asia,High School,Y,N,5367,2002,South,62518.04,Year,N,Denied
EZYV16840,Asia,Bachelor's,Y,N,1296,2000,Midwest,10130.76,Year,Y,Denied
EZYV5569,Asia,Bachelor's,N,Y,4383,2013,West,16220.77,Year,Y,Certified
EZYV18848,North America,Master's,N,N,46716,2003,Northeast,83682.92,Year,Y,Certified
EZYV25248,Asia,Bachelor's,Y,N,4867,1992,Northeast,93276.74,Year,Y,Certified
EZYV11406,Asia,Master's,Y,N,3910,2006,Northeast,100909.11,Year,Y,Certified
EZYV5505,Asia,Master's,Y,N,5991,2003,Midwest,52931.38,Year,Y,Certified
EZYV17592,Europe,Master's,N,N,33466,2007,West,198781.53,Year,Y,Certified
EZYV2523,Europe,Doctorate,Y,N,731,2005,West,29309.97,Year,Y,Certified
EZYV550,Asia,Bachelor's,N,Y,1235,2000,Northeast,43231.47,Year,Y,Denied
EZYV6124,Asia,Bachelor's,N,N,429,2002,Northeast,105535.11,Year,Y,Certified
EZYV8820,Asia,Master's,Y,N,356,1914,Northeast,218.3542,Hour,Y,Certified
EZYV18443,Asia,Bachelor's,Y,N,3701,1994,South,32618.77,Year,Y,Certified
EZYV11004,Asia,Bachelor's,Y,N,1815,1996,South,38440.07,Year,Y,Certified
EZYV10699,Asia,High School,N,N,2935,1836,Midwest,112680.21,Year,Y,Denied
EZYV11704,Asia,Bachelor's,Y,N,1593,2000,West,62496.36,Year,Y,Certified
EZYV16342,Asia,Doctorate,N,N,385,1960,Midwest,97081.12,Year,Y,Certified
EZYV14924,Asia,Bachelor's,Y,N,2912,1929,Midwest,128740.56,Year,Y,Certified
EZYV116,Asia,Master's,N,N,3323,2005,Midwest,57590.66,Year,Y,Certified
EZYV22037,Asia,Doctorate,Y,N,5610,2000,Midwest,80557.45,Year,Y,Certified
EZYV19239,Asia,Bachelor's,N,N,2273,1997,South,58592.54,Year,Y,Denied
EZYV25333,Asia,Bachelor's,Y,N,743,2007,South,88810.89,Year,Y,Certified
EZYV24435,North America,High School,N,N,1579,2007,Northeast,127122.93,Year,N,Denied
EZYV5950,Europe,Bachelor's,Y,N,436,1966,West,66874.46,Year,Y,Denied
EZYV2010,Asia,High School,Y,N,3111,1978,Northeast,85089.47,Year,Y,Denied
EZYV11104,Asia,Master's,N,N,3704,2001,Northeast,79715.64,Year,N,Certified
EZYV17464,Asia,Master's,Y,N,2755,1983,Midwest,133153.91,Year,N,Certified
EZYV17456,Asia,Master's,N,N,3212,1869,Northeast,93125.7,Year,Y,Denied
EZYV19295,Asia,Master's,N,N,3559,1968,Northeast,140666.12,Year,N,Denied
EZYV15093,Europe,Master's,Y,N,1478,2004,Northeast,31592.69,Year,Y,Certified
EZYV25270,North America,Master's,Y,N,4239,2003,Northeast,26055.91,Year,Y,Certified
EZYV6355,Asia,Bachelor's,N,N,1471,2006,Midwest,138850.99,Year,Y,Certified
EZYV23265,Asia,Bachelor's,Y,N,2487,1947,West,55660.32,Year,Y,Denied
EZYV5895,Asia,Master's,Y,N,24801,1889,South,112580.59,Year,N,Certified
EZYV11931,Asia,Master's,N,N,1757,1867,Midwest,112901.49,Year,Y,Certified
EZYV9487,Asia,Master's,Y,N,413,2009,South,50110.13,Year,Y,Certified
EZYV20084,Asia,Master's,Y,N,2334,1878,Midwest,91205.5,Year,Y,Certified
EZYV23895,North America,Doctorate,Y,N,4462,1987,Northeast,90979.75,Year,Y,Denied
EZYV19954,Oceania,Bachelor's,Y,N,1135,1947,Island,61.409,Hour,Y,Denied
EZYV24111,Europe,High School,Y,N,4768,1951,Northeast,111092.46,Year,N,Certified
EZYV14868,Asia,Bachelor's,N,N,1295,1873,South,133283.64,Year,Y,Denied
EZYV3344,Europe,Bachelor's,Y,N,4138,1951,Midwest,49518.65,Year,N,Certified
EZYV20504,Asia,Master's,Y,Y,2000,1995,South,10533.99,Year,Y,Certified
EZYV19888,Asia,Bachelor's,N,N,802,2000,South,147219.69,Year,Y,Certified
EZYV25208,North America,Master's,Y,N,3956,2005,Northeast,66442.94,Year,Y,Denied
EZYV14799,Asia,Master's,Y,N,1649,1994,Northeast,36804.4,Year,Y,Certified
EZYV12846,Europe,Master's,N,Y,1156,1885,West,98382.86,Year,Y,Certified
EZYV21791,Europe,Bachelor's,N,N,1539,1923,West,24786.91,Year,Y,Denied
EZYV11048,South America,Bachelor's,N,N,2316,2002,West,63313.99,Year,Y,Denied
EZYV13663,Asia,Master's,Y,N,331,2007,Northeast,161686.58,Year,N,Certified
EZYV12939,Asia,Master's,Y,N,2150,1838,Island,115069.56,Year,N,Certified
EZYV6711,Asia,Bachelor's,N,Y,1297,2005,South,49831.85,Year,Y,Certified
EZYV19287,Asia,Master's,N,N,1033,1934,South,101304.93,Year,Y,Denied
EZYV19154,Asia,Master's,Y,N,442,1884,Northeast,86594.59,Year,Y,Certified
EZYV6848,Europe,Master's,N,N,1458,2005,West,111339.69,Year,Y,Certified
EZYV10682,Asia,Master's,Y,N,3329,1944,Northeast,23873.36,Year,Y,Certified
EZYV2391,Asia,Bachelor's,N,N,1416,1962,Northeast,49481.77,Year,Y,Denied
EZYV4210,Asia,Bachelor's,N,Y,1088,2006,South,63647.56,Year,Y,Denied
EZYV6744,Asia,Master's,Y,N,2014,2002,South,74520.06,Year,Y,Certified
EZYV3286,Asia,High School,Y,N,6292,2001,Northeast,20195.36,Year,Y,Denied
EZYV10239,Asia,Bachelor's,Y,Y,2674,1954,West,60217.19,Year,Y,Certified
EZYV18709,Europe,Bachelor's,N,N,3561,1887,South,114563.65,Year,Y,Certified
EZYV13946,Asia,Master's,Y,N,856,2000,West,105262.61,Year,Y,Certified
EZYV15483,North America,Master's,N,N,21667,1997,West,112764.81,Year,Y,Denied
EZYV19211,North America,Master's,N,N,317,1997,Northeast,97368.52,Week,Y,Denied
EZYV18010,North America,Bachelor's,N,N,3544,2001,Island,274.2609,Hour,Y,Denied
EZYV20137,Asia,Master's,Y,N,926,1913,Northeast,127648.26,Year,Y,Denied
EZYV23794,Asia,Bachelor's,Y,N,4146,1991,Northeast,18571.43,Year,Y,Denied
EZYV9522,Asia,Bachelor's,Y,N,758,1971,Northeast,56001.24,Year,Y,Certified
EZYV7776,Europe,Master's,N,N,1907,1960,Midwest,57915.9,Year,Y,Certified
EZYV18441,Asia,Bachelor's,N,N,5684,1997,West,88269.02,Year,Y,Denied
EZYV23384,South America,Bachelor's,N,N,1360,1868,South,43328.23,Year,Y,Certified
EZYV17165,North America,Master's,N,N,1339,1997,Northeast,99773.31,Year,N,Certified
EZYV6991,Asia,Bachelor's,N,N,1498,2000,West,100240.42,Year,N,Denied
EZYV24287,North America,High School,Y,Y,2334,1999,West,35569.92,Year,Y,Certified
EZYV5779,Asia,Bachelor's,Y,N,500,1996,Northeast,114540.05,Year,Y,Certified
EZYV14792,Asia,Master's,Y,N,3692,2009,West,110408.43,Year,N,Certified
EZYV2863,Asia,Bachelor's,N,N,289,2010,Northeast,259.52,Year,Y,Denied
EZYV8029,Asia,Master's,N,N,1375,1981,South,702.3692,Hour,Y,Certified
EZYV13163,Asia,Bachelor's,Y,N,2661,2008,Northeast,122814.02,Year,Y,Certified
EZYV16499,North America,Master's,Y,N,734,1999,Northeast,80098.67,Year,N,Certified
EZYV17168,Europe,Doctorate,N,N,3062,1837,West,64323.52,Year,Y,Certified
EZYV19472,Asia,Master's,N,N,1059,1911,West,104156.58,Year,N,Certified
EZYV10696,Asia,Master's,Y,N,1209,2001,Midwest,44129.01,Year,Y,Certified
EZYV3846,Asia,Bachelor's,Y,N,2314,2001,South,27967.42,Year,Y,Certified
EZYV406,North America,High School,N,N,2290,2015,Northeast,293.3152,Hour,Y,Denied
EZYV17869,Asia,Bachelor's,N,Y,3791,1998,South,198068.14,Year,Y,Denied
EZYV1480,Asia,Bachelor's,Y,N,2608,1999,South,9371.99,Year,Y,Certified
EZYV17837,Asia,Master's,Y,N,447,2004,South,56467.61,Year,Y,Certified
EZYV15977,Asia,Bachelor's,Y,N,2904,2005,West,49155.74,Year,Y,Certified
EZYV24808,Asia,Bachelor's,Y,N,3399,2007,Midwest,71044.14,Year,Y,Denied
EZYV16032,South America,Bachelor's,N,N,631,1999,South,547.0719,Hour,Y,Denied
EZYV14738,Asia,Master's,Y,N,3257,1947,South,47689.02,Year,Y,Certified
EZYV10480,Asia,Bachelor's,Y,N,3105,1919,West,52479.96,Year,Y,Certified
EZYV6430,Asia,Bachelor's,Y,N,175,2008,South,121516.35,Year,Y,Certified
EZYV16186,Asia,Master's,Y,N,2563,1961,South,76930.34,Year,Y,Certified
EZYV7871,North America,Bachelor's,Y,N,1712,1961,South,42337.61,Year,Y,Denied
EZYV1979,Asia,Master's,N,N,784,2014,Midwest,143976.15,Year,Y,Certified
EZYV24986,Europe,Bachelor's,Y,N,3160,1999,West,41206.97,Year,Y,Certified
EZYV21830,Asia,Bachelor's,Y,N,1032,1985,South,52653.36,Year,Y,Denied
EZYV21027,Asia,Master's,Y,N,3996,1911,West,38374.71,Year,Y,Certified
EZYV14464,Asia,Master's,N,N,75381,1850,Midwest,136676.96,Year,N,Certified
EZYV1723,Asia,Master's,Y,N,665,1900,South,94808.52,Year,Y,Certified
EZYV7539,Asia,Master's,N,N,1225,1998,Northeast,113.23,Hour,Y,Certified
EZYV17085,Asia,Master's,N,N,654,1983,West,127619.42,Year,N,Certified
EZYV10111,North America,Master's,Y,N,3939,1878,Northeast,37480.14,Year,Y,Certified
EZYV23892,South America,Master's,Y,N,786,2004,Island,122506.94,Year,Y,Denied
EZYV18502,Asia,High School,Y,N,3271,1963,Northeast,45596.11,Year,Y,Certified
EZYV14467,Asia,Master's,Y,N,4451,2004,Northeast,64844.44,Year,Y,Certified
EZYV22726,Asia,Master's,Y,N,724,2013,South,138160.05,Year,Y,Certified
EZYV1399,Asia,Master's,Y,N,1301,2000,West,99232.43,Year,Y,Certified
EZYV18084,Asia,High School,N,N,3549,1886,Island,130706.81,Year,Y,Certified
EZYV6400,Asia,Master's,N,N,14789,2008,Midwest,250436.94,Year,Y,Certified
EZYV17725,Asia,Bachelor's,N,N,368,1991,Northeast,98420.33,Year,Y,Denied
EZYV17971,Asia,Master's,Y,N,503,2012,Northeast,98546.0,Year,N,Certified
EZYV17415,Asia,Bachelor's,Y,N,5246,2004,Midwest,138319.21,Year,Y,Denied
EZYV22296,Asia,Bachelor's,Y,N,1977,2012,West,76886.35,Year,Y,Denied
EZYV22789,Europe,Master's,Y,N,1493,1960,South,30392.46,Year,Y,Certified
EZYV24945,Europe,Bachelor's,Y,N,102571,1965,West,17807.48,Year,Y,Certified
EZYV25112,Asia,High School,Y,N,9168,1981,Northeast,113502.52,Year,Y,Certified
EZYV14496,Asia,Bachelor's,Y,N,4756,2006,West,57285.77,Year,Y,Denied
EZYV23329,Africa,Doctorate,Y,N,4909,1999,Northeast,21505.95,Year,Y,Certified
EZYV17236,Asia,Master's,Y,N,104,2007,South,14883.92,Year,Y,Certified
EZYV15145,Asia,Master's,Y,N,3734,2009,South,64232.12,Year,Y,Certified
EZYV5715,Europe,Bachelor's,Y,N,4490,1997,Island,14139.46,Year,Y,Certified
EZYV18048,Asia,Master's,Y,N,32274,1989,South,67129.67,Year,Y,Certified
EZYV831,North America,High School,N,N,373,1962,South,101824.5,Year,Y,Certified
EZYV21418,Asia,Bachelor's,Y,N,681,1984,West,59923.31,Year,Y,Certified
EZYV22642,Asia,Master's,Y,N,2173,1927,Northeast,46633.96,Year,Y,Denied
EZYV2733,Asia,Bachelor's,Y,N,395,1999,Northeast,112679.02,Year,Y,Certified
EZYV1421,North America,Master's,N,N,3640,1989,West,137362.77,Year,Y,Denied
EZYV12171,Asia,Master's,Y,N,401,1989,Northeast,58489.89,Year,Y,Certified
EZYV2569,Europe,Doctorate,Y,N,1505,2005,Northeast,28845.24,Year,Y,Certified
EZYV25047,Asia,Master's,Y,N,1843,2005,Midwest,42664.67,Year,Y,Certified
EZYV10474,Asia,Master's,Y,N,3749,2002,Northeast,8076.72,Year,Y,Certified
EZYV11526,Asia,Bachelor's,N,N,2206,1940,West,130837.35,Year,Y,Denied
EZYV14559,Asia,Master's,N,N,1003,1972,South,71414.91,Year,N,Certified
EZYV16503,Asia,Bachelor's,N,N,4491,1994,South,68072.52,Year,N,Certified
EZYV24372,Asia,Master's,N,N,2052,1999,South,547.4243,Hour,Y,Denied
EZYV8853,Asia,Bachelor's,Y,N,3978,2000,Northeast,71242.79,Year,Y,Certified
EZYV2425,Asia,Bachelor's,N,Y,690,2011,Midwest,360.0767,Hour,Y,Certified
EZYV19470,Asia,High School,Y,N,288,1992,South,20979.22,Year,Y,Denied
EZYV24063,Asia,Bachelor's,N,N,541,2005,South,96549.18,Year,Y,Denied
EZYV19430,North America,Master's,Y,N,19810,2007,Northeast,47566.41,Year,N,Certified
EZYV4358,Europe,Bachelor's,Y,N,235,2001,South,123329.52,Year,Y,Certified
EZYV17834,Asia,Bachelor's,N,Y,2160,1992,South,11277.13,Year,Y,Certified
EZYV10213,South America,High School,Y,N,150963,1979,West,17824.17,Year,Y,Denied
EZYV4948,North America,High School,Y,N,2796,2007,Northeast,64300.46,Year,Y,Certified
EZYV19717,Asia,Master's,Y,N,1829,1831,South,46335.66,Year,Y,Certified
EZYV24046,Europe,Master's,Y,N,5038,2007,South,34924.08,Year,Y,Certified
EZYV12481,Europe,Doctorate,Y,N,4952,1840,Northeast,99064.05,Year,Y,Certified
EZYV20885,Asia,Bachelor's,N,N,3524,1968,Northeast,99991.71,Year,Y,Denied
EZYV24860,Asia,Bachelor's,Y,N,255,1988,West,166694.94,Year,Y,Denied
EZYV17593,Asia,Master's,N,N,2334,2004,South,72708.19,Year,Y,Certified
EZYV2685,Asia,High School,N,N,3503,1999,Midwest,125349.52,Year,Y,Denied
EZYV17907,Asia,Master's,Y,N,3438,1998,West,57222.86,Year,Y,Certified
EZYV12172,Asia,Bachelor's,Y,N,2385,1948,West,83856.32,Year,Y,Certified
EZYV3244,Europe,High School,N,N,80498,2009,South,59781.33,Year,Y,Denied
EZYV21960,Asia,Bachelor's,N,N,918,1985,Midwest,36847.63,Year,Y,Certified
EZYV16522,Africa,High School,Y,N,620,2006,West,33577.7,Year,Y,Certified
EZYV3729,Asia,High School,N,N,1586,1988,South,116566.18,Year,Y,Denied
EZYV15466,Asia,Bachelor's,Y,N,3131,1982,Midwest,81354.58,Year,Y,Denied
EZYV5818,Europe,Doctorate,N,N,518,2005,West,19034.39,Year,Y,Certified
EZYV16520,Asia,Master's,Y,N,5682,1885,Northeast,8780.64,Year,Y,Certified
EZYV20730,Asia,Master's,Y,N,2200,1994,Northeast,110837.77,Year,Y,Denied
EZYV15167,Asia,Bachelor's,Y,N,465,1998,Midwest,120655.09,Year,Y,Certified
EZYV5174,Asia,High School,Y,N,3328,2004,West,94972.59,Year,Y,Denied
EZYV6851,Asia,High School,N,N,1442,1817,Midwest,117361.91,Year,Y,Denied
EZYV17312,Asia,Doctorate,N,N,2868,2013,Midwest,166380.37,Year,Y,Certified
EZYV4220,Asia,Bachelor's,Y,N,1991,2003,Midwest,161115.84,Year,Y,Certified
EZYV11591,Asia,Bachelor's,Y,N,83,1999,Midwest,99808.76,Year,Y,Denied
EZYV5669,South America,Doctorate,Y,N,2779,2007,West,43560.48,Year,Y,Certified
EZYV9622,Asia,Bachelor's,N,N,1525,2010,South,140601.74,Year,Y,Certified
EZYV12214,Asia,Master's,Y,N,4255,1968,South,41023.77,Year,N,Denied
EZYV17791,Asia,Bachelor's,N,N,3443,1987,West,226169.32,Year,Y,Denied
EZYV4388,Asia,Master's,Y,N,2260,1893,West,110954.36,Year,Y,Certified
EZYV13120,Asia,Bachelor's,Y,N,480,2010,Northeast,62183.19,Year,Y,Certified
EZYV12251,Asia,Master's,Y,N,4757,1996,West,56079.82,Year,Y,Certified
EZYV2153,Asia,Bachelor's,Y,N,3095,1967,South,994.1811,Hour,Y,Certified
EZYV16558,Asia,Bachelor's,Y,N,664,1987,South,74137.42,Year,Y,Denied
EZYV25479,Asia,Master's,Y,Y,1918,1887,West,86154.77,Year,Y,Certified
EZYV6114,Asia,Bachelor's,Y,N,4205,2009,South,97764.73,Year,Y,Certified
EZYV10977,Europe,Bachelor's,Y,N,2175,1890,West,26619.76,Year,Y,Denied
EZYV21245,Asia,Master's,N,N,928,2001,South,58487.94,Year,Y,Denied
EZYV15221,Asia,Master's,N,N,1666,2012,South,91504.56,Year,Y,Denied
EZYV23141,Asia,Bachelor's,N,N,84,2005,Midwest,87134.44,Year,Y,Denied
EZYV4377,Asia,Bachelor's,N,Y,2121,1999,West,71142.72,Year,Y,Denied
EZYV24425,Asia,Bachelor's,N,N,900,2009,Northeast,126813.75,Year,Y,Certified
EZYV6337,Asia,Bachelor's,Y,N,1801,1866,West,128044.08,Year,Y,Certified
EZYV2897,Europe,Master's,Y,N,126451,2004,West,61891.31,Year,Y,Certified
EZYV3638,Asia,Master's,N,N,425,2011,Northeast,36074.09,Year,Y,Denied
EZYV7558,Asia,Bachelor's,N,N,284,2014,Midwest,205296.78,Year,Y,Denied
EZYV14804,Asia,Bachelor's,Y,Y,2849,2007,Northeast,41071.16,Year,Y,Denied
EZYV20655,Asia,Bachelor's,N,N,355,1998,West,10852.78,Year,Y,Certified
EZYV3199,Asia,Bachelor's,N,N,100070,1818,South,56845.52,Year,Y,Denied
EZYV2490,Asia,Bachelor's,Y,N,52,2000,Midwest,117643.88,Year,Y,Certified
EZYV3685,Asia,Master's,Y,N,23,1987,Northeast,141.3424,Hour,Y,Certified
EZYV9015,Asia,Bachelor's,N,N,1403,1868,Midwest,31337.34,Year,N,Certified
EZYV10009,Asia,Doctorate,Y,N,1593,2009,West,83296.49,Year,Y,Certified
EZYV24977,Asia,Master's,N,N,3874,1912,Northeast,843.9736,Hour,Y,Denied
EZYV18053,South America,Master's,N,N,2139,1848,West,15247.48,Year,Y,Denied
EZYV1499,North America,Doctorate,N,N,283,2005,West,41392.78,Year,Y,Denied
EZYV16399,Asia,High School,N,Y,362,2001,South,25800.84,Year,Y,Denied
EZYV5919,South America,High School,N,N,1793,2004,Northeast,129.62,Hour,Y,Certified
EZYV2089,Africa,Bachelor's,Y,N,870,1985,West,127381.46,Year,Y,Certified
EZYV785,Africa,Master's,Y,N,1145,1999,Midwest,13324.91,Year,N,Certified
EZYV10798,Europe,Master's,Y,N,2652,2005,West,27198.0,Year,Y,Certified
EZYV22532,Asia,Master's,N,N,2721,1957,Midwest,55310.41,Year,Y,Certified
EZYV150,Asia,Master's,N,N,2326,1933,West,123739.41,Year,Y,Denied
EZYV19233,Asia,Bachelor's,Y,N,2854,1998,Northeast,935.5194,Hour,Y,Denied
EZYV11213,Asia,Master's,N,N,1869,1958,West,40338.72,Year,Y,Certified
EZYV2286,Asia,Bachelor's,Y,N,1016,1991,South,93456.38,Year,Y,Certified
EZYV8543,Asia,Bachelor's,Y,N,794,2008,Midwest,97492.39,Year,Y,Certified
EZYV6062,Europe,Master's,Y,N,2056,2005,West,84763.77,Year,Y,Certified
EZYV14486,Asia,Bachelor's,Y,N,791,2010,Northeast,100524.58,Year,Y,Denied
EZYV21453,Asia,Bachelor's,Y,N,4197,1963,Northeast,47130.03,Year,Y,Certified
EZYV17945,Asia,High School,Y,N,3771,1998,West,34957.73,Year,Y,Denied
EZYV23109,Asia,Master's,Y,N,2712,1999,West,2828.17,Year,Y,Certified
EZYV11084,Asia,Master's,N,N,477,1996,Northeast,73380.67,Year,Y,Certified
EZYV23597,North America,High School,N,N,1423,2006,Midwest,106395.57,Year,N,Denied
EZYV8182,Asia,Master's,Y,N,7477,2012,South,67676.59,Year,N,Certified
EZYV21185,Asia,Bachelor's,N,N,4029,2012,West,34340.49,Year,Y,Denied
EZYV7591,Asia,Master's,N,N,1715,2010,Midwest,30650.86,Year,Y,Certified
EZYV15536,Europe,Master's,Y,N,2773,2004,South,44031.91,Year,Y,Certified
EZYV14018,Europe,High School,Y,Y,4969,2007,Midwest,39332.54,Year,Y,Denied
EZYV15225,Europe,Doctorate,Y,N,10258,1873,West,27399.91,Year,Y,Certified
EZYV838,Europe,Bachelor's,N,N,2007,1960,Northeast,64888.12,Year,Y,Certified
EZYV14776,Europe,High School,Y,Y,1044,1875,Northeast,28571.32,Year,Y,Denied
EZYV15102,Europe,High School,N,Y,6148,1996,South,88596.58,Year,Y,Denied
EZYV18126,Asia,Master's,N,Y,156,1995,South,122622.08,Year,Y,Denied
EZYV24137,Europe,Master's,Y,N,353,2010,West,28586.75,Year,Y,Certified
EZYV3750,Asia,Doctorate,N,N,1795,1995,South,712.2584,Hour,Y,Denied
EZYV9450,Asia,Master's,Y,N,2808,1973,South,142063.91,Year,N,Certified
EZYV9117,Asia,Doctorate,N,Y,2650,1868,South,86287.82,Year,Y,Certified
EZYV5488,Asia,Bachelor's,N,N,350,1999,West,52708.74,Year,Y,Certified
EZYV8633,Asia,Master's,N,N,3421,1910,South,683.6176,Hour,Y,Certified
EZYV2925,Asia,Doctorate,N,N,5238,2010,West,49705.64,Week,Y,Denied
EZYV13980,North America,Bachelor's,Y,N,3528,2004,West,42253.92,Year,Y,Certified
EZYV7600,Asia,Bachelor's,N,N,1596,1994,West,48009.66,Year,Y,Certified
EZYV20874,Asia,Master's,Y,N,1210,2013,Northeast,115444.84,Year,Y,Certified
EZYV15007,Asia,Bachelor's,Y,N,4321,2009,South,94640.38,Year,N,Denied
EZYV7642,Asia,Bachelor's,Y,N,1480,2000,Northeast,238353.7,Year,Y,Certified
EZYV760,Europe,High School,Y,Y,1426,1989,West,69984.79,Year,Y,Denied
EZYV11867,Europe,Master's,Y,Y,3444,1927,Northeast,46555.82,Year,Y,Denied
EZYV1646,Asia,High School,N,N,3027,1997,Northeast,199427.98,Year,N,Denied
EZYV23473,South America,Doctorate,Y,N,918,2001,West,16952.2,Year,Y,Certified
EZYV25207,Asia,Bachelor's,Y,N,2506,1989,South,27682.67,Year,Y,Certified
EZYV13508,North America,Bachelor's,Y,N,3094,1979,Northeast,45589.85,Year,Y,Certified
EZYV3247,Europe,Bachelor's,N,N,2560,2008,West,18369.69,Year,Y,Certified
EZYV12964,Asia,High School,Y,N,3054,2001,South,43112.94,Year,Y,Denied
EZYV15689,Asia,High School,Y,N,3208,2007,Northeast,161.33,Hour,Y,Denied
EZYV7877,Asia,High School,N,N,2786,2004,South,142896.12,Year,Y,Denied
EZYV1390,Asia,Bachelor's,N,N,2856,2002,South,22196.86,Year,Y,Certified
EZYV11999,Europe,Doctorate,Y,N,1528,1969,Northeast,3189.54,Year,Y,Certified
EZYV329,Asia,Master's,N,N,2234,1920,West,238691.32,Year,N,Denied
EZYV2026,Asia,Master's,Y,N,1542,1989,South,132938.31,Year,N,Certified
EZYV22510,Asia,Doctorate,Y,N,4164,2004,South,78432.07,Year,Y,Certified
EZYV16780,Asia,Bachelor's,Y,Y,12554,1896,South,89331.62,Year,Y,Denied
EZYV4657,Asia,Bachelor's,Y,N,706,1997,West,34147.44,Year,Y,Denied
EZYV8166,North America,Doctorate,Y,N,3154,1965,Midwest,40090.06,Year,Y,Certified
EZYV12729,Asia,Master's,Y,N,1558,1979,Northeast,29884.02,Year,Y,Certified
EZYV3835,Asia,Master's,Y,N,398,1946,South,8194.65,Year,Y,Certified
EZYV23522,North America,Master's,Y,N,2146,2002,Northeast,34430.19,Year,Y,Certified
EZYV5611,North America,Master's,Y,N,127234,2003,Northeast,73425.31,Year,Y,Certified
EZYV6553,Asia,Bachelor's,Y,Y,346,1994,South,20804.15,Year,Y,Certified
EZYV21946,Asia,Bachelor's,N,N,2332,1977,Island,28055.72,Year,Y,Certified
EZYV5744,Asia,Master's,N,Y,8355,1999,West,24931.25,Year,Y,Certified
EZYV18587,Asia,Doctorate,N,Y,3586,2009,West,25418.82,Year,Y,Certified
EZYV5666,Asia,High School,Y,N,3182,1940,Northeast,33636.75,Year,Y,Denied
EZYV20972,Asia,Bachelor's,Y,N,5310,2014,Northeast,44803.48,Year,Y,Denied
EZYV22093,Asia,Bachelor's,N,N,673,1995,Northeast,69095.72,Year,Y,Denied
EZYV5429,Asia,Master's,N,N,377,2004,Midwest,94746.85,Year,N,Certified
EZYV18671,Asia,Master's,Y,N,1050,2013,West,77253.4,Year,N,Certified
EZYV13578,South America,Master's,N,N,3340,2000,South,110782.39,Year,Y,Denied
EZYV14786,Africa,Doctorate,Y,N,308,2013,Northeast,22909.05,Year,Y,Certified
EZYV19429,Europe,Bachelor's,N,Y,742,1947,Northeast,63719.3,Year,Y,Denied
EZYV20452,Asia,High School,Y,N,5454,1988,South,83502.98,Year,Y,Certified
EZYV1704,Asia,High School,Y,N,57909,1888,West,67786.77,Year,N,Denied
EZYV3922,Asia,Bachelor's,Y,N,2851,2011,Midwest,69642.27,Year,Y,Certified
EZYV37,Europe,High School,Y,N,2520,1981,West,2490.12,Year,Y,Denied
EZYV13346,Asia,Bachelor's,Y,N,2245,1999,Midwest,67446.88,Year,Y,Certified
EZYV14624,Asia,Doctorate,N,Y,2073,1999,Northeast,125086.67,Year,Y,Certified
EZYV21720,Asia,Bachelor's,Y,N,3936,2008,South,97302.93,Year,Y,Denied
EZYV8004,Asia,Master's,Y,N,1059,1999,Midwest,57037.33,Year,Y,Certified
EZYV13724,Asia,High School,N,N,4809,1843,Northeast,69255.29,Year,Y,Denied
EZYV10147,Asia,Bachelor's,N,N,374,1884,South,80861.09,Year,Y,Certified
EZYV12055,Europe,Master's,Y,N,2302,2005,South,45329.68,Year,Y,Certified
EZYV7104,Asia,Bachelor's,Y,N,4761,1986,Northeast,86205.73,Year,Y,Denied
EZYV15087,Europe,Master's,N,N,112406,1935,South,55553.85,Year,Y,Certified
EZYV22407,Europe,Bachelor's,Y,Y,2766,1999,West,125178.21,Year,Y,Certified
EZYV18560,Asia,Bachelor's,Y,N,140,1984,West,92405.39,Year,Y,Certified
EZYV19657,Asia,Bachelor's,Y,N,1757,2004,West,105011.29,Year,Y,Denied
EZYV11204,Asia,Master's,N,N,2835,2003,South,109765.53,Year,N,Certified
EZYV2137,Asia,Doctorate,N,N,2569,1849,Northeast,58235.44,Year,Y,Denied
EZYV7855,Asia,Master's,Y,N,2823,1987,West,78469.09,Year,Y,Certified
EZYV130,Asia,Bachelor's,N,N,4499,2008,Northeast,61617.73,Year,Y,Denied
EZYV9951,Asia,Master's,N,N,2627,1882,Midwest,169790.24,Year,Y,Certified
EZYV8914,North America,Bachelor's,N,N,3109,1993,Northeast,22324.16,Year,Y,Denied
EZYV3798,Asia,Master's,Y,Y,855,1995,South,150176.25,Year,Y,Certified
EZYV17973,Asia,Bachelor's,N,N,3269,1963,Northeast,107563.02,Year,Y,Denied
EZYV3579,Asia,High School,Y,N,1319,2009,South,71273.59,Year,Y,Denied
EZYV18579,Asia,Master's,N,N,2470,1983,West,10587.35,Year,N,Certified
EZYV13445,North America,Master's,N,N,141,1982,South,55100.68,Year,N,Certified
EZYV11593,North America,Bachelor's,N,N,3070,1873,Northeast,418.4248,Hour,Y,Certified
EZYV8542,Asia,Bachelor's,Y,N,91,2004,Midwest,125601.58,Year,Y,Certified
EZYV19661,Asia,Master's,N,N,883,1999,Northeast,238.3367,Hour,Y,Denied
EZYV22462,North America,Doctorate,N,N,701,2009,Northeast,6250.78,Year,Y,Certified
EZYV20721,Asia,Master's,Y,N,891,1924,South,114338.92,Year,Y,Certified
EZYV10611,Europe,Master's,N,N,2686,2007,West,99277.0,Year,Y,Certified
EZYV14536,South America,High School,N,Y,2513,1989,South,161454.21,Year,Y,Denied
EZYV18023,Asia,Bachelor's,Y,N,1027,2010,West,67260.79,Year,Y,Certified
EZYV9464,Europe,Bachelor's,N,N,1503,2013,West,63168.88,Year,Y,Certified
EZYV24827,Asia,Master's,Y,N,3377,2013,Northeast,96749.94,Year,N,Certified
EZYV20823,North America,Master's,N,N,2098,1955,South,94538.24,Year,N,Certified
EZYV22694,Asia,Bachelor's,N,N,472,1973,West,100.7651,Hour,Y,Denied
EZYV22066,South America,Bachelor's,Y,N,169,1996,West,93701.39,Year,Y,Denied
EZYV2065,Asia,Bachelor's,Y,N,327,2009,Northeast,75659.68,Year,Y,Certified
EZYV19446,Africa,Bachelor's,N,N,4105,2010,Northeast,152094.86,Year,N,Denied
EZYV16347,Asia,High School,N,N,2396,1991,Northeast,144551.3,Year,Y,Certified
EZYV1901,Asia,High School,N,Y,365,2005,Midwest,88330.46,Year,Y,Certified
EZYV13200,Europe,High School,N,N,1483,1886,South,136237.62,Year,Y,Denied
EZYV20272,Asia,Master's,N,N,4926,1855,Northeast,364.9326,Hour,Y,Denied
EZYV12601,North America,Bachelor's,Y,N,940,1968,Northeast,76282.99,Year,Y,Denied
EZYV20302,Asia,Doctorate,N,N,945,2000,Northeast,89640.64,Year,Y,Denied
EZYV17225,Asia,Master's,Y,N,13693,1978,Midwest,89875.43,Year,Y,Certified
EZYV3433,Europe,Bachelor's,N,N,1615,1988,West,96332.09,Year,Y,Certified
EZYV1985,Asia,Master's,N,N,3616,2008,West,61904.89,Year,Y,Denied
EZYV6839,Asia,Bachelor's,Y,N,3384,2001,South,113137.69,Year,Y,Certified
EZYV19463,Asia,Bachelor's,N,N,4807,2013,South,67007.35,Year,Y,Certified
EZYV16836,Asia,Master's,Y,N,3228,2001,South,263400.0,Year,Y,Certified
EZYV15947,Europe,Master's,N,N,4841,2008,West,1465.75,Year,Y,Certified
EZYV9940,Europe,Master's,Y,N,1441,1982,South,22263.9,Year,Y,Certified
EZYV1638,Europe,Bachelor's,Y,Y,1230,1978,South,70211.32,Year,Y,Certified
EZYV18838,Asia,Bachelor's,Y,N,3258,1999,West,15459.54,Year,Y,Denied
EZYV24899,South America,Master's,N,Y,819,1954,West,52951.51,Year,Y,Denied
EZYV8402,Europe,Master's,N,N,454,1989,Northeast,111472.24,Year,Y,Certified
EZYV21084,Europe,Master's,N,N,1680,1958,Midwest,87030.16,Year,Y,Certified
EZYV9447,Asia,Bachelor's,N,N,1938,2000,Northeast,133514.87,Year,Y,Certified
EZYV15611,Asia,Bachelor's,N,N,5074,2001,South,134853.53,Year,N,Certified
EZYV6177,Asia,Bachelor's,Y,N,97234,1965,Northeast,91852.42,Year,Y,Denied
EZYV12015,Europe,Bachelor's,Y,N,335,2001,South,74553.65,Year,Y,Certified
EZYV18793,North America,Bachelor's,N,N,1752,2003,West,117263.54,Week,Y,Denied
EZYV6126,Europe,Bachelor's,Y,N,2188,1911,Northeast,36894.07,Year,Y,Certified
EZYV9748,Europe,Doctorate,Y,N,1728,1940,West,51004.43,Year,Y,Certified
EZYV7353,North America,Bachelor's,Y,N,1414,2000,Midwest,38.4261,Hour,Y,Denied
EZYV6898,Asia,Master's,N,N,4069,1850,South,69332.66,Year,Y,Certified
EZYV7475,Asia,Master's,N,N,183,1873,Island,39280.11,Year,Y,Certified
EZYV24868,Africa,Bachelor's,N,N,322,2013,West,4416.13,Year,Y,Certified
EZYV24311,Europe,Bachelor's,Y,Y,1096,1855,West,30631.68,Year,Y,Certified
EZYV2383,Asia,Bachelor's,N,N,52,2007,West,168949.07,Year,Y,Denied
EZYV6651,Asia,Bachelor's,Y,N,1307,2007,South,579.2598,Hour,Y,Denied
EZYV24001,Asia,Bachelor's,N,N,504,2003,West,133047.45,Year,Y,Certified
EZYV25061,Asia,Bachelor's,Y,N,29082,2011,South,112170.83,Year,Y,Certified
EZYV21736,Asia,High School,Y,N,3186,1859,South,86123.36,Year,Y,Certified
EZYV24800,North America,Doctorate,N,N,2954,2007,South,52385.86,Year,Y,Certified
EZYV5005,Europe,Master's,Y,N,402,1995,South,114753.26,Year,Y,Certified
EZYV4354,South America,Master's,Y,Y,2488,1977,West,37111.97,Year,Y,Certified
EZYV21838,Asia,Master's,Y,N,3405,2009,West,86129.67,Year,Y,Denied
EZYV24722,Europe,Bachelor's,N,N,922,1989,Northeast,85263.75,Year,Y,Certified
EZYV16286,Asia,Bachelor's,Y,N,1790,2007,South,28714.71,Year,Y,Certified
EZYV15008,Asia,Bachelor's,Y,Y,2571,1873,West,204119.97,Year,Y,Certified
EZYV14391,Asia,Bachelor's,Y,N,1411,1975,South,86292.69,Year,Y,Denied
EZYV6193,Asia,Doctorate,N,N,2345,2009,West,91818.62,Year,Y,Certified
EZYV14101,Europe,Master's,Y,Y,2927,2008,South,144506.3,Year,Y,Certified
EZYV25368,Europe,High School,N,Y,18,1831,South,125704.68,Year,Y,Certified
EZYV9073,Asia,Master's,Y,N,4642,1817,Northeast,62314.87,Year,Y,Certified
EZYV21875,South America,Bachelor's,N,N,3360,1994,Northeast,408.6848,Hour,Y,Denied
EZYV14416,Asia,Master's,Y,N,63,2013,South,117981.3,Year,N,Denied
EZYV18028,Asia,Bachelor's,Y,N,849,1890,South,248.3727,Hour,Y,Denied
EZYV998,Asia,Bachelor's,Y,N,4266,1976,South,208952.02,Year,Y,Certified
EZYV7988,Europe,Doctorate,Y,N,732,1996,West,74883.8,Year,Y,Certified
EZYV15058,Asia,Master's,N,N,381,2013,Midwest,76692.14,Year,Y,Certified
EZYV21009,South America,Master's,Y,N,4608,1999,Northeast,141845.86,Year,Y,Denied
EZYV12715,Asia,Doctorate,Y,N,2439,1990,Midwest,133299.35,Year,Y,Certified
EZYV5130,Asia,Bachelor's,N,N,2499,2008,Midwest,968.2426,Hour,Y,Denied
EZYV7771,Asia,Bachelor's,N,N,619,1977,Island,136875.33,Year,Y,Denied
EZYV23392,North America,Master's,N,N,232,1984,South,95220.83,Year,Y,Denied
EZYV14505,Asia,Master's,Y,N,3833,1977,Northeast,81398.19,Year,Y,Certified
EZYV4900,Asia,Bachelor's,Y,N,4849,2007,West,40813.43,Year,Y,Certified
EZYV6234,Asia,Bachelor's,N,N,1585,1993,Northeast,37305.39,Year,Y,Denied
EZYV15273,Asia,High School,Y,N,553,1997,Northeast,549.5585,Hour,Y,Denied
EZYV6295,Asia,High School,Y,N,993,2013,South,105445.2,Year,Y,Denied
EZYV10387,North America,High School,Y,N,179,1839,Northeast,207.2492,Hour,Y,Denied
EZYV13919,Asia,Bachelor's,N,N,2996,2008,Northeast,97294.29,Year,Y,Denied
EZYV14466,Europe,High School,N,N,1884,2000,West,70848.78,Year,Y,Denied
EZYV12022,Asia,Master's,Y,N,2147,1995,Northeast,68313.32,Year,N,Certified
EZYV16098,Asia,Bachelor's,Y,N,3541,1994,Island,169221.65,Year,Y,Certified
EZYV1943,North America,High School,Y,N,2950,1999,West,17916.46,Year,Y,Certified
EZYV19294,Asia,Master's,N,N,1459,1996,Midwest,162053.91,Year,Y,Certified
EZYV11385,Asia,Bachelor's,Y,N,4720,2000,West,89685.09,Year,Y,Certified
EZYV3953,Europe,Bachelor's,Y,N,2277,1976,Northeast,112605.55,Year,Y,Certified
EZYV16181,Asia,Bachelor's,Y,N,819,2009,West,45363.79,Year,Y,Certified
EZYV12304,Europe,Bachelor's,N,N,2090,1999,South,40138.45,Year,Y,Certified
EZYV17264,South America,High School,Y,Y,3260,1999,West,81864.2,Year,Y,Certified
EZYV182,Europe,Bachelor's,Y,N,1566,1931,South,126498.81,Year,Y,Certified
EZYV5439,Asia,Master's,Y,N,11843,2013,South,63117.5,Year,Y,Certified
EZYV1675,Asia,Master's,Y,N,6664,2011,West,3935.52,Year,Y,Certified
EZYV1463,Europe,Master's,N,N,3953,2013,South,51343.39,Year,Y,Certified
EZYV7761,Asia,Bachelor's,N,N,1356,1971,Northeast,735.9425,Hour,Y,Denied
EZYV18568,North America,Doctorate,N,N,1953,2009,Midwest,16873.86,Year,Y,Certified
EZYV867,Asia,Master's,Y,N,3184,2005,Midwest,143194.85,Year,Y,Certified
EZYV15204,Asia,High School,N,N,36207,1993,South,53678.91,Year,Y,Denied
EZYV16998,Asia,Bachelor's,N,N,2937,1999,South,91993.24,Year,Y,Certified
EZYV14037,Asia,Master's,Y,N,4730,2006,West,54683.03,Year,Y,Certified
EZYV10306,Oceania,Master's,Y,Y,2118,1966,West,44212.34,Year,Y,Denied
EZYV10572,Europe,Doctorate,Y,Y,1332,2009,Island,72356.71,Year,Y,Certified
EZYV23492,Asia,Bachelor's,Y,Y,2642,2007,West,95395.35,Year,Y,Certified
EZYV13377,Asia,Doctorate,Y,N,3669,1996,Northeast,88062.64,Year,N,Certified
EZYV9063,North America,High School,Y,N,1860,2005,South,60458.9,Year,Y,Certified
EZYV8470,Asia,Bachelor's,Y,Y,953,1972,South,57270.12,Year,Y,Certified
EZYV13313,Asia,Bachelor's,N,Y,1748,2001,Northeast,82612.39,Year,Y,Certified
EZYV24152,Asia,Master's,Y,N,1927,2008,Northeast,131423.0,Year,Y,Denied
EZYV5870,North America,Bachelor's,N,N,1729,2003,South,698.2524,Hour,Y,Denied
EZYV9094,Asia,Master's,Y,N,849,1993,Northeast,86389.93,Year,Y,Certified
EZYV1121,Asia,Bachelor's,N,N,235,1998,Northeast,18277.87,Year,Y,Denied
EZYV13843,Europe,Bachelor's,N,N,467,1995,Midwest,98009.9,Year,Y,Denied
EZYV7408,Asia,Master's,N,N,5629,2004,Northeast,49711.3,Year,N,Certified
EZYV2289,North America,Doctorate,N,N,2095,1987,West,43023.29,Year,Y,Denied
EZYV21762,Asia,Master's,N,N,2693,2014,Northeast,9680.33,Year,N,Certified
EZYV8980,Asia,Bachelor's,N,N,288,1989,South,821.4668,Hour,Y,Certified
EZYV14817,Africa,Master's,N,Y,1849,1999,West,307716.1,Year,Y,Certified
EZYV22571,North America,Bachelor's,Y,N,1329,1978,West,9283.53,Year,Y,Certified
EZYV2315,Asia,Bachelor's,Y,N,2866,2008,Midwest,83375.17,Year,Y,Certified
EZYV15380,Asia,Bachelor's,N,N,67698,2011,South,261554.61,Year,Y,Certified
EZYV24353,Europe,Master's,Y,Y,23612,2004,Northeast,81167.9,Year,Y,Certified
EZYV1642,Africa,Master's,N,N,524,2003,Island,94876.7,Year,Y,Denied
EZYV20645,Europe,Doctorate,N,Y,9559,1991,South,70752.7,Year,Y,Denied
EZYV24411,North America,Bachelor's,N,N,2393,2006,South,893.5919,Hour,Y,Denied
EZYV19438,North America,Doctorate,Y,N,2550,1999,West,84.1165,Hour,Y,Denied
EZYV10862,Asia,Master's,Y,N,603,1994,Northeast,129.35,Hour,Y,Certified
EZYV1807,South America,Master's,N,N,153,1996,Midwest,205546.66,Year,Y,Certified
EZYV10041,Africa,Bachelor's,Y,N,1368,1871,South,63626.26,Year,Y,Certified
EZYV5142,Asia,High School,Y,N,259,1981,Midwest,88938.94,Year,Y,Denied
EZYV1303,Asia,Master's,N,Y,1953,1950,West,45176.53,Year,Y,Denied
EZYV570,Asia,Master's,Y,N,4185,1993,Midwest,109604.4,Year,Y,Certified
EZYV11822,North America,Master's,N,N,3742,1912,Northeast,56.5217,Hour,Y,Denied
EZYV16083,Asia,Master's,N,N,2507,2008,Midwest,215450.45,Year,Y,Denied
EZYV18541,Asia,Master's,Y,N,3046,1968,Northeast,96483.17,Year,Y,Certified
EZYV382,Asia,Master's,Y,N,855,2009,Northeast,53519.51,Year,Y,Certified
EZYV24963,North America,Doctorate,Y,N,396,1976,Northeast,116092.29,Year,Y,Certified
EZYV23687,Europe,Doctorate,Y,N,3878,1994,West,99073.22,Year,Y,Certified
EZYV15210,Europe,Master's,Y,N,1047,2001,South,100354.27,Year,N,Certified
EZYV16695,Europe,Master's,N,Y,300,2004,Midwest,23951.75,Year,Y,Certified
EZYV25322,Asia,Doctorate,N,N,915,1989,Midwest,42824.05,Year,Y,Denied
EZYV11079,Asia,High School,Y,N,214,2001,South,8358.68,Year,Y,Denied
EZYV14304,Europe,Bachelor's,Y,Y,2748,1968,West,111546.18,Year,Y,Denied
EZYV6227,Asia,Master's,N,N,2423,1996,Northeast,41411.19,Year,Y,Certified
EZYV9417,Asia,Master's,N,N,877,1871,Northeast,130160.33,Year,Y,Certified
EZYV23459,Asia,Master's,N,N,1755,2008,West,148813.98,Year,Y,Denied
EZYV7957,Africa,Bachelor's,N,N,978,1999,Midwest,89153.91,Year,Y,Certified
EZYV6647,Africa,High School,Y,N,2205,2006,Midwest,46590.87,Year,Y,Denied
EZYV19482,Asia,High School,N,N,15380,1989,Northeast,330.3448,Hour,Y,Denied
EZYV18529,Asia,Master's,Y,N,4315,1998,Northeast,41667.27,Year,N,Certified
EZYV3077,Asia,Bachelor's,N,N,2745,2010,West,92628.47,Year,Y,Denied
EZYV7083,Asia,Master's,N,N,586,2000,Midwest,32740.43,Year,Y,Certified
EZYV16750,Europe,High School,Y,N,1441,1972,South,64422.79,Year,Y,Certified
EZYV12354,North America,High School,N,Y,1941,2001,West,43859.11,Year,Y,Denied
EZYV23612,Asia,Master's,Y,N,959,1998,South,99037.13,Year,N,Certified
EZYV1930,Asia,Master's,N,N,534,2005,Northeast,44892.39,Year,Y,Denied
EZYV5058,North America,High School,N,N,1577,1868,Midwest,148993.82,Year,Y,Certified
EZYV5196,Europe,High School,Y,N,1220,2005,Midwest,26836.66,Year,Y,Denied
EZYV20619,Asia,Bachelor's,Y,N,94,2007,Northeast,113140.69,Year,Y,Denied
EZYV4164,North America,Master's,Y,N,651,2009,South,128469.65,Year,Y,Certified
EZYV19241,North America,Bachelor's,Y,N,4022,1885,South,87393.28,Year,Y,Certified
EZYV9068,Asia,Bachelor's,N,N,2108,1959,Northeast,17831.22,Year,Y,Certified
EZYV22994,Asia,Bachelor's,Y,N,3502,2002,Midwest,91752.54,Year,Y,Certified
EZYV11517,Asia,Bachelor's,Y,N,222,1971,Northeast,54599.61,Year,Y,Certified
EZYV18151,South America,Bachelor's,Y,N,922,1986,Northeast,18854.43,Year,Y,Certified
EZYV16665,Asia,Bachelor's,N,N,2162,1997,Midwest,37502.52,Year,Y,Certified
EZYV11452,Asia,Master's,Y,N,145671,1977,Northeast,38734.3,Year,Y,Certified
EZYV2771,Europe,Bachelor's,N,N,4798,1998,South,39063.66,Year,Y,Certified
EZYV1809,South America,Master's,N,Y,4081,2008,South,25824.77,Year,Y,Certified
EZYV7892,North America,Master's,Y,N,5085,1955,South,65327.25,Year,Y,Certified
EZYV10157,North America,Master's,N,N,5119,1847,Northeast,50997.67,Year,Y,Certified
EZYV15278,Europe,Doctorate,N,N,428,1876,Northeast,41794.8,Year,Y,Certified
EZYV17544,Asia,Bachelor's,Y,N,4661,1928,West,99455.96,Year,Y,Certified
EZYV23894,North America,Bachelor's,Y,N,5400,2007,South,78077.22,Year,N,Certified
EZYV9349,Asia,Bachelor's,Y,N,787,2008,Midwest,41542.44,Year,Y,Denied
EZYV22727,Europe,Master's,Y,N,3151,1999,West,63330.62,Year,Y,Denied
EZYV18950,Africa,Bachelor's,N,N,3440,1968,South,84153.68,Year,Y,Certified
EZYV618,Asia,Bachelor's,Y,N,3960,1968,West,35911.81,Year,Y,Certified
EZYV22697,Asia,Bachelor's,N,N,1333,1990,Midwest,112054.59,Year,Y,Denied
EZYV6125,Asia,Master's,Y,N,2268,1995,South,70297.38,Year,Y,Certified
EZYV23427,North America,Master's,Y,N,3725,2014,Northeast,46820.9,Year,Y,Certified
EZYV1404,Asia,Master's,N,Y,9488,1979,West,82473.03,Year,Y,Denied
EZYV17012,Asia,Master's,Y,N,6361,1999,Northeast,41727.1,Year,Y,Certified
EZYV1416,Asia,Bachelor's,N,N,942,1839,West,622.9059,Hour,Y,Denied
EZYV22081,Asia,Master's,Y,N,597,1997,South,111783.92,Year,Y,Certified
EZYV13706,Asia,High School,Y,N,1750,1998,Northeast,55658.04,Year,Y,Denied
EZYV17844,Asia,Master's,N,N,1861,2011,South,137836.21,Year,Y,Denied
EZYV19280,Asia,Bachelor's,Y,N,5239,2003,Northeast,84506.77,Year,Y,Certified
EZYV11768,Europe,Doctorate,Y,N,3412,2010,South,14609.59,Year,Y,Certified
EZYV19626,Asia,Master's,N,N,882,1880,Midwest,41329.12,Year,N,Denied
EZYV9801,South America,Bachelor's,Y,N,642,1997,Northeast,252.2732,Hour,Y,Denied
EZYV14032,Asia,Master's,Y,Y,3649,2007,Northeast,133248.49,Year,Y,Denied
EZYV7820,Asia,Bachelor's,N,N,193,1850,South,155.738,Hour,Y,Denied
EZYV4812,Asia,Doctorate,Y,N,1830,2008,South,26652.42,Year,Y,Certified
EZYV22188,Asia,Master's,Y,N,21225,1966,Northeast,116715.01,Year,Y,Certified
EZYV1201,North America,Bachelor's,Y,N,3374,2012,Midwest,124864.48,Year,Y,Certified
EZYV8277,Asia,High School,Y,N,1464,2010,Midwest,113174.66,Year,Y,Denied
EZYV7124,North America,Bachelor's,Y,N,2348,2012,Midwest,105831.05,Year,N,Denied
EZYV10933,Asia,Master's,Y,N,13012,1971,South,89364.3,Year,Y,Certified
EZYV9949,Europe,Doctorate,N,Y,1087,1998,South,149704.5,Year,Y,Certified
EZYV8859,Asia,Master's,N,N,2268,2004,Midwest,115499.52,Year,Y,Certified
EZYV24764,Asia,Doctorate,Y,N,4369,2005,Midwest,602.5751,Hour,Y,Certified
EZYV18267,Europe,Doctorate,Y,N,2259,1873,West,19296.23,Year,Y,Certified
EZYV11707,South America,Bachelor's,N,Y,522,1997,South,144113.5,Year,Y,Certified
EZYV24265,Europe,Master's,Y,N,238,1870,Northeast,59970.25,Year,Y,Certified
EZYV3075,Asia,Bachelor's,Y,N,4381,1974,Midwest,75891.48,Year,Y,Certified
EZYV21406,Asia,Master's,Y,N,4542,1986,Midwest,55369.38,Year,Y,Certified
EZYV12272,Europe,Master's,Y,Y,217,1963,Midwest,39359.17,Year,Y,Certified
EZYV17503,North America,Master's,N,N,1632,1847,Northeast,159135.69,Year,Y,Certified
EZYV2914,South America,Master's,Y,N,131,1971,Northeast,5303.86,Year,Y,Certified
EZYV24367,Asia,High School,N,N,3028,2004,Midwest,133622.73,Year,Y,Certified
EZYV7763,Asia,Master's,Y,N,1997,1850,West,110971.9,Year,Y,Certified
EZYV7178,Europe,Doctorate,Y,N,3614,1947,West,24276.77,Year,Y,Certified
EZYV24823,Asia,Bachelor's,N,N,2421,1971,West,79221.03,Year,Y,Denied
EZYV17972,North America,Bachelor's,Y,N,2438,1998,Northeast,55677.82,Year,Y,Denied
EZYV4009,Asia,High School,Y,N,1756,2008,Northeast,61640.87,Year,Y,Denied
EZYV19207,Asia,Master's,Y,N,2442,1962,Northeast,142913.55,Year,Y,Certified
EZYV14245,Asia,Bachelor's,Y,N,4108,2005,West,59264.66,Year,Y,Denied
EZYV5332,Asia,Master's,Y,N,195,1882,West,213530.66,Year,Y,Certified
EZYV6841,South America,Doctorate,Y,N,4261,1985,Midwest,72313.38,Year,Y,Certified
EZYV15266,Asia,Bachelor's,N,N,3154,2001,West,300.0063,Hour,Y,Denied
EZYV17689,Asia,Bachelor's,N,Y,3392,1995,South,130750.12,Year,Y,Certified
EZYV5980,Europe,Master's,Y,N,2442,1866,Northeast,73416.08,Year,Y,Certified
EZYV16928,Asia,Bachelor's,Y,N,1466,2000,Northeast,116597.98,Year,Y,Certified
EZYV8648,South America,Master's,N,N,1823,2006,South,40462.56,Year,Y,Denied
EZYV8316,Asia,Bachelor's,Y,Y,3170,2000,West,121745.99,Year,Y,Certified
EZYV731,Asia,Bachelor's,Y,N,2091,1948,West,60321.97,Year,Y,Certified
EZYV15134,South America,Doctorate,N,N,585,1999,Northeast,20289.88,Year,Y,Certified
EZYV24540,North America,Bachelor's,N,N,1986,1939,West,109554.8,Year,Y,Certified
EZYV7914,Asia,High School,Y,N,3960,2005,Midwest,72697.16,Year,Y,Denied
EZYV14205,North America,Doctorate,Y,N,5221,2008,South,18448.08,Year,Y,Certified
EZYV19169,Asia,Master's,Y,N,2763,2005,South,18747.28,Year,Y,Certified
EZYV8546,Asia,High School,Y,N,1764,1999,Northeast,87536.78,Year,Y,Denied
EZYV18140,Asia,Master's,Y,N,4735,2012,West,88641.79,Year,Y,Certified
EZYV6972,Asia,Master's,N,Y,1178,2007,West,106075.96,Year,Y,Certified
EZYV16487,Asia,Master's,N,N,2641,2005,South,200.448,Hour,Y,Certified
EZYV3082,Asia,Bachelor's,N,Y,3459,1997,South,113488.91,Year,Y,Denied
EZYV10747,Asia,Bachelor's,N,N,565,2014,West,110978.07,Year,Y,Certified
EZYV20011,Asia,Master's,Y,N,4021,1917,South,33447.86,Year,Y,Certified
EZYV5200,Oceania,Master's,Y,N,1747,1998,Midwest,52132.3,Year,Y,Certified
EZYV25398,Europe,Bachelor's,Y,N,416,2011,West,79547.58,Year,Y,Certified
EZYV12493,Asia,Master's,N,N,1032,1993,South,67619.9,Year,Y,Denied
EZYV19518,Asia,Bachelor's,N,N,1217,1998,Northeast,147741.44,Year,Y,Denied
EZYV4145,Europe,Master's,Y,N,576,1985,Northeast,60431.35,Year,Y,Certified
EZYV13901,Asia,Master's,Y,N,1448,1971,South,111972.13,Year,Y,Certified
EZYV18611,Asia,Master's,N,N,3557,2005,South,150203.91,Year,Y,Denied
EZYV12267,Europe,Doctorate,Y,Y,1989,1989,South,44627.31,Year,Y,Certified
EZYV16862,Europe,Bachelor's,Y,N,485,2005,South,128847.07,Year,N,Certified
EZYV23097,Asia,Doctorate,Y,Y,2978,1977,West,121411.79,Year,Y,Certified
EZYV6299,Asia,Master's,Y,N,2271,2003,West,46492.56,Year,N,Certified
EZYV3365,Asia,Bachelor's,Y,N,682,1983,Midwest,73414.7,Week,Y,Certified
EZYV12333,Asia,Master's,Y,N,3734,2001,South,115995.98,Year,Y,Certified
EZYV5075,Asia,Master's,N,N,226,2003,South,57981.55,Year,Y,Certified
EZYV7050,South America,Master's,Y,N,2466,1993,West,155538.81,Year,N,Certified
EZYV17670,Asia,Master's,Y,N,1690,2005,Midwest,66979.3,Year,Y,Certified
EZYV17632,Asia,Bachelor's,N,N,3720,1858,West,64994.93,Year,Y,Certified
EZYV12678,Asia,High School,N,N,3001,1991,South,30.8737,Hour,Y,Denied
EZYV16215,Europe,Master's,N,N,1238,1946,Northeast,135678.88,Year,Y,Certified
EZYV5100,Asia,Master's,Y,N,3731,2002,Midwest,134721.8,Year,Y,Certified
EZYV16768,Europe,Master's,Y,N,4073,1969,West,77618.22,Year,Y,Denied
EZYV21040,Asia,Bachelor's,N,N,3650,1991,West,146144.84,Year,Y,Denied
EZYV10285,Asia,Bachelor's,Y,N,2206,2010,Northeast,88292.44,Year,N,Denied
EZYV8189,Asia,Bachelor's,Y,N,3674,1998,West,38792.65,Week,Y,Certified
EZYV22931,Asia,Master's,N,N,2337,1934,Midwest,86661.1,Year,Y,Certified
EZYV143,Asia,Master's,N,Y,545,1855,South,66324.69,Year,Y,Certified
EZYV17899,Asia,Master's,Y,N,3780,1930,West,157071.33,Year,Y,Certified
EZYV10587,Asia,High School,Y,N,2907,2006,Midwest,171229.26,Year,Y,Denied
EZYV23369,Asia,Bachelor's,N,N,1933,2004,South,924.0328,Hour,Y,Certified
EZYV12168,Asia,Master's,Y,N,1107,1998,Midwest,118256.21,Week,Y,Certified
EZYV12740,Asia,Master's,N,N,701,1985,Northeast,3523.17,Year,Y,Denied
EZYV2562,Asia,Bachelor's,N,Y,2928,1957,South,44831.2,Year,Y,Certified
EZYV17497,Asia,Master's,N,N,81,1968,South,144540.37,Year,Y,Certified
EZYV5875,Asia,Bachelor's,N,N,2850,1993,Island,38998.57,Year,Y,Certified
EZYV21451,Asia,High School,Y,N,296,2001,Northeast,58168.86,Year,Y,Certified
EZYV17262,Asia,Master's,N,N,1689,2000,Midwest,79230.51,Year,Y,Certified
EZYV23945,Asia,Bachelor's,Y,N,1125,1995,South,111318.13,Year,Y,Denied
EZYV15381,North America,Bachelor's,Y,N,71,2000,West,80630.3,Year,Y,Denied
EZYV5956,Asia,Bachelor's,Y,N,358,1967,Midwest,172824.98,Year,Y,Certified
EZYV9851,North America,Master's,N,N,2216,1997,Midwest,82102.11,Year,N,Certified
EZYV1660,North America,Doctorate,N,Y,1326,1972,West,48296.42,Year,Y,Denied
EZYV5186,Asia,Master's,N,N,2116,1848,Midwest,111535.73,Year,Y,Certified
EZYV21131,Europe,Bachelor's,Y,N,1213,2002,South,143203.58,Year,N,Denied
EZYV7106,Europe,High School,N,N,3174,1931,South,221.784,Hour,Y,Denied
EZYV4816,Asia,Master's,Y,N,27749,2003,South,93627.77,Year,Y,Certified
EZYV9283,Asia,Master's,Y,N,5185,2008,Northeast,50268.99,Month,Y,Certified
EZYV10052,Europe,Doctorate,Y,Y,1835,2007,West,42002.41,Year,Y,Certified
EZYV5241,Asia,Master's,Y,N,2216,1901,Northeast,75154.91,Year,Y,Certified
EZYV16439,Europe,Bachelor's,N,Y,2583,1804,West,162205.39,Year,Y,Certified
EZYV21719,South America,Bachelor's,Y,N,66948,2000,West,882.7615,Hour,Y,Denied
EZYV8459,Asia,Bachelor's,Y,N,4473,1915,Northeast,154026.23,Year,Y,Denied
EZYV15484,Asia,Bachelor's,N,N,1767,2010,West,135852.65,Year,N,Denied
EZYV21939,Asia,Bachelor's,Y,N,3003,2011,Midwest,87843.17,Year,Y,Certified
EZYV5327,Asia,Master's,Y,N,3813,1998,West,37007.12,Year,Y,Certified
EZYV24417,North America,Master's,N,N,5125,1866,West,24444.65,Week,Y,Denied
EZYV2189,Asia,Master's,Y,N,5072,1975,West,15260.08,Year,Y,Certified
EZYV1948,Europe,Master's,Y,N,2326,2003,Midwest,78321.5,Year,Y,Certified
EZYV17767,South America,Bachelor's,Y,N,1143,1969,Northeast,72247.58,Year,N,Denied
EZYV11659,Europe,Bachelor's,Y,N,1065,1954,West,125655.65,Year,Y,Denied
EZYV1552,Asia,Master's,Y,N,262,1993,Midwest,109933.38,Year,Y,Certified
EZYV14450,North America,Doctorate,Y,N,6347,1997,West,7574.47,Year,Y,Certified
EZYV14081,Europe,Master's,Y,N,1475,1994,Midwest,33687.14,Year,N,Certified
EZYV18301,Asia,Doctorate,Y,N,345,1879,Northeast,111246.62,Year,Y,Certified
EZYV12842,Europe,High School,N,N,4125,1971,South,189705.87,Year,Y,Denied
EZYV19625,Europe,Master's,Y,Y,4397,2006,West,75400.47,Year,Y,Certified
EZYV23448,Europe,Master's,Y,N,416,1886,South,775.8045,Hour,N,Denied
EZYV12738,North America,Master's,Y,N,2118,2001,Midwest,58669.3,Year,N,Certified
EZYV20511,Asia,Bachelor's,Y,N,4540,1985,West,51269.58,Year,Y,Denied
EZYV18332,Asia,Doctorate,Y,N,1064,2004,Northeast,45506.36,Year,Y,Certified
EZYV3821,Asia,Bachelor's,Y,N,764,2004,Northeast,99857.49,Year,Y,Certified
EZYV20427,Europe,High School,N,N,518,1857,West,43240.74,Year,Y,Certified
EZYV24426,Asia,Bachelor's,Y,N,1352,2000,West,72298.87,Year,N,Certified
EZYV18022,Europe,Master's,N,N,566,2004,West,147795.3,Year,Y,Denied
EZYV6637,Europe,Master's,N,Y,1190,1801,South,150007.14,Year,Y,Denied
EZYV17299,Asia,Bachelor's,Y,N,1597,1849,West,22274.19,Year,Y,Certified
EZYV16425,Asia,Master's,Y,N,1906,1960,Midwest,56730.07,Year,Y,Certified
EZYV8512,Asia,Bachelor's,Y,N,3655,2007,Northeast,64910.14,Year,Y,Certified
EZYV18968,Europe,Doctorate,Y,N,2623,2012,South,13887.91,Year,Y,Certified
EZYV10002,North America,Master's,Y,N,2136,1998,Northeast,61843.69,Year,Y,Denied
EZYV23045,Asia,Master's,N,N,3360,2008,Island,24818.26,Year,N,Denied
EZYV5620,Europe,Bachelor's,Y,N,1326,2005,West,21480.15,Year,Y,Certified
EZYV20316,Europe,Master's,Y,N,4685,1997,Midwest,30638.27,Year,Y,Certified
EZYV22332,Asia,Master's,Y,N,1358,2005,South,68973.19,Year,Y,Certified
EZYV7381,Asia,Bachelor's,Y,N,1739,2006,Midwest,68700.74,Year,Y,Certified
EZYV10965,Europe,Master's,N,N,1088,2010,Northeast,28730.34,Year,Y,Denied
EZYV9898,Asia,High School,Y,N,18,2001,West,272311.21,Year,Y,Denied
EZYV2584,Asia,Master's,Y,N,2708,1950,Northeast,151206.86,Year,Y,Certified
EZYV22827,Europe,Bachelor's,Y,N,124,1976,West,69977.64,Year,Y,Certified
EZYV10689,Asia,Master's,Y,N,210,1994,Midwest,112842.28,Year,Y,Certified
EZYV13884,Asia,High School,N,N,2124,1997,Midwest,20899.73,Year,Y,Denied
EZYV23206,Asia,Master's,Y,N,3713,1867,West,5297.8,Year,Y,Certified
EZYV8954,Europe,Doctorate,Y,N,1552,1913,West,49578.66,Year,Y,Certified
EZYV20406,North America,Master's,N,Y,2789,1855,Northeast,84539.62,Year,Y,Denied
EZYV3915,North America,Bachelor's,Y,N,2164,2004,Northeast,92268.35,Year,Y,Certified
EZYV11985,Europe,Master's,Y,N,2092,2007,South,24891.13,Year,Y,Certified
EZYV18718,Asia,Bachelor's,Y,N,542,1980,West,147323.08,Year,Y,Certified
EZYV23235,Asia,Master's,Y,N,3786,1911,South,115617.47,Year,Y,Certified
EZYV4522,Asia,High School,N,N,2035,1985,South,71605.64,Year,Y,Denied
EZYV22330,Asia,Bachelor's,N,N,140,2005,South,326.3836,Hour,Y,Denied
EZYV13840,North America,Master's,Y,N,4094,1953,South,125740.7,Year,N,Denied
EZYV11772,Asia,Bachelor's,Y,N,1005,1994,Midwest,73610.04,Year,Y,Denied
EZYV7902,Asia,Master's,Y,N,97122,1994,Midwest,118723.89,Year,N,Certified
EZYV6303,North America,Master's,N,N,37413,2009,West,135347.42,Year,N,Certified
EZYV17239,Asia,Doctorate,Y,N,3251,1999,West,26991.49,Year,Y,Certified
EZYV20785,Asia,Bachelor's,N,N,2191,2010,Northeast,40104.07,Year,Y,Denied
EZYV10561,Asia,High School,Y,N,117,2001,Northeast,80947.69,Year,Y,Denied
EZYV11002,Asia,High School,Y,N,399,1968,Midwest,51978.65,Year,Y,Denied
EZYV13081,Europe,Bachelor's,Y,N,900,1999,West,34740.11,Year,Y,Certified
EZYV14611,Asia,Master's,Y,N,3856,1948,West,143917.45,Year,Y,Certified
EZYV23182,Europe,Bachelor's,N,N,991,1983,West,114268.5,Year,Y,Denied
EZYV7622,Asia,Master's,Y,N,104647,1947,South,165626.07,Year,Y,Certified
EZYV9132,Europe,High School,N,N,437,2001,Northeast,23293.3,Year,Y,Denied
EZYV12232,North America,Bachelor's,N,N,2585,1979,Midwest,71641.97,Year,Y,Denied
EZYV11346,Europe,Master's,Y,N,3481,2005,West,118633.87,Year,Y,Certified
EZYV9978,Asia,Master's,N,N,4392,1969,South,78690.95,Year,Y,Certified
EZYV6634,Asia,Master's,N,N,837,1857,Island,110210.49,Year,Y,Certified
EZYV12801,Asia,Bachelor's,Y,N,3370,2001,South,81140.65,Year,Y,Denied
EZYV2726,North America,Master's,N,N,2928,2004,West,56146.38,Year,Y,Denied
EZYV11815,Asia,Master's,Y,N,5028,1839,Northeast,95792.06,Year,Y,Certified
EZYV4407,Asia,Bachelor's,Y,N,73686,1999,South,177.89,Year,Y,Denied
EZYV1414,Asia,Master's,Y,N,2279,1989,Midwest,17993.38,Year,Y,Certified
EZYV12342,Asia,Bachelor's,N,N,2126,2006,West,93667.37,Year,N,Denied
EZYV17231,Asia,Bachelor's,N,N,1990,1991,Northeast,363.7005,Hour,Y,Denied
EZYV8603,Asia,Bachelor's,N,Y,1846,1981,Midwest,184489.89,Year,Y,Certified
EZYV7854,Asia,High School,Y,N,2362,1909,Northeast,48108.57,Week,N,Denied
EZYV25084,Asia,Bachelor's,N,N,4802,1847,West,126232.53,Year,Y,Denied
EZYV2327,Asia,Master's,Y,N,3490,2010,South,135799.42,Year,Y,Certified
EZYV14760,Asia,Master's,Y,N,2538,1952,Northeast,43602.19,Year,Y,Certified
EZYV18774,Asia,Master's,Y,N,55504,1970,South,166748.4,Year,N,Certified
EZYV8924,Europe,Bachelor's,Y,Y,2072,1993,Northeast,90363.69,Year,Y,Certified
EZYV16999,Asia,Bachelor's,Y,N,128,2004,South,52991.67,Year,Y,Denied
EZYV17305,North America,Bachelor's,N,N,3606,2008,West,72137.85,Year,Y,Certified
EZYV553,North America,Bachelor's,N,N,2360,1965,Northeast,90881.96,Year,Y,Denied
EZYV4421,North America,Bachelor's,N,N,2387,2012,Northeast,83395.19,Year,N,Denied
EZYV7847,North America,Doctorate,Y,N,933,1985,Northeast,43891.44,Year,Y,Certified
EZYV18715,South America,Bachelor's,N,N,281,2000,Midwest,91837.27,Week,Y,Denied
EZYV10377,Asia,Bachelor's,N,N,3579,1985,Northeast,73820.11,Year,Y,Denied
EZYV18963,Asia,Doctorate,Y,Y,1880,1912,South,107421.5,Year,Y,Certified
EZYV4150,North America,Master's,Y,N,1160,2003,Northeast,46541.71,Year,Y,Certified
EZYV7580,Europe,Master's,Y,Y,3117,2007,Midwest,126912.71,Year,Y,Certified
EZYV20947,Asia,Master's,N,N,843,1951,Midwest,86940.97,Year,Y,Certified
EZYV3185,Asia,Doctorate,Y,N,4412,2008,Northeast,94810.41,Year,Y,Certified
EZYV17957,Africa,Bachelor's,N,Y,3901,1891,West,220280.21,Year,Y,Certified
EZYV2786,Oceania,Master's,Y,N,2315,2008,Midwest,60946.2,Year,Y,Certified
EZYV11231,Asia,Master's,Y,N,4222,1885,West,49074.18,Year,Y,Certified
EZYV11482,Asia,Master's,Y,N,1454,2013,Midwest,137109.86,Year,Y,Certified
EZYV4096,Asia,Master's,Y,N,76,1939,South,158893.23,Year,Y,Certified
EZYV20318,South America,Bachelor's,Y,N,2580,1998,West,42849.03,Year,Y,Certified
EZYV22603,North America,Bachelor's,N,N,5464,1998,West,75208.2,Year,Y,Certified
EZYV5802,Asia,High School,Y,N,4333,1972,West,7183.34,Year,Y,Denied
EZYV17352,Asia,Master's,N,N,3077,2000,South,49199.21,Year,Y,Denied
EZYV5641,Asia,Bachelor's,N,N,2615,2011,South,46272.56,Year,Y,Denied
EZYV24388,Asia,Bachelor's,Y,N,3293,1997,South,46916.38,Year,Y,Denied
EZYV12622,Asia,High School,Y,N,411,2006,Northeast,45267.21,Year,Y,Denied
EZYV5848,Asia,Master's,Y,N,1387,2003,South,646.7635,Hour,Y,Certified
EZYV18405,Asia,Bachelor's,N,N,647,1982,Northeast,359.5816,Hour,Y,Denied
EZYV24768,Europe,Master's,N,Y,477,1973,West,83246.84,Year,Y,Certified
EZYV21348,Asia,Master's,N,N,2695,2006,Midwest,72046.64,Year,N,Certified
EZYV9794,Europe,Doctorate,N,N,1344,1870,West,30295.34,Year,Y,Certified
EZYV11634,Asia,Master's,N,N,370,2010,Northeast,82942.72,Year,Y,Denied
EZYV17975,Asia,Master's,Y,N,1835,2006,Northeast,63891.04,Year,Y,Certified
EZYV5032,South America,Master's,Y,N,256,1954,Northeast,97329.25,Year,Y,Certified
EZYV5614,Asia,Master's,Y,N,2640,1994,Midwest,22906.4,Year,N,Certified
EZYV15203,Asia,Bachelor's,Y,N,1315,1999,West,154341.52,Year,Y,Certified
EZYV10344,Asia,High School,Y,N,4157,1999,Midwest,117620.38,Year,Y,Denied
EZYV20053,Asia,Master's,N,N,2282,1985,Midwest,94794.98,Year,Y,Denied
EZYV19977,Asia,Bachelor's,N,N,268,1905,South,84258.28,Year,Y,Certified
EZYV5584,South America,Doctorate,N,N,1765,1871,West,83195.51,Year,Y,Certified
EZYV18534,Europe,Doctorate,N,N,270,2000,West,46302.47,Year,Y,Certified
EZYV14132,Asia,High School,N,N,480,2007,Island,96462.34,Year,Y,Denied
EZYV14264,Asia,High School,N,N,1147,1916,Midwest,79428.1,Year,Y,Denied
EZYV425,Asia,Doctorate,Y,N,2109,2002,Northeast,27280.53,Year,N,Certified
EZYV3816,North America,Bachelor's,Y,N,55,1989,Island,115772.43,Year,Y,Certified
EZYV20663,North America,Master's,Y,N,1347,1997,Northeast,36966.56,Year,N,Certified
EZYV20880,Europe,Bachelor's,N,N,1011,1984,Northeast,38753.71,Year,Y,Denied
EZYV11490,Africa,Bachelor's,Y,N,84074,2008,Northeast,115732.03,Year,Y,Certified
EZYV16663,Asia,Bachelor's,Y,N,22880,1947,Midwest,92165.21,Year,Y,Certified
EZYV8850,Asia,Master's,N,N,631,2001,Midwest,30531.71,Year,Y,Certified
EZYV2094,Europe,Master's,N,N,1214,1980,West,130600.53,Year,Y,Certified
EZYV13665,Asia,Bachelor's,Y,N,5535,2009,West,31382.0,Year,Y,Certified
EZYV22280,Asia,Master's,Y,N,2196,1997,West,72204.46,Year,Y,Denied
EZYV25311,Asia,Master's,N,N,2819,2006,Northeast,31776.0,Year,N,Denied
EZYV21767,Asia,Bachelor's,Y,N,1735,2005,South,104981.68,Year,Y,Certified
EZYV12451,Asia,Bachelor's,N,N,3481,1869,Northeast,64130.42,Year,Y,Certified
EZYV12061,North America,Bachelor's,Y,N,4704,2003,Northeast,28084.24,Year,Y,Certified
EZYV24603,Asia,Bachelor's,Y,N,1514,2008,West,64632.63,Year,Y,Denied
EZYV20849,Africa,Master's,Y,N,2104,1999,West,92877.33,Year,Y,Certified
EZYV4810,Asia,Bachelor's,Y,N,1935,1993,Midwest,14888.27,Year,Y,Certified
EZYV2758,Europe,Master's,N,Y,1236,2008,West,17940.61,Year,Y,Certified
EZYV8149,Asia,Bachelor's,Y,N,520,1947,South,129235.76,Year,Y,Certified
EZYV19747,Asia,Bachelor's,N,N,21451,2003,Northeast,167878.68,Year,Y,Certified
EZYV3330,North America,Bachelor's,N,N,13708,2014,Northeast,98713.68,Year,Y,Denied
EZYV3629,Asia,High School,N,N,22365,1856,Midwest,65208.74,Year,Y,Denied
EZYV7396,Asia,Master's,Y,N,2722,2000,Midwest,64533.81,Year,Y,Certified
EZYV21242,Asia,Bachelor's,N,N,2409,2005,West,98429.7,Year,Y,Certified
EZYV10606,Asia,Bachelor's,Y,N,698,2012,Northeast,26538.72,Year,Y,Denied
EZYV8036,Asia,Master's,Y,Y,1261,1951,South,204453.27,Year,Y,Certified
EZYV6064,Asia,Bachelor's,Y,N,667,1997,South,67663.21,Year,Y,Certified
EZYV1736,Asia,Doctorate,Y,N,2863,1988,Northeast,93779.0,Year,Y,Certified
EZYV11520,Asia,Master's,Y,N,2372,2005,Northeast,102686.23,Year,Y,Certified
EZYV7798,Europe,Doctorate,Y,N,1031,1966,Midwest,11697.3,Year,Y,Certified
EZYV2656,South America,Bachelor's,N,N,25430,2006,South,29910.4,Year,Y,Denied
EZYV7639,Europe,Doctorate,Y,N,451,1953,South,90318.67,Year,Y,Certified
EZYV10822,Asia,Master's,N,N,333,1925,South,29031.81,Year,Y,Denied
EZYV15170,Asia,Bachelor's,Y,N,3649,2011,West,92677.17,Year,Y,Certified
EZYV18806,Asia,Master's,N,N,1510,1991,South,110542.93,Year,Y,Certified
EZYV4217,North America,Bachelor's,Y,N,74,2000,West,49575.84,Year,Y,Certified
EZYV4004,Europe,Master's,Y,N,126,2003,South,39685.37,Year,Y,Certified
EZYV12504,Asia,Bachelor's,Y,N,576,1997,South,140565.52,Year,Y,Denied
EZYV8419,North America,Master's,Y,N,3154,1819,West,24143.21,Year,Y,Certified
EZYV18539,Asia,Bachelor's,Y,N,3354,2003,Northeast,54515.1,Year,Y,Certified
EZYV8498,Asia,Master's,N,N,619,1974,South,45860.26,Year,Y,Certified
EZYV19628,Asia,Bachelor's,N,N,1092,2005,South,28582.17,Year,Y,Certified
EZYV10989,Asia,Master's,Y,Y,955,2008,West,30330.76,Year,Y,Certified
EZYV8741,Europe,Master's,N,N,3235,1978,Northeast,122414.77,Year,N,Certified
EZYV13320,Asia,Master's,Y,N,2902,1999,South,38108.45,Year,Y,Certified
EZYV13339,Europe,Master's,Y,Y,3321,1979,West,108499.93,Year,Y,Certified
EZYV18829,Asia,Master's,N,N,2367,1973,Northeast,142633.6,Year,N,Certified
EZYV7177,Asia,Bachelor's,N,N,1264,1952,South,523.6527,Hour,Y,Denied
EZYV3926,Asia,Bachelor's,Y,N,205,1890,Midwest,121183.02,Year,Y,Certified
EZYV16589,Asia,Bachelor's,N,N,2983,1957,Midwest,54383.99,Year,Y,Certified
EZYV14039,Asia,Master's,N,N,767,1993,Northeast,156132.16,Year,N,Denied
EZYV6666,Asia,High School,N,N,107,1994,Midwest,111268.51,Year,Y,Denied
EZYV2940,Asia,Master's,N,N,5256,2012,Northeast,69012.24,Year,N,Denied
EZYV23029,Asia,Master's,Y,N,4539,1996,Northeast,60896.15,Year,Y,Certified
EZYV14543,Asia,Master's,N,N,1300,2001,West,8240.36,Year,Y,Denied
EZYV15108,North America,Master's,Y,N,1080,2009,West,131637.3,Year,N,Denied
EZYV17245,Asia,Bachelor's,N,N,486,2011,South,165890.2,Year,Y,Certified
EZYV7862,Asia,High School,Y,N,801,2008,Midwest,86278.28,Year,Y,Denied
EZYV1383,Europe,Bachelor's,Y,Y,2100,2007,Midwest,147882.46,Year,Y,Certified
EZYV24345,Europe,Doctorate,N,N,32,1969,West,13629.19,Year,Y,Certified
EZYV20975,Asia,Bachelor's,N,N,1228,2007,South,93425.7,Year,Y,Certified
EZYV4966,Asia,Master's,N,N,1305,1995,West,217313.08,Year,N,Certified
EZYV176,Asia,Doctorate,Y,N,5820,1998,South,31986.79,Year,Y,Certified
EZYV6887,Asia,Master's,N,N,2614,2006,Northeast,135200.02,Week,Y,Certified
EZYV19400,North America,High School,N,N,2021,1998,West,685.554,Hour,Y,Denied
EZYV4443,Asia,Master's,N,N,156,1928,West,187814.99,Year,Y,Denied
EZYV2574,Europe,Master's,Y,N,2793,1998,Northeast,85330.54,Year,Y,Certified
EZYV3055,Asia,Bachelor's,Y,N,2396,2006,South,161624.56,Year,N,Certified
EZYV13192,Asia,Master's,Y,N,1239,1997,South,135769.05,Year,Y,Certified
EZYV22997,Europe,Bachelor's,N,N,5147,1991,Northeast,60890.91,Year,Y,Certified
EZYV6261,North America,Master's,N,N,2655,1986,Northeast,76214.62,Year,Y,Certified
EZYV20116,North America,Bachelor's,Y,Y,1209,2000,West,147991.75,Year,Y,Denied
EZYV24294,South America,Bachelor's,N,N,4715,2002,West,6558.37,Year,Y,Denied
EZYV24385,Europe,Doctorate,Y,Y,2965,1960,West,16815.0,Year,Y,Certified
EZYV7317,Asia,Doctorate,N,N,115,1977,South,96289.72,Year,Y,Certified
EZYV21670,Asia,High School,Y,N,20815,2001,Midwest,38296.33,Year,Y,Certified
EZYV12051,Asia,Master's,N,N,1699,2003,Midwest,138090.0,Year,Y,Certified
EZYV8651,Asia,Bachelor's,Y,N,1388,1993,West,428.7641,Hour,Y,Denied
EZYV2536,Europe,Master's,N,N,4647,1899,Northeast,34639.65,Year,Y,Certified
EZYV12490,Asia,Bachelor's,Y,N,2601,1864,West,96666.23,Year,Y,Certified
EZYV18361,Asia,Master's,Y,Y,397,1998,West,95033.92,Year,Y,Certified
EZYV5516,Asia,Master's,N,N,3034,2012,West,206722.39,Year,N,Certified
EZYV9862,North America,Master's,N,N,1877,1986,Northeast,185317.27,Year,N,Certified
EZYV24726,Europe,High School,Y,N,5400,1978,West,56887.63,Year,Y,Certified
EZYV20012,Asia,Bachelor's,Y,N,939,2006,Midwest,32745.69,Year,Y,Certified
EZYV4818,Asia,Master's,Y,N,2173,2013,South,22076.95,Year,Y,Certified
EZYV23521,Asia,Master's,Y,N,5601,2005,South,98551.54,Year,N,Certified
EZYV19907,North America,Bachelor's,N,N,66,2008,West,70.599,Hour,Y,Denied
EZYV5297,Asia,High School,Y,N,925,2013,Midwest,183270.52,Year,Y,Denied
EZYV1616,Asia,Master's,Y,N,1073,2013,West,32706.7,Year,Y,Certified
EZYV13031,Asia,Bachelor's,N,N,1915,1977,South,102202.7,Year,Y,Certified
EZYV16120,Europe,Bachelor's,Y,N,18,1993,West,23609.84,Year,Y,Certified
EZYV23692,Asia,Bachelor's,Y,N,4017,1999,Midwest,136.51,Year,Y,Certified
EZYV17432,North America,High School,Y,Y,3190,1874,South,87582.84,Year,Y,Certified
EZYV286,North America,Master's,Y,N,572,1847,Northeast,12800.02,Year,Y,Certified
EZYV6112,Europe,Doctorate,Y,N,1170,1997,West,6665.96,Year,Y,Certified
EZYV13468,North America,High School,N,N,726,2004,Midwest,51421.21,Week,Y,Denied
EZYV4353,Asia,Doctorate,Y,N,1002,1970,Northeast,26887.6,Year,Y,Certified
EZYV21045,Asia,Master's,N,N,3689,2009,South,13368.33,Year,N,Certified
EZYV11961,Asia,Master's,Y,N,2087,1998,West,92552.06,Year,N,Certified
EZYV22390,Asia,Master's,Y,N,582,1984,Midwest,114876.33,Year,Y,Certified
EZYV12401,Asia,Master's,Y,N,3169,1968,Midwest,85415.78,Year,N,Certified
EZYV18035,Asia,Bachelor's,Y,N,23335,1979,West,65315.3,Year,Y,Denied
EZYV12528,Asia,Master's,Y,N,581,1991,Midwest,62203.62,Year,Y,Certified
EZYV12595,Europe,High School,Y,N,3609,2001,West,46279.73,Year,Y,Denied
EZYV13282,Asia,Doctorate,N,N,1618,1977,West,852.0211,Hour,Y,Certified
EZYV9185,Asia,Master's,N,N,2535,1924,West,130096.45,Year,N,Certified
EZYV20220,North America,Master's,Y,N,6476,1984,West,28675.76,Year,Y,Certified
EZYV14402,Europe,Bachelor's,N,N,1248,1945,West,38310.61,Year,Y,Certified
EZYV5684,Europe,Bachelor's,N,Y,4359,1975,South,11411.13,Year,Y,Certified
EZYV4553,Europe,Master's,N,N,2762,1999,West,103795.42,Year,Y,Certified
EZYV19696,Europe,High School,Y,N,3472,2004,South,20455.62,Year,Y,Denied
EZYV11180,Asia,Bachelor's,Y,N,2556,1992,Island,51775.82,Year,Y,Certified
EZYV22956,Asia,Bachelor's,N,N,1185,1989,Northeast,332.8944,Hour,Y,Denied
EZYV15150,Asia,Bachelor's,Y,N,93525,2000,South,52726.73,Year,Y,Certified
EZYV10374,North America,Bachelor's,Y,N,3962,1868,Northeast,89446.99,Year,Y,Certified
EZYV20682,North America,Bachelor's,N,N,2334,1969,Island,114424.98,Year,N,Denied
EZYV15360,Asia,Master's,Y,Y,6758,1832,Northeast,6499.53,Year,N,Certified
EZYV14480,Asia,High School,Y,N,2526,2002,South,110742.13,Year,Y,Denied
EZYV17726,Asia,Bachelor's,Y,Y,2781,1985,Island,1985.3,Year,Y,Denied
EZYV16905,North America,Master's,Y,Y,2975,1970,West,80812.5,Year,Y,Denied
EZYV2845,North America,Bachelor's,N,Y,52913,1998,South,80195.88,Year,Y,Denied
EZYV21112,Europe,Bachelor's,Y,N,3095,1986,South,140109.33,Year,Y,Certified
EZYV19425,Europe,Master's,N,N,1860,2000,Northeast,79621.11,Year,N,Denied
EZYV6761,Asia,High School,Y,N,2650,2000,South,5998.04,Year,Y,Denied
EZYV16166,Europe,Doctorate,N,N,2243,1998,Midwest,79522.02,Year,Y,Certified
EZYV18013,Asia,Bachelor's,Y,N,2843,1987,Northeast,262777.69,Year,Y,Certified
EZYV20267,Asia,Master's,Y,N,1751,1992,Midwest,35090.87,Year,N,Denied
EZYV16939,Asia,Bachelor's,Y,N,2952,1995,Northeast,44185.2,Year,Y,Certified
EZYV3250,Asia,Bachelor's,Y,N,1709,1873,South,962.7197,Hour,Y,Certified
EZYV488,Asia,Bachelor's,N,N,519,1998,Island,78673.0,Year,Y,Denied
EZYV5367,Europe,Bachelor's,N,N,5054,1970,Northeast,26838.17,Year,Y,Certified
EZYV6904,Asia,Bachelor's,N,N,1691,2010,Midwest,79352.46,Year,Y,Certified
EZYV23390,Asia,Bachelor's,N,N,2699,2000,Northeast,109207.65,Year,Y,Certified
EZYV16495,Asia,Bachelor's,Y,N,2312,2007,West,67707.16,Year,Y,Certified
EZYV10472,Europe,Master's,Y,N,3180,2003,Northeast,101896.48,Year,Y,Certified
EZYV18873,Asia,Master's,N,N,156,2009,South,144066.01,Year,N,Certified
EZYV8266,Asia,Master's,N,N,4459,1989,South,280.4605,Hour,Y,Certified
EZYV8201,Asia,Bachelor's,Y,N,2251,1999,Northeast,80413.78,Year,Y,Denied
EZYV24732,North America,Doctorate,Y,N,2505,2011,South,122395.57,Year,N,Certified
EZYV9742,Asia,Master's,N,N,763,2004,South,125382.31,Year,N,Certified
EZYV24554,Europe,Doctorate,Y,N,1874,1996,West,57003.0,Year,Y,Certified
EZYV18142,Asia,Master's,Y,N,4841,1998,West,27678.35,Year,Y,Denied
EZYV8302,Asia,Master's,N,N,4121,1939,Midwest,51254.52,Year,Y,Certified
EZYV15308,North America,Master's,Y,N,1172,2010,Northeast,61683.68,Year,Y,Certified
EZYV16052,Asia,Bachelor's,Y,N,3293,1817,West,88381.73,Year,Y,Certified
EZYV21459,Asia,Master's,N,N,1915,2006,Midwest,179623.75,Year,Y,Certified
EZYV5567,Asia,Master's,N,N,200,1989,South,22019.76,Year,N,Certified
EZYV24277,Asia,Master's,Y,N,2511,2006,South,76236.18,Year,Y,Certified
EZYV12281,Asia,Bachelor's,N,N,552,2007,South,135587.27,Year,N,Certified
EZYV11475,Asia,High School,Y,N,1335,1948,West,45422.18,Year,Y,Denied
EZYV22028,South America,Doctorate,N,N,2331,1895,Northeast,846.9589,Hour,Y,Denied
EZYV13903,Asia,Master's,Y,N,4546,2014,Northeast,59875.21,Year,Y,Certified
EZYV7915,Asia,Bachelor's,N,N,5605,2010,West,38140.48,Year,Y,Denied
EZYV24371,Asia,Bachelor's,Y,N,2216,2003,South,133562.58,Year,Y,Denied
EZYV16879,Asia,Bachelor's,Y,Y,1173,2010,West,115305.96,Year,Y,Certified
EZYV200,Europe,Master's,Y,N,7320,1868,Northeast,89207.07,Year,Y,Certified
EZYV4107,Asia,Bachelor's,Y,N,1954,1980,South,47547.65,Year,Y,Denied
EZYV12350,Asia,Bachelor's,Y,N,5673,2006,Northeast,83317.27,Year,Y,Certified
EZYV11282,Europe,Master's,Y,N,5405,1999,Northeast,93747.83,Year,N,Certified
EZYV19136,Europe,Master's,Y,N,119715,2006,West,9178.17,Year,Y,Certified
EZYV7067,Asia,High School,Y,N,412,1981,South,11.8704,Hour,Y,Denied
EZYV10137,Asia,Master's,Y,N,122,2007,Midwest,70465.45,Year,Y,Certified
EZYV2366,Asia,Master's,Y,N,1154,1987,Midwest,118031.89,Year,Y,Certified
EZYV7718,South America,Bachelor's,Y,N,2239,2011,South,31865.2,Year,Y,Certified
EZYV11849,Asia,High School,Y,N,12333,1993,South,2646.67,Year,Y,Denied
EZYV10165,Asia,Bachelor's,Y,N,1690,1996,West,44230.02,Year,Y,Certified
EZYV11575,Asia,Bachelor's,Y,N,59,2001,Northeast,46057.7,Year,Y,Denied
EZYV18129,Asia,Master's,Y,N,1959,2009,South,76124.64,Year,N,Certified
EZYV12614,Asia,Bachelor's,N,N,1467,2011,Northeast,157990.27,Year,Y,Certified
EZYV8865,Asia,Bachelor's,N,Y,286,1986,South,91934.83,Year,Y,Certified
EZYV9610,Asia,Bachelor's,Y,N,444,2007,West,110761.59,Year,Y,Certified
EZYV8294,Asia,Master's,Y,N,1359,1907,West,70715.59,Year,Y,Certified
EZYV23862,Asia,Master's,N,N,3005,1995,West,94540.02,Year,Y,Denied
EZYV11097,Europe,High School,Y,N,1219,2011,West,89274.52,Year,Y,Denied
EZYV17753,Asia,Master's,Y,N,170,1965,South,82388.91,Year,Y,Certified
EZYV8608,Europe,Master's,Y,N,4346,1984,West,83787.27,Year,Y,Certified
EZYV15196,Europe,Master's,N,N,31115,2010,South,26560.21,Year,Y,Certified
EZYV17213,Asia,Master's,Y,N,2472,1991,West,56220.62,Year,Y,Certified
EZYV12712,North America,Bachelor's,N,N,258,2001,South,784.5669,Hour,Y,Certified
EZYV17496,Asia,High School,Y,N,686,2007,Midwest,73570.18,Year,Y,Certified
EZYV2226,Europe,Bachelor's,N,N,1272,1899,West,317.7013,Hour,Y,Denied
EZYV24054,Asia,Bachelor's,N,N,3723,2005,South,134428.89,Year,Y,Certified
EZYV7891,Asia,High School,Y,N,5042,1994,West,34704.17,Year,Y,Denied
EZYV13225,Asia,Bachelor's,Y,N,59,1997,Northeast,35918.04,Year,Y,Certified
EZYV5104,Asia,Master's,N,N,1152,1987,West,45803.08,Year,Y,Certified
EZYV16962,Europe,Bachelor's,Y,Y,27,1999,West,85195.12,Year,Y,Certified
EZYV21857,South America,Master's,Y,N,936,1838,West,53125.21,Year,Y,Certified
EZYV6889,Europe,Doctorate,Y,N,4963,1998,South,11575.48,Year,Y,Certified
EZYV1515,North America,Bachelor's,Y,N,3914,1967,South,165262.08,Year,N,Certified
EZYV20725,Europe,Bachelor's,N,N,2241,2004,South,56480.99,Year,Y,Certified
EZYV19490,Asia,Bachelor's,N,Y,2107,2008,Midwest,24728.24,Year,Y,Certified
EZYV20487,Asia,Master's,Y,N,249,1869,Northeast,4509.52,Year,Y,Certified
EZYV1166,Asia,Master's,Y,N,1427,1977,West,178.5724,Hour,Y,Certified
EZYV15578,Asia,Bachelor's,N,N,2878,2007,South,149683.72,Year,Y,Denied
EZYV20185,Europe,Doctorate,N,N,4705,2000,West,54961.27,Year,Y,Certified
EZYV13283,Asia,Master's,Y,N,4740,1994,South,43524.76,Year,Y,Certified
EZYV4897,Asia,High School,N,N,2403,2000,Midwest,129169.76,Year,Y,Denied
EZYV19948,Asia,High School,N,N,4512,1994,Midwest,134604.63,Year,Y,Certified
EZYV7406,Asia,Bachelor's,N,N,3917,1960,West,41589.69,Year,Y,Denied
EZYV23748,Asia,Doctorate,Y,N,2150,2011,South,51392.91,Year,Y,Certified
EZYV23243,Asia,Master's,Y,N,2422,2004,West,109092.35,Year,Y,Certified
EZYV10069,North America,Bachelor's,Y,N,501,1940,Northeast,395.8561,Hour,Y,Certified
EZYV13181,Asia,Master's,N,N,1184,1977,Midwest,191601.56,Year,N,Certified
EZYV4167,Asia,Master's,N,Y,1562,1941,South,109440.63,Year,Y,Denied
EZYV17895,Europe,Master's,Y,N,444,1998,Midwest,197708.33,Year,N,Certified
EZYV19303,North America,Bachelor's,N,N,808,2013,Northeast,324.902,Hour,Y,Certified
EZYV18830,Europe,High School,N,N,2803,1985,Northeast,12083.25,Year,Y,Certified
EZYV3536,North America,Bachelor's,Y,N,3127,1997,Northeast,116737.45,Year,Y,Certified
EZYV23691,Asia,Doctorate,Y,Y,2149,2004,South,39231.99,Year,Y,Certified
EZYV16493,Europe,Doctorate,Y,N,2050,2012,West,124286.96,Year,Y,Certified
EZYV7806,Asia,Bachelor's,N,N,1294,1993,Northeast,87621.74,Year,Y,Denied
EZYV12467,Asia,Bachelor's,N,N,1111,2015,Northeast,310.26,Hour,Y,Denied
EZYV6478,Asia,Bachelor's,N,Y,1957,1986,Northeast,60095.22,Year,Y,Denied
EZYV5764,North America,Doctorate,Y,N,3982,1990,South,50170.32,Year,Y,Certified
EZYV7583,Asia,Master's,N,Y,20571,2007,Northeast,141869.75,Year,Y,Certified
EZYV20536,North America,Master's,Y,N,4086,2005,South,114977.75,Year,N,Certified
EZYV73,Europe,Bachelor's,Y,N,3339,1935,Northeast,121316.5,Year,Y,Denied
EZYV12700,North America,Master's,Y,N,358,2002,West,172067.45,Year,Y,Certified
EZYV19212,North America,High School,Y,N,2534,2007,Northeast,23203.41,Year,Y,Certified
EZYV1182,Asia,Bachelor's,N,N,342,1843,Midwest,48931.21,Year,Y,Certified
EZYV14631,Asia,High School,Y,N,704,2009,Midwest,22842.07,Year,Y,Denied
EZYV20853,Asia,Doctorate,Y,N,1741,2010,Northeast,106131.2,Year,Y,Denied
EZYV2291,Asia,Master's,N,N,1853,1926,Northeast,143969.47,Year,N,Denied
EZYV19823,Asia,Master's,N,N,158,2005,Midwest,68959.23,Year,Y,Certified
EZYV6728,Asia,High School,Y,N,86764,2000,South,23720.38,Year,Y,Denied
EZYV5227,Asia,Master's,Y,Y,173,2006,Midwest,28852.15,Year,Y,Certified
EZYV8429,Asia,Master's,Y,Y,23,2005,West,74601.59,Year,Y,Certified
EZYV5519,Asia,Master's,Y,N,20146,2003,Midwest,89567.82,Year,N,Certified
EZYV22099,Asia,Master's,N,N,1028,1998,Midwest,59745.42,Year,Y,Certified
EZYV16673,Asia,Master's,Y,N,210,1951,West,96072.94,Year,Y,Denied
EZYV18607,Asia,High School,N,Y,429,1963,South,67638.51,Year,Y,Certified
EZYV8549,Europe,Doctorate,Y,N,3976,1968,Northeast,28759.36,Year,Y,Certified
EZYV25292,Asia,Master's,N,N,1190,1994,South,66168.59,Year,Y,Denied
EZYV7015,Asia,Bachelor's,N,N,1364,2007,Northeast,12567.85,Year,Y,Denied
EZYV8454,Asia,Bachelor's,Y,N,3623,2008,Northeast,82586.45,Year,Y,Denied
EZYV11386,Asia,Bachelor's,N,N,376,1959,South,127491.16,Year,N,Certified
EZYV1658,Asia,Bachelor's,N,N,1566,1902,South,52239.43,Year,Y,Certified
EZYV10552,South America,Bachelor's,Y,N,3973,2009,South,47.4395,Hour,Y,Denied
EZYV24650,Asia,Bachelor's,Y,N,1905,2013,South,35925.72,Year,Y,Certified
EZYV13561,Asia,Master's,N,N,2634,2009,South,151400.14,Year,N,Certified
EZYV23044,North America,Bachelor's,N,N,25983,1984,West,55997.53,Year,Y,Denied
EZYV9286,Asia,Master's,Y,N,1437,1984,Midwest,30807.61,Year,Y,Certified
EZYV23868,Europe,Bachelor's,N,Y,2592,1980,South,83153.24,Year,Y,Certified
EZYV5872,Asia,High School,N,N,483,1999,Midwest,126845.21,Year,Y,Denied
EZYV16794,Asia,Bachelor's,Y,N,3950,1885,South,19230.56,Year,Y,Certified
EZYV8963,Asia,High School,Y,N,720,1980,Midwest,5364.36,Year,Y,Denied
EZYV19933,Asia,Master's,Y,N,1505,1977,West,45253.18,Year,Y,Denied
EZYV1346,Asia,Bachelor's,N,N,594472,1887,West,87144.2,Year,Y,Denied
EZYV13272,Asia,Bachelor's,Y,N,653,2010,Northeast,105894.46,Year,N,Denied
EZYV24995,Asia,Bachelor's,Y,N,2904,2007,West,63913.06,Year,Y,Certified
EZYV3611,Africa,Master's,Y,N,3504,1884,Northeast,77897.61,Year,Y,Certified
EZYV24094,Asia,Master's,N,N,2208,2004,Northeast,62587.59,Year,Y,Certified
EZYV259,Asia,Bachelor's,N,N,3266,2007,Midwest,102598.35,Year,Y,Certified
EZYV13779,Asia,Bachelor's,Y,N,3528,2010,West,37311.47,Year,Y,Certified
EZYV14860,Asia,Master's,N,N,4335,1999,Northeast,66529.99,Year,N,Certified
EZYV20966,Asia,Master's,N,N,1758,1995,South,99362.3,Year,Y,Denied
EZYV23087,Asia,Bachelor's,Y,N,559,1920,South,16493.88,Year,N,Certified
EZYV11041,North America,Bachelor's,N,N,2494,1977,Northeast,41.759,Hour,Y,Denied
EZYV1558,Europe,Bachelor's,Y,N,938,2007,West,7716.74,Year,Y,Certified
EZYV3689,Asia,Bachelor's,Y,N,838,1949,South,108660.31,Year,Y,Certified
EZYV430,Asia,Bachelor's,N,N,3055,1847,Midwest,113440.66,Year,Y,Certified
EZYV6717,Asia,Bachelor's,Y,N,2607,1971,West,49787.79,Year,Y,Certified
EZYV23062,North America,High School,N,N,4116,1888,West,39823.54,Year,Y,Certified
EZYV13444,Asia,Bachelor's,Y,N,6569,2011,West,7417.8,Year,Y,Certified
EZYV3855,Europe,Bachelor's,N,N,888,2000,West,66923.13,Year,Y,Certified
EZYV12323,Asia,High School,N,N,4658,2003,Northeast,246.3592,Hour,Y,Denied
EZYV4693,Asia,High School,N,N,798,1987,South,184117.8,Year,Y,Denied
EZYV8623,Asia,Master's,Y,N,506,2012,South,80952.37,Year,Y,Certified
EZYV11736,Asia,Master's,Y,N,3724,1969,West,45586.21,Year,Y,Certified
EZYV4567,Asia,Bachelor's,N,N,1769,1969,Northeast,90964.89,Year,Y,Denied
EZYV15692,North America,Master's,Y,N,1826,1939,South,75377.8,Year,N,Certified
EZYV13498,Asia,High School,N,N,3772,1944,Midwest,250841.05,Year,Y,Denied
EZYV24505,Europe,Master's,Y,Y,4211,1948,Northeast,66087.73,Year,N,Certified
EZYV9402,North America,Bachelor's,Y,Y,1697,1980,South,57934.28,Year,Y,Certified
EZYV7279,Europe,Bachelor's,Y,N,275,2008,Midwest,574.55,Year,Y,Certified
EZYV18493,North America,Master's,N,N,12263,1986,Northeast,220.9902,Hour,Y,Denied
EZYV12830,Asia,Master's,N,N,292,2009,Midwest,125732.19,Year,N,Denied
EZYV19646,Europe,Master's,Y,N,76069,1944,South,40773.8,Year,Y,Certified
EZYV8472,Europe,Master's,Y,N,5484,1909,West,34045.17,Year,Y,Certified
EZYV6341,Asia,Bachelor's,N,N,229,2005,Northeast,439.0866,Hour,Y,Denied
EZYV11359,Asia,Master's,Y,N,2680,1892,South,468.4167,Hour,Y,Certified
EZYV21539,Asia,Master's,Y,N,5294,1998,Midwest,93250.78,Year,Y,Certified
EZYV2246,North America,Bachelor's,Y,N,3081,1893,Northeast,52603.42,Year,Y,Certified
EZYV21908,South America,High School,Y,N,4670,1954,West,118879.59,Year,Y,Denied
EZYV19930,Europe,Master's,Y,N,2138,1991,West,23291.96,Year,Y,Certified
EZYV4332,Asia,Master's,Y,N,2490,1892,Northeast,125457.0,Year,N,Certified
EZYV8334,Asia,Bachelor's,N,N,201,1976,West,243086.94,Year,Y,Certified
EZYV20462,Asia,Bachelor's,N,N,3941,1984,Northeast,229.99,Hour,Y,Denied
EZYV6587,Asia,Bachelor's,N,N,2885,1900,South,793.4325,Hour,Y,Denied
EZYV23356,South America,Master's,N,N,1089,2003,Northeast,20974.13,Year,Y,Denied
EZYV14005,Asia,Bachelor's,N,N,794,2004,South,121924.96,Year,Y,Denied
EZYV9315,Asia,Master's,N,N,199,2006,South,135439.65,Year,N,Certified
EZYV2111,Asia,Doctorate,N,N,1802,1881,South,551.779,Hour,Y,Certified
EZYV2854,Asia,Bachelor's,N,Y,1960,1997,West,38618.71,Year,Y,Denied
EZYV2796,Asia,Master's,Y,N,487,2004,South,81999.94,Year,Y,Certified
EZYV23332,Europe,Master's,Y,N,74,1947,Midwest,104326.54,Week,Y,Certified
EZYV17283,Asia,High School,Y,N,4976,1855,South,57537.48,Year,Y,Certified
EZYV21104,Asia,Bachelor's,Y,N,2112,2009,South,1637.26,Year,Y,Certified
EZYV21396,Europe,Doctorate,N,N,800,1994,Northeast,38352.28,Year,Y,Certified
EZYV17,Europe,Master's,Y,N,76638,1991,Midwest,3706.79,Year,Y,Certified
EZYV5461,Europe,Doctorate,N,N,2163,2014,West,1670.27,Year,Y,Certified
EZYV6782,Asia,Bachelor's,N,Y,67276,2006,South,34676.28,Year,Y,Certified
EZYV4515,Asia,Master's,N,N,3025,2009,South,99796.88,Year,Y,Denied
EZYV21285,North America,Master's,N,N,1801,1998,Midwest,70217.31,Year,Y,Denied
EZYV12320,Asia,Master's,N,N,2263,1963,West,99136.44,Year,Y,Denied
EZYV23547,Europe,Master's,N,Y,415,2011,South,238178.7,Year,Y,Certified
EZYV17354,North America,Bachelor's,Y,N,4698,1999,South,3683.77,Year,Y,Certified
EZYV18431,South America,Master's,N,Y,2139,1987,South,86503.92,Year,Y,Certified
EZYV7963,Asia,Bachelor's,Y,N,2998,1855,South,6193.75,Year,Y,Certified
EZYV13584,North America,Bachelor's,Y,N,3082,2005,South,41927.29,Year,Y,Denied
EZYV21486,North America,Master's,N,N,4934,1979,South,93817.42,Year,Y,Certified
EZYV22926,North America,Bachelor's,Y,N,3460,2008,West,16825.53,Year,Y,Certified
EZYV7628,Asia,Master's,Y,N,4439,1995,West,96637.08,Year,Y,Certified
EZYV5127,Asia,Master's,Y,N,5505,2009,South,72685.78,Year,N,Certified
EZYV8091,North America,Bachelor's,Y,N,2552,1938,Northeast,32542.25,Week,Y,Certified
EZYV4028,Asia,Bachelor's,Y,N,1031,2009,Midwest,112576.25,Year,Y,Certified
EZYV15927,Asia,Master's,N,N,551,1935,South,125.76,Hour,Y,Denied
EZYV2852,South America,Master's,N,N,1848,1961,South,151.7829,Hour,Y,Denied
EZYV21504,Asia,Bachelor's,N,N,1207,1905,Northeast,116374.76,Year,Y,Certified
EZYV3089,Asia,Bachelor's,Y,N,111,1834,South,112953.85,Year,Y,Certified
EZYV13813,Europe,Bachelor's,N,N,2295,1911,West,38038.5,Year,Y,Certified
EZYV9548,Asia,Bachelor's,Y,N,1224,1989,Midwest,19240.85,Year,Y,Certified
EZYV3711,Asia,Bachelor's,Y,N,2533,1936,Midwest,78349.59,Year,Y,Certified
EZYV1936,Asia,Bachelor's,N,N,3449,1998,South,108618.71,Year,Y,Certified
EZYV18368,Asia,High School,N,N,18940,1997,West,59736.2,Year,Y,Denied
EZYV24189,Asia,Master's,Y,N,736,2012,Midwest,133655.7,Year,Y,Certified
EZYV23520,Asia,Master's,Y,N,4572,2011,South,73677.6,Year,Y,Certified
EZYV20969,Asia,Bachelor's,N,N,990,1984,Midwest,172343.56,Year,Y,Certified
EZYV16546,Asia,Master's,Y,N,3901,1996,Northeast,33642.26,Year,Y,Denied
EZYV16622,Asia,Bachelor's,Y,N,4593,2000,South,82328.62,Year,Y,Certified
EZYV412,Europe,High School,N,N,1010,2007,West,27345.68,Year,Y,Denied
EZYV18164,Europe,Master's,Y,N,1516,1839,West,49458.33,Year,Y,Certified
EZYV18201,Asia,High School,N,N,2697,1977,Northeast,730.6864,Hour,Y,Certified
EZYV14939,Asia,Bachelor's,Y,N,3922,2006,Midwest,52463.16,Year,Y,Certified
EZYV8185,North America,Master's,N,Y,1476,1986,Island,98052.59,Year,Y,Denied
EZYV15103,Africa,Master's,Y,N,931,1946,South,30491.96,Year,Y,Certified
EZYV2338,Asia,Master's,N,N,531,1961,South,51433.39,Year,Y,Certified
EZYV21179,North America,High School,Y,N,1970,1958,West,36552.61,Year,Y,Certified
EZYV12550,Asia,Bachelor's,Y,N,1468,2010,Northeast,761.15,Year,Y,Certified
EZYV24561,Asia,Doctorate,Y,Y,129,2007,South,159519.38,Year,Y,Certified
EZYV18154,Asia,Bachelor's,N,N,1659,1900,West,44633.37,Year,Y,Certified
EZYV9590,Asia,Bachelor's,N,N,989,1870,Midwest,99269.3,Year,Y,Certified
EZYV10756,Asia,Bachelor's,N,N,545,2007,Northeast,117232.87,Year,Y,Denied
EZYV715,Asia,Bachelor's,Y,N,1975,1997,Northeast,44233.52,Year,Y,Certified
EZYV12212,Asia,Master's,Y,N,3505,1960,South,180.19,Hour,Y,Certified
EZYV6494,Asia,Bachelor's,Y,N,2871,2009,South,87073.72,Year,Y,Certified
EZYV3422,Asia,Master's,Y,N,57,1998,Midwest,84064.35,Year,Y,Certified
EZYV21055,Asia,Bachelor's,N,N,673,1899,West,123879.29,Year,Y,Denied
EZYV1206,Asia,Doctorate,N,N,2151,2012,Midwest,67828.03,Year,Y,Certified
EZYV24919,Asia,Bachelor's,Y,N,13557,1925,West,88239.13,Year,Y,Denied
EZYV5598,Asia,Bachelor's,Y,N,160,1976,West,20408.29,Year,Y,Certified
EZYV11918,Asia,Bachelor's,Y,N,116,1858,Northeast,451.6964,Hour,Y,Denied
EZYV10518,Asia,Bachelor's,N,Y,2119,2001,West,45537.92,Year,Y,Denied
EZYV21847,Asia,Bachelor's,Y,N,1495,2005,Midwest,85822.84,Year,Y,Certified
EZYV4627,Asia,Bachelor's,Y,N,1248,1940,Northeast,5757.81,Year,Y,Certified
EZYV20368,North America,High School,Y,Y,139,1901,West,157311.27,Year,Y,Certified
EZYV6436,Asia,Bachelor's,Y,N,902,2012,Northeast,74349.52,Year,Y,Certified
EZYV13547,Asia,Bachelor's,N,N,101,2001,South,529.5431,Hour,Y,Certified
EZYV7235,North America,Master's,N,N,997,1912,West,847.4413,Hour,Y,Certified
EZYV16981,Asia,Bachelor's,N,N,1972,1990,South,79637.18,Year,Y,Certified
EZYV19345,Asia,Bachelor's,Y,N,3341,1985,Northeast,60784.45,Year,Y,Certified
EZYV6561,Asia,Doctorate,Y,N,9054,1998,Midwest,77648.66,Year,Y,Certified
EZYV16611,North America,Master's,N,N,526,1977,Midwest,125850.71,Year,N,Certified
EZYV8574,Asia,Master's,N,N,1034,1890,Midwest,78109.56,Year,Y,Certified
EZYV437,Asia,High School,Y,Y,374,1911,West,27132.34,Year,Y,Denied
EZYV1179,North America,Master's,Y,N,1409,2001,South,124682.1,Year,Y,Certified
EZYV23727,Asia,Master's,N,N,1194,1988,West,48750.89,Year,Y,Denied
EZYV9327,South America,Bachelor's,Y,N,3521,2009,South,82044.24,Year,Y,Certified
EZYV11014,Asia,Master's,Y,Y,500,2002,West,87724.74,Year,Y,Certified
EZYV24701,Asia,Doctorate,Y,Y,276,1993,South,80192.2,Year,Y,Certified
EZYV5345,Asia,Doctorate,N,N,3665,1985,Northeast,127771.9,Year,N,Certified
EZYV5874,Europe,Doctorate,N,N,1923,2010,Northeast,92344.07,Year,Y,Certified
EZYV19560,Asia,Bachelor's,Y,N,496,1984,Midwest,58674.46,Year,Y,Certified
EZYV19516,North America,Doctorate,Y,N,652,1999,Northeast,40221.54,Year,Y,Certified
EZYV20492,Europe,Doctorate,Y,N,3314,1977,West,26139.02,Year,Y,Certified
EZYV16647,Asia,Master's,Y,N,1963,2008,West,280521.57,Year,Y,Certified
EZYV6063,Asia,Doctorate,N,N,2977,1994,South,177.8352,Hour,Y,Certified
EZYV11258,Europe,Doctorate,Y,N,4249,2014,Northeast,12299.95,Year,Y,Certified
EZYV21562,Asia,Bachelor's,N,N,3337,1991,West,42560.79,Year,Y,Certified
EZYV24642,North America,Bachelor's,N,N,3425,2005,Northeast,232467.06,Year,Y,Denied
EZYV10284,Asia,Master's,Y,N,641,1984,Midwest,41305.69,Year,Y,Certified
EZYV5747,North America,Master's,Y,N,1962,2007,West,140331.01,Year,N,Certified
EZYV4427,Asia,Bachelor's,Y,N,4097,2010,South,64802.34,Year,Y,Certified
EZYV6473,Asia,High School,Y,N,2394,1960,South,146.48,Hour,Y,Denied
EZYV2810,Asia,Bachelor's,N,N,2897,1999,West,5170.48,Year,Y,Denied
EZYV100,Asia,Master's,N,N,107535,1970,West,159645.51,Year,Y,Denied
EZYV7261,Asia,Master's,Y,N,435,1989,South,81054.85,Year,N,Certified
EZYV21710,Asia,Bachelor's,N,N,3967,1982,Northeast,31326.83,Year,Y,Certified
EZYV391,South America,High School,N,N,1864,1911,Island,137985.25,Year,Y,Denied
EZYV19506,North America,Bachelor's,Y,N,1367,2004,West,57618.79,Week,Y,Denied
EZYV21048,North America,Bachelor's,N,N,3574,2011,West,80366.28,Year,Y,Certified
EZYV20722,Asia,Bachelor's,Y,N,2478,1977,Northeast,38979.42,Year,Y,Certified
EZYV5314,Africa,Master's,Y,N,2598,1885,Northeast,72140.61,Year,Y,Certified
EZYV23495,Asia,Bachelor's,Y,N,3286,1818,Northeast,78352.09,Year,Y,Certified
EZYV24947,South America,Bachelor's,N,N,2397,1985,South,131275.93,Year,N,Certified
EZYV23186,North America,Master's,Y,N,109163,1973,Northeast,22972.06,Year,Y,Certified
EZYV23017,Asia,Bachelor's,Y,N,256,2001,South,47078.91,Year,Y,Denied
EZYV4645,Asia,Master's,N,N,4462,2000,Midwest,143328.88,Year,Y,Denied
EZYV3530,Asia,Master's,Y,N,2861,1968,South,97906.72,Year,N,Certified
EZYV5014,Asia,Bachelor's,Y,N,2665,1997,West,66561.93,Year,Y,Denied
EZYV11513,Asia,High School,N,Y,852,1999,South,111233.22,Year,Y,Denied
EZYV21895,Asia,Master's,Y,N,3316,2001,West,42126.0,Year,Y,Certified
EZYV19242,North America,Bachelor's,Y,N,3130,1855,Northeast,593.5478,Hour,Y,Denied
EZYV2730,Asia,High School,Y,N,1250,2006,South,21930.08,Year,Y,Denied
EZYV8343,Europe,Master's,N,Y,667,1998,Northeast,92705.11,Year,Y,Certified
EZYV14994,Asia,Bachelor's,Y,N,4255,2001,West,43594.41,Year,Y,Certified
EZYV24415,Europe,Bachelor's,N,Y,10004,1971,South,88113.67,Year,Y,Certified
EZYV17009,Europe,Master's,N,N,864,1986,South,40056.82,Year,Y,Certified
EZYV10632,Asia,Master's,N,Y,3340,2005,South,59774.48,Year,Y,Certified
EZYV6350,Asia,Bachelor's,Y,N,951,2006,South,19230.96,Year,Y,Certified
EZYV7749,Asia,High School,Y,N,1140,1996,Midwest,49900.2,Year,Y,Denied
EZYV8575,Asia,Bachelor's,N,N,563,2011,South,766.8536,Hour,Y,Denied
EZYV17065,Asia,Bachelor's,Y,N,1782,1958,West,111398.2,Year,Y,Denied
EZYV9468,Asia,Master's,N,N,4896,1984,South,160820.42,Year,N,Certified
EZYV22945,Asia,Master's,Y,N,3109,1998,Northeast,120742.51,Year,N,Certified
EZYV20931,Asia,Master's,N,N,2373,1992,Midwest,32197.86,Year,Y,Certified
EZYV14385,Asia,Bachelor's,N,N,971,2009,South,130409.82,Year,Y,Certified
EZYV21050,Asia,Bachelor's,Y,N,3705,2000,Northeast,132074.35,Year,Y,Certified
EZYV5752,Asia,High School,Y,N,3488,1994,West,63678.9,Year,Y,Denied
EZYV7521,North America,Bachelor's,Y,N,372,2014,West,323.7899,Hour,Y,Certified
EZYV9136,Asia,Bachelor's,Y,N,4755,1993,Northeast,2134.78,Year,Y,Denied
EZYV20227,Asia,High School,N,N,3130,1946,Midwest,111066.9,Year,Y,Certified
EZYV19086,Asia,Bachelor's,N,N,3211,1871,Midwest,40566.89,Year,Y,Certified
EZYV2751,Asia,High School,Y,N,2916,2006,Midwest,107979.79,Year,Y,Denied
EZYV11108,North America,Bachelor's,N,N,306,1989,West,112461.1,Year,Y,Certified
EZYV1275,Asia,Master's,Y,N,2632,2006,Midwest,68463.9,Year,N,Certified
EZYV8730,Asia,Bachelor's,N,N,3473,1987,Northeast,527.0549,Hour,Y,Denied
EZYV3642,Asia,Bachelor's,N,N,1961,1998,South,91831.89,Year,Y,Denied
EZYV22885,Asia,High School,Y,N,1659,1988,West,1473.16,Year,N,Denied
EZYV23373,Asia,Master's,Y,Y,2002,1993,South,216352.63,Year,Y,Certified
EZYV24512,Asia,Master's,Y,N,2440,1997,South,16209.55,Year,Y,Certified
EZYV23091,Africa,Bachelor's,N,N,2350,1928,Midwest,92875.28,Year,Y,Certified
EZYV11012,Asia,Master's,N,N,235,2007,South,377.4307,Hour,Y,Denied
EZYV17429,Europe,Master's,Y,N,3076,1978,South,56150.67,Year,Y,Certified
EZYV19416,Europe,Doctorate,N,Y,1976,1995,South,41308.47,Year,Y,Certified
EZYV17920,Europe,Master's,Y,N,768,2013,South,83415.56,Year,Y,Certified
EZYV10180,Asia,Bachelor's,N,N,2231,1996,Midwest,55681.06,Year,Y,Certified
EZYV23619,Asia,Bachelor's,Y,N,5328,2005,South,64136.68,Year,Y,Certified
EZYV12080,Asia,High School,Y,N,79,1874,South,102719.92,Year,Y,Denied
EZYV8725,Asia,Bachelor's,Y,N,3234,1968,West,38646.03,Year,Y,Certified
EZYV11515,Asia,Master's,N,N,163,2010,South,127480.33,Year,Y,Certified
EZYV21596,Asia,Master's,Y,N,2549,1911,West,74414.81,Year,Y,Certified
EZYV1932,Europe,Bachelor's,Y,N,65092,2001,Midwest,68952.73,Year,Y,Certified
EZYV12091,Asia,Bachelor's,Y,N,777,1979,West,128694.12,Year,Y,Denied
EZYV18250,Asia,Bachelor's,N,N,33,1995,West,140586.52,Year,Y,Certified
EZYV10235,Asia,Master's,Y,N,30441,1997,West,93918.51,Year,Y,Certified
EZYV5173,North America,Bachelor's,Y,N,3778,2010,Northeast,48782.02,Year,Y,Denied
EZYV11152,Asia,Bachelor's,Y,N,4463,1989,South,187052.55,Year,Y,Certified
EZYV707,Asia,Bachelor's,Y,N,1223,1885,West,60065.95,Year,Y,Certified
EZYV10270,North America,Master's,N,N,268,2000,South,158852.25,Year,N,Certified
EZYV17988,Asia,Master's,Y,N,2209,2000,South,107.1327,Hour,Y,Denied
EZYV12725,Asia,High School,Y,N,2836,1926,Midwest,81898.81,Year,Y,Denied
EZYV16200,Asia,Bachelor's,Y,N,93,1999,West,71995.63,Year,Y,Denied
EZYV11255,Europe,Master's,N,N,81,1982,West,100195.89,Year,Y,Certified
EZYV21222,Asia,Bachelor's,N,N,833,1982,South,143768.97,Year,Y,Certified
EZYV5298,Asia,Bachelor's,Y,N,1561,1981,Island,85567.54,Year,Y,Certified
EZYV8134,Asia,Master's,N,N,1275,1873,South,127425.43,Year,N,Certified
EZYV18042,Asia,High School,N,N,2454,1963,Midwest,390.8642,Hour,Y,Denied
EZYV18093,Europe,Master's,Y,N,3995,1994,West,4361.93,Year,Y,Certified
EZYV11562,Asia,Bachelor's,Y,N,1536,1865,West,56938.64,Year,Y,Denied
EZYV15969,Asia,Bachelor's,Y,N,3478,1998,Midwest,138141.06,Year,N,Certified
EZYV8573,Asia,Bachelor's,Y,N,2548,1998,South,108.47,Hour,Y,Certified
EZYV19208,Asia,Master's,N,N,1570,2008,Midwest,86060.21,Year,N,Certified
EZYV1656,Europe,Bachelor's,Y,Y,4702,2013,South,125908.42,Year,Y,Certified
EZYV20661,North America,Bachelor's,N,Y,506,1998,Midwest,76436.68,Year,Y,Certified
EZYV3591,Asia,High School,N,N,2445,2005,South,316.8972,Hour,Y,Denied
EZYV8910,Asia,Master's,Y,N,3148,2001,West,883.815,Hour,Y,Certified
EZYV19186,Asia,High School,Y,N,2983,2005,Northeast,59079.03,Year,Y,Certified
EZYV17159,Asia,Master's,N,Y,3106,1851,West,62206.21,Year,Y,Certified
EZYV15558,Asia,Bachelor's,Y,N,6037,1963,South,16924.09,Year,Y,Certified
EZYV6907,North America,Doctorate,Y,Y,2052,1996,Midwest,70420.68,Year,Y,Certified
EZYV21827,Asia,Master's,N,N,2154,1986,Northeast,95933.15,Year,Y,Denied
EZYV8870,North America,Bachelor's,Y,N,4659,2008,Midwest,126721.77,Year,N,Certified
EZYV22570,South America,Bachelor's,Y,N,3457,1961,Midwest,107666.02,Year,Y,Certified
EZYV20236,Asia,Master's,N,N,2008,2013,Northeast,958.665,Hour,Y,Denied
EZYV16792,Asia,Bachelor's,Y,N,305,1962,West,688.7327,Hour,Y,Certified
EZYV14806,Europe,Doctorate,Y,N,3100,2006,Northeast,10166.98,Year,Y,Certified
EZYV4282,North America,Master's,N,N,3032,1960,West,66903.34,Year,Y,Denied
EZYV5002,Asia,Bachelor's,Y,N,1630,2013,West,115977.83,Year,Y,Denied
EZYV13544,Europe,Doctorate,N,Y,6139,1997,Northeast,34342.21,Year,Y,Certified
EZYV14185,Asia,Bachelor's,Y,N,1580,2005,Midwest,52951.85,Year,Y,Certified
EZYV16584,Asia,High School,N,N,132,2001,West,71732.43,Year,Y,Denied
EZYV19404,South America,High School,Y,Y,64,1996,Northeast,96560.28,Week,Y,Denied
EZYV7584,South America,Master's,Y,N,4820,1985,Northeast,246806.65,Year,N,Certified
EZYV18271,Asia,Doctorate,Y,Y,29,1997,South,24701.48,Year,Y,Certified
EZYV13852,Asia,Master's,N,N,4714,1978,Northeast,805.4517,Hour,Y,Denied
EZYV9387,North America,High School,Y,N,698,2005,Northeast,104100.83,Year,Y,Denied
EZYV18701,Asia,High School,Y,N,2539,1946,Midwest,153522.34,Year,Y,Certified
EZYV19920,Asia,Bachelor's,Y,N,1518,1981,Northeast,108115.85,Year,Y,Certified
EZYV23517,Asia,Bachelor's,Y,N,2879,2010,West,94941.03,Year,Y,Denied
EZYV10275,Asia,Master's,N,N,2365,1985,Midwest,146810.57,Year,Y,Denied
EZYV6391,North America,Bachelor's,Y,N,134,1989,West,105757.56,Year,Y,Certified
EZYV15358,Europe,High School,Y,Y,4966,1902,West,8312.3,Year,Y,Denied
EZYV7850,North America,Master's,Y,N,692,1993,South,106036.77,Year,N,Denied
EZYV14149,Africa,Master's,N,N,2691,2011,South,104253.66,Year,Y,Certified
EZYV8329,Asia,Bachelor's,Y,N,758,2005,South,240193.11,Year,Y,Certified
EZYV17806,Asia,Master's,N,N,2750,2012,West,78994.7,Year,Y,Denied
EZYV19873,Asia,Master's,Y,N,1875,1999,South,82423.51,Year,N,Certified
EZYV24285,Europe,Bachelor's,Y,N,5760,1838,South,18947.12,Year,Y,Certified
EZYV21038,Asia,Bachelor's,Y,N,550,1993,Northeast,53855.08,Year,Y,Certified
EZYV22108,North America,Bachelor's,Y,N,1550,2000,West,81140.77,Year,N,Certified
EZYV15921,Asia,Master's,Y,N,3123,1981,Northeast,42808.88,Year,Y,Certified
EZYV24936,Asia,High School,N,N,491,1987,Midwest,60320.99,Year,Y,Certified
EZYV14960,Europe,Doctorate,N,N,1543,2012,Northeast,31526.14,Year,Y,Certified
EZYV9743,North America,Master's,N,N,2127,1939,South,27760.72,Year,Y,Certified
EZYV24775,South America,Bachelor's,Y,N,30916,1944,Northeast,20672.45,Year,Y,Certified
EZYV12112,Asia,Master's,N,N,4170,1998,Northeast,110907.55,Year,Y,Denied
EZYV5650,North America,High School,Y,N,4937,2004,West,19499.73,Year,N,Certified
EZYV2763,Asia,Bachelor's,Y,N,1278,1924,West,76553.04,Week,Y,Certified
EZYV12066,Asia,Master's,Y,N,1274,2004,Midwest,114877.13,Year,Y,Certified
EZYV6713,Asia,Master's,Y,N,24139,2008,Midwest,110652.72,Year,Y,Certified
EZYV15539,Europe,High School,Y,N,1458,1900,Northeast,22071.01,Year,Y,Denied
EZYV12889,Asia,Bachelor's,Y,N,3202,2006,Northeast,37950.83,Year,Y,Certified
EZYV1996,Europe,Bachelor's,N,N,4066,1996,South,54816.41,Year,Y,Certified
EZYV17181,Asia,Bachelor's,Y,N,1083,2007,South,204910.46,Year,Y,Certified
EZYV23917,North America,Bachelor's,N,N,672,2013,South,12759.7,Year,Y,Certified
EZYV22100,Asia,Master's,Y,N,4345,1989,South,60048.45,Year,N,Certified
EZYV24374,Africa,Bachelor's,Y,N,324,1916,Northeast,334.0798,Hour,Y,Certified
EZYV16709,Europe,Bachelor's,N,N,2484,1986,South,19050.75,Year,Y,Certified
EZYV577,Asia,Master's,Y,N,2721,1997,Midwest,101026.39,Year,Y,Certified
EZYV8650,Asia,Bachelor's,Y,N,2834,1999,Northeast,23613.52,Year,Y,Certified
EZYV3438,Asia,Bachelor's,Y,N,387,1998,West,89679.18,Year,Y,Certified
EZYV3843,South America,Bachelor's,Y,N,25914,2004,South,806.2222,Hour,Y,Denied
EZYV11456,Asia,Bachelor's,N,N,4138,1990,West,104054.92,Year,Y,Certified
EZYV787,Asia,Master's,Y,N,4403,1988,Midwest,33645.75,Year,Y,Certified
EZYV10893,Europe,Bachelor's,Y,N,1400,1837,West,43057.14,Year,Y,Denied
EZYV13605,Asia,Bachelor's,Y,N,5057,2006,Northeast,83313.83,Year,Y,Certified
EZYV18725,Asia,Bachelor's,N,N,3834,2011,Island,53794.56,Year,Y,Certified
EZYV23551,Europe,Bachelor's,Y,Y,1367,1997,South,106455.88,Year,Y,Certified
EZYV14739,Asia,Bachelor's,Y,N,1793,2011,West,57644.02,Year,Y,Denied
EZYV337,Europe,Doctorate,N,N,186,1991,West,16551.46,Year,Y,Certified
EZYV10544,Asia,High School,Y,N,3575,2013,Midwest,37673.4,Year,Y,Denied
EZYV22062,Asia,Master's,Y,N,5107,2000,Northeast,59841.28,Year,Y,Denied
EZYV14222,Asia,Master's,N,Y,1158,2000,Northeast,124925.02,Year,N,Denied
EZYV2564,Asia,Bachelor's,Y,N,1460,1998,South,28055.46,Year,Y,Certified
EZYV14458,Africa,Master's,Y,N,158,2003,West,119751.33,Year,Y,Certified
EZYV25132,Asia,Master's,Y,N,1302,1952,South,37507.75,Year,Y,Certified
EZYV17218,Asia,Bachelor's,Y,N,454,2013,Northeast,922.2131,Hour,Y,Certified
EZYV8532,Asia,Master's,Y,N,780,2007,South,13963.55,Year,Y,Certified
EZYV22566,North America,High School,Y,Y,305,1821,West,72306.84,Year,Y,Denied
EZYV10607,Asia,Bachelor's,Y,N,3649,2005,Northeast,26349.42,Year,Y,Certified
EZYV6041,Asia,Bachelor's,N,N,3235,1988,Northeast,207753.26,Year,Y,Certified
EZYV9158,Asia,Bachelor's,N,N,3203,1850,South,124587.31,Year,Y,Certified
EZYV20161,Asia,High School,N,N,2364,1968,West,96013.98,Year,Y,Denied
EZYV24470,Asia,Bachelor's,N,N,1905,1984,Midwest,87528.16,Year,Y,Certified
EZYV16264,South America,Bachelor's,N,Y,1110,1981,Northeast,67912.46,Year,Y,Certified
EZYV11462,Asia,Bachelor's,N,N,82,2001,West,61386.2,Year,Y,Certified
EZYV13455,Asia,Master's,Y,N,34236,1996,West,135166.6,Year,N,Denied
EZYV8075,North America,Master's,Y,Y,1235,1974,South,15895.79,Year,Y,Certified
EZYV3135,Asia,High School,Y,N,57,1993,Northeast,596.2339,Hour,Y,Denied
EZYV3011,Asia,Bachelor's,Y,N,3244,1946,South,140268.39,Year,Y,Certified
EZYV19893,Asia,Bachelor's,Y,N,1887,2002,South,35372.55,Year,Y,Certified
EZYV17064,North America,Doctorate,N,Y,23048,1889,South,140336.31,Year,Y,Certified
EZYV10727,Asia,Bachelor's,Y,N,612,1999,Northeast,13784.14,Year,Y,Denied
EZYV14605,Europe,Bachelor's,Y,N,2455,1969,Northeast,108609.91,Year,Y,Certified
EZYV3531,Asia,High School,Y,N,588,1939,Midwest,101642.39,Year,Y,Denied
EZYV22658,Asia,Master's,N,N,4312,2007,Midwest,112277.97,Year,N,Denied
EZYV8589,Asia,Master's,Y,N,1956,2012,West,27426.08,Year,Y,Certified
EZYV5810,Asia,Master's,Y,N,978,1990,Midwest,79374.96,Year,Y,Certified
EZYV6891,Europe,Doctorate,Y,Y,28350,1989,South,101874.51,Year,Y,Certified
EZYV3665,South America,Master's,N,N,936,1859,South,52560.4,Year,Y,Denied
EZYV20701,Asia,Bachelor's,N,N,1572,2003,Northeast,6887.1,Year,N,Denied
EZYV886,South America,Bachelor's,Y,N,2448,1991,Northeast,86070.87,Year,Y,Denied
EZYV12639,Asia,High School,Y,N,1890,1998,West,91748.62,Year,Y,Denied
EZYV509,Asia,Bachelor's,Y,N,1446,2007,South,19311.82,Year,Y,Certified
EZYV5387,North America,Bachelor's,Y,N,3196,1893,Northeast,64853.83,Year,N,Denied
EZYV7795,Asia,Master's,N,N,3233,2012,Midwest,117472.45,Year,Y,Certified
EZYV13522,Asia,Master's,Y,N,2221,2006,Northeast,152965.03,Year,Y,Certified
EZYV23707,Asia,Master's,Y,N,1506,2004,South,87728.95,Year,N,Certified
EZYV363,South America,Bachelor's,Y,N,1837,1898,South,227.1764,Hour,Y,Certified
EZYV9302,Asia,Bachelor's,N,Y,1194,2012,South,29667.71,Year,Y,Denied
EZYV9523,Asia,Bachelor's,Y,N,1807,1992,West,145695.83,Year,Y,Certified
EZYV21334,Asia,High School,Y,N,3412,2001,Northeast,87776.15,Year,Y,Denied
EZYV2313,Asia,Bachelor's,N,N,2327,1969,South,40372.29,Year,Y,Certified
EZYV1617,Asia,Master's,Y,N,4377,1998,South,91823.17,Year,Y,Certified
EZYV12123,Europe,Bachelor's,N,Y,4546,2005,South,115325.02,Year,Y,Certified
EZYV12951,Asia,Master's,Y,N,3920,2005,South,127452.13,Year,Y,Certified
EZYV9491,Europe,Bachelor's,Y,N,2855,2013,West,35298.8,Year,Y,Certified
EZYV3420,Asia,Bachelor's,N,Y,5077,1963,Northeast,33416.27,Year,Y,Denied
EZYV1249,Asia,Master's,Y,Y,614,1991,West,1893.75,Year,Y,Certified
EZYV22834,Asia,High School,Y,N,851,1974,Northeast,59155.72,Year,Y,Denied
EZYV21806,Asia,Master's,N,N,3182,2001,Northeast,516.8146,Hour,Y,Denied
EZYV5798,South America,Doctorate,N,N,2328,2006,West,100137.54,Year,Y,Certified
EZYV18764,Asia,High School,Y,Y,342,1995,South,135028.39,Year,Y,Certified
EZYV1590,Asia,Bachelor's,N,N,1100,1918,South,167582.25,Week,Y,Certified
EZYV14769,Asia,Doctorate,Y,N,6042,2004,Northeast,69139.87,Year,Y,Certified
EZYV23165,Europe,Master's,Y,Y,4469,2006,South,14500.71,Year,Y,Certified
EZYV14069,Asia,Master's,N,N,290,1979,West,111472.38,Year,N,Certified
EZYV18353,Europe,Master's,N,N,1702,1953,West,127.89,Year,Y,Certified
EZYV15391,Asia,Master's,Y,N,2036,2014,West,74452.46,Year,N,Certified
EZYV1567,Asia,High School,N,N,34673,1981,Midwest,104526.55,Year,Y,Certified
EZYV15911,Asia,Master's,N,N,3607,1999,Midwest,139223.17,Year,Y,Certified
EZYV21725,North America,Master's,Y,N,1295,2008,Northeast,104167.08,Week,Y,Certified
EZYV10812,Europe,Bachelor's,Y,N,5312,1999,West,40063.69,Year,Y,Certified
EZYV10125,North America,Master's,Y,N,1437,2004,South,82151.7,Year,Y,Certified
EZYV3104,Asia,Master's,Y,N,3214,1838,Northeast,45880.68,Year,Y,Certified
EZYV974,Asia,Master's,Y,N,4589,1985,Midwest,81132.15,Year,Y,Certified
EZYV21081,Asia,Master's,N,N,216,2003,Northeast,92660.44,Year,N,Certified
EZYV5110,Asia,Master's,N,N,541,2006,South,142259.73,Year,N,Certified
EZYV8297,Asia,Bachelor's,Y,N,968,2007,South,558.5524,Hour,Y,Certified
EZYV14273,Asia,Bachelor's,Y,N,2469,1854,South,64063.53,Year,N,Certified
EZYV16876,Asia,Master's,N,N,3254,1982,Northeast,89439.58,Year,N,Certified
EZYV506,Asia,Master's,Y,N,2822,1911,South,98263.2,Year,Y,Certified
EZYV3906,North America,Master's,Y,N,4568,2014,South,28599.49,Year,Y,Certified
EZYV4856,North America,Master's,N,N,2557,1985,Midwest,129615.66,Year,N,Certified
EZYV11653,Asia,Bachelor's,N,N,1538,1969,West,80496.17,Year,Y,Denied
EZYV2268,North America,High School,Y,N,1023,1977,West,1437.99,Year,Y,Certified
EZYV1818,Europe,High School,Y,Y,1248,1999,South,35866.23,Year,Y,Certified
EZYV24248,North America,Bachelor's,N,N,1023,1988,Midwest,527.2486,Hour,Y,Denied
EZYV20626,North America,High School,N,N,87661,2000,West,844.7739,Hour,Y,Certified
EZYV17584,Asia,Doctorate,Y,N,1991,1910,South,112096.79,Year,Y,Certified
EZYV5934,Asia,Bachelor's,Y,N,3488,1994,West,47080.83,Year,Y,Certified
EZYV18311,Asia,High School,Y,N,332,1993,Northeast,247.3649,Hour,Y,Denied
EZYV21495,Asia,Master's,N,N,4143,1930,Midwest,89887.02,Year,N,Certified
EZYV689,Asia,Bachelor's,N,N,677,1989,South,110050.54,Year,Y,Certified
EZYV15158,Asia,Doctorate,N,N,1096,2001,West,139482.71,Year,Y,Certified
EZYV5536,Asia,Master's,N,N,1674,2009,Midwest,56137.95,Year,Y,Certified
EZYV5204,Asia,Bachelor's,N,N,1042,1979,West,109059.84,Year,N,Denied
EZYV17874,Asia,Master's,Y,N,685,1996,Midwest,99713.57,Year,Y,Certified
EZYV11877,Asia,Master's,N,N,4411,1979,South,29641.93,Year,Y,Denied
EZYV5300,Asia,Master's,Y,N,325,2000,Northeast,36420.92,Year,Y,Certified
EZYV19201,Africa,Master's,Y,N,2491,1925,Northeast,32465.54,Year,N,Certified
EZYV22647,Europe,High School,Y,N,1581,2002,South,51369.48,Week,Y,Certified
EZYV24159,North America,Bachelor's,N,N,453,2002,South,115570.99,Year,Y,Certified
EZYV608,Asia,Bachelor's,N,N,2845,2004,South,671.4491,Hour,Y,Certified
EZYV21151,North America,Bachelor's,Y,N,2403,1990,Northeast,136911.13,Year,Y,Denied
EZYV18306,Asia,Bachelor's,N,N,91,1980,Northeast,74455.43,Year,Y,Certified
EZYV14236,Asia,Bachelor's,Y,N,57,1995,Northeast,66857.55,Year,Y,Denied
EZYV4690,Europe,Bachelor's,Y,N,67296,1980,West,31531.19,Year,Y,Certified
EZYV9163,Europe,Master's,N,N,108583,1886,Northeast,59438.61,Year,Y,Certified
EZYV9699,Europe,Bachelor's,Y,N,1950,2005,Midwest,31538.0,Year,Y,Denied
EZYV7772,North America,Master's,Y,N,6034,2010,Northeast,41765.02,Year,Y,Certified
EZYV4049,North America,Master's,Y,N,3246,2008,Northeast,102270.24,Year,N,Denied
EZYV24312,Asia,Bachelor's,Y,N,3667,1998,West,113396.72,Year,Y,Certified
EZYV21763,Asia,Bachelor's,N,N,1703,1985,Northeast,770.5779,Hour,Y,Denied
EZYV8541,Europe,Bachelor's,Y,N,1157,1999,Midwest,46579.45,Year,Y,Certified
EZYV5901,North America,Master's,N,N,4554,1999,Northeast,79313.36,Year,N,Certified
EZYV20747,Asia,Master's,N,N,715,1998,Midwest,54780.08,Year,Y,Certified
EZYV10208,Europe,Doctorate,Y,N,2406,1997,South,15345.52,Year,Y,Certified
EZYV13686,Asia,Master's,Y,N,3909,2008,Midwest,125403.09,Year,Y,Certified
EZYV23012,Asia,Master's,Y,N,1358,2012,Midwest,54348.08,Year,Y,Certified
EZYV5278,Asia,Bachelor's,Y,N,95,1998,West,33302.76,Year,Y,Denied
EZYV12400,South America,Bachelor's,Y,N,2949,2004,Northeast,99357.09,Year,N,Denied
EZYV17677,Asia,Master's,N,N,3669,2004,West,86136.52,Year,Y,Certified
EZYV709,Oceania,Bachelor's,N,N,3227,1928,Midwest,92422.74,Year,Y,Certified
EZYV13801,Asia,Master's,N,N,1687,1997,Northeast,840.2316,Hour,Y,Denied
EZYV12127,Asia,Bachelor's,N,N,3259,1994,Northeast,541.2883,Hour,Y,Denied
EZYV11944,Asia,Bachelor's,N,N,514,1855,Northeast,25886.61,Year,Y,Denied
EZYV13515,Asia,High School,Y,N,2541,1971,Northeast,104081.09,Year,Y,Denied
EZYV24817,Asia,Master's,Y,N,2079,1986,Midwest,134752.84,Year,Y,Certified
EZYV21128,Asia,High School,N,N,671,1998,Northeast,27294.38,Year,Y,Denied
EZYV21645,Asia,Master's,N,N,2926,2009,Northeast,107197.59,Year,N,Certified
EZYV6363,Asia,High School,N,N,1535,1809,Northeast,69594.35,Year,Y,Denied
EZYV1272,Asia,Bachelor's,Y,N,7106,1989,West,180284.35,Year,Y,Certified
EZYV19262,Asia,Bachelor's,N,N,2417,2000,Midwest,211270.73,Year,Y,Certified
EZYV12170,North America,Master's,N,N,1794,1929,Midwest,102385.39,Year,Y,Certified
EZYV14275,Asia,High School,N,N,5176,1985,Northeast,569.3517,Hour,Y,Denied
EZYV18027,Europe,Bachelor's,Y,N,2774,1911,West,15244.31,Year,Y,Certified
EZYV25335,North America,Master's,Y,N,2089,2014,Northeast,27729.43,Year,Y,Certified
EZYV14640,South America,Bachelor's,Y,N,42444,2010,Midwest,14581.15,Year,Y,Certified
EZYV3618,Europe,Bachelor's,N,N,4999,2010,West,19234.84,Year,Y,Certified
EZYV7689,North America,Bachelor's,Y,N,1318,2010,South,63923.95,Year,Y,Certified
EZYV4773,Asia,Bachelor's,Y,N,1837,2000,Midwest,5864.77,Year,Y,Certified
EZYV24110,Asia,Doctorate,Y,Y,1657,2006,West,51157.34,Year,Y,Certified
EZYV7603,Asia,Bachelor's,Y,N,3323,1968,Northeast,225816.56,Year,Y,Certified
EZYV16585,Asia,Master's,Y,N,3927,1995,South,85494.48,Year,Y,Certified
EZYV21171,Asia,Master's,Y,N,1963,1996,Midwest,111.59,Hour,Y,Certified
EZYV17740,Asia,Doctorate,Y,N,2799,1999,Northeast,13671.18,Year,Y,Certified
EZYV16435,Europe,Master's,N,N,496,2010,West,23522.69,Year,Y,Certified
EZYV4699,Asia,High School,Y,N,945,1998,Northeast,72030.98,Year,Y,Denied
EZYV23362,South America,Bachelor's,Y,Y,2258,1999,Midwest,102995.05,Year,Y,Certified
EZYV5047,Europe,Bachelor's,Y,N,882,2012,Northeast,69771.62,Year,Y,Certified
EZYV23527,Asia,High School,Y,Y,411,2010,Northeast,177127.12,Year,Y,Certified
EZYV21031,Europe,Doctorate,Y,N,3372,2010,Northeast,33041.91,Year,Y,Certified
EZYV22665,North America,Bachelor's,N,N,4330,2003,Midwest,117127.15,Year,N,Certified
EZYV955,Asia,Bachelor's,N,Y,1913,2013,South,74635.08,Year,Y,Certified
EZYV12150,Asia,Master's,N,N,5056,2011,South,32762.03,Year,Y,Certified
EZYV21968,South America,Doctorate,Y,N,903,1979,West,16491.08,Year,Y,Certified
EZYV18461,Asia,Master's,N,N,542,2001,Midwest,67187.75,Year,N,Certified
EZYV21042,Asia,Bachelor's,Y,N,928,1995,South,421.8327,Hour,Y,Denied
EZYV14959,Asia,Bachelor's,N,N,478,2000,South,153040.93,Year,Y,Certified
EZYV18636,North America,Master's,Y,N,3819,1977,Northeast,86371.84,Year,Y,Denied
EZYV23051,Asia,Master's,N,N,247,1985,Northeast,85265.45,Year,Y,Denied
EZYV5339,Asia,High School,Y,N,1450,1888,West,4108.42,Year,Y,Denied
EZYV759,Europe,Doctorate,Y,N,1583,2004,West,170788.78,Year,Y,Certified
EZYV462,North America,Bachelor's,N,Y,2999,2006,South,172504.71,Year,Y,Certified
EZYV23460,North America,Doctorate,Y,N,64,2005,Northeast,96.0576,Hour,Y,Denied
EZYV3396,Asia,Bachelor's,N,N,46537,1986,West,105469.98,Year,Y,Denied
EZYV18887,Asia,Bachelor's,N,N,1981,1946,Northeast,98817.25,Year,Y,Certified
EZYV12414,Europe,Bachelor's,Y,N,2283,1994,South,97214.72,Year,Y,Certified
EZYV9684,Asia,Bachelor's,Y,N,166,1984,Midwest,43711.24,Year,Y,Denied
EZYV7255,Oceania,Bachelor's,N,N,167,2006,Midwest,160556.2,Year,Y,Denied
EZYV11327,Europe,Master's,N,N,3431,1912,West,53512.88,Year,Y,Denied
EZYV18712,Asia,Master's,N,N,387,2005,West,134240.17,Year,Y,Certified
EZYV14863,Asia,Master's,Y,N,2316,2008,Northeast,56721.39,Year,Y,Certified
EZYV3656,Asia,High School,Y,N,1036,1998,Midwest,112855.27,Year,Y,Denied
EZYV7840,Europe,Master's,N,N,1599,1858,West,8799.46,Year,Y,Certified
EZYV4479,Asia,Master's,Y,N,5991,1976,South,104330.04,Year,Y,Certified
EZYV6727,Asia,Bachelor's,N,Y,287,2005,South,72125.46,Year,Y,Certified
EZYV18169,North America,Master's,Y,N,2924,1968,Northeast,78982.26,Year,Y,Denied
EZYV20789,Asia,Master's,Y,N,2589,1946,Northeast,73895.14,Year,N,Certified
EZYV10849,Asia,Bachelor's,N,N,5210,1966,West,73056.2,Year,Y,Certified
EZYV11655,Asia,Bachelor's,Y,N,1526,2013,West,7857.19,Year,Y,Certified
EZYV20686,Asia,Master's,Y,Y,810,2007,West,110417.9,Year,Y,Certified
EZYV14740,Europe,Bachelor's,N,N,2504,1998,South,127260.07,Year,Y,Denied
EZYV1564,Asia,High School,N,N,1267,1947,Midwest,91757.45,Year,Y,Certified
EZYV13996,Asia,Master's,Y,N,2025,1965,Midwest,50175.28,Year,Y,Certified
EZYV11639,Asia,Bachelor's,Y,N,1428,2010,Northeast,77252.41,Year,Y,Denied
EZYV4452,Asia,Bachelor's,N,N,741,2009,Midwest,62914.53,Year,Y,Denied
EZYV22625,Asia,Bachelor's,N,N,1475,1999,Northeast,692.6452,Hour,Y,Certified
EZYV13133,Europe,Bachelor's,Y,N,722,1989,South,81815.94,Year,N,Certified
EZYV1262,Asia,Master's,N,Y,3405,2014,South,53826.46,Year,Y,Certified
EZYV16755,Europe,Master's,Y,N,1656,2005,West,49498.33,Year,Y,Certified
EZYV5630,Africa,Master's,Y,N,5678,1998,West,52047.0,Year,Y,Certified
EZYV25186,South America,High School,N,N,4785,1984,Midwest,74839.57,Year,Y,Denied
EZYV8983,Asia,Doctorate,Y,N,82845,2006,Northeast,140986.67,Year,Y,Certified
EZYV8190,Asia,Bachelor's,Y,N,131192,1962,South,62961.8,Year,Y,Certified
EZYV18148,Europe,Doctorate,N,N,3618,1987,South,44389.03,Year,Y,Certified
EZYV21455,Asia,Bachelor's,N,N,1599,1885,West,30204.96,Year,Y,Certified
EZYV22520,Asia,Master's,Y,N,2225,2004,Midwest,123984.95,Year,Y,Certified
EZYV12326,Asia,Bachelor's,N,N,3963,2006,Northeast,94584.84,Year,Y,Certified
EZYV18663,Asia,Master's,N,N,5408,1920,West,97411.2,Year,Y,Denied
EZYV24891,North America,High School,N,N,5160,1997,Northeast,85268.09,Year,N,Denied
EZYV24619,Asia,Master's,N,N,6109,1985,South,77170.45,Year,N,Certified
EZYV1816,Asia,Master's,N,N,4246,2006,West,33040.58,Year,Y,Denied
EZYV697,North America,Master's,Y,Y,2963,1885,Northeast,143188.4,Year,Y,Certified
EZYV12209,North America,High School,N,N,88234,1971,Northeast,73237.71,Year,Y,Denied
EZYV1415,Asia,Bachelor's,Y,Y,1948,2007,Northeast,146066.41,Year,Y,Certified
EZYV11148,Asia,Doctorate,N,N,3446,1902,Northeast,19796.55,Year,Y,Certified
EZYV18916,Asia,Bachelor's,Y,N,4189,1998,Northeast,38689.83,Year,Y,Certified
EZYV252,Europe,Doctorate,N,Y,2223,2013,West,120148.75,Year,Y,Certified
EZYV16296,South America,Bachelor's,Y,N,650,1948,South,33000.75,Year,Y,Certified
EZYV4606,Asia,High School,N,N,197,2006,Midwest,35642.79,Year,Y,Denied
EZYV2253,Asia,Master's,Y,N,4916,2004,West,42032.03,Year,Y,Certified
EZYV24330,Asia,Bachelor's,Y,N,12907,1980,Midwest,149286.75,Week,Y,Denied
EZYV19939,Asia,High School,N,Y,83098,1972,South,143561.24,Year,Y,Certified
EZYV11244,Asia,Doctorate,N,N,3361,2003,South,369.6246,Hour,Y,Certified
EZYV5240,Asia,Bachelor's,Y,N,61191,2015,West,86234.01,Year,Y,Certified
EZYV12351,Asia,Master's,N,N,1610,2011,Midwest,40503.76,Year,Y,Certified
EZYV22297,North America,Master's,N,N,3714,1965,Northeast,71753.64,Year,N,Certified
EZYV10257,Asia,High School,Y,N,3022,1839,South,57516.01,Year,Y,Denied
EZYV6640,Asia,Bachelor's,N,N,2738,1994,Northeast,34883.95,Year,Y,Certified
EZYV15037,North America,Master's,Y,N,1913,2005,Northeast,72818.51,Year,N,Certified
EZYV18569,Asia,Bachelor's,Y,N,2767,1855,South,86340.98,Year,Y,Certified
EZYV1085,Asia,Master's,Y,N,4087,2010,Midwest,176370.34,Year,Y,Certified
EZYV4061,Asia,Bachelor's,Y,N,1856,2004,Northeast,63625.13,Year,Y,Denied
EZYV1842,Asia,Master's,Y,N,1124,2008,South,68680.66,Year,Y,Certified
EZYV3275,Asia,Master's,Y,N,3869,2015,South,106678.32,Year,Y,Certified
EZYV9838,Europe,Master's,Y,N,4124,1979,Northeast,16450.99,Year,Y,Certified
EZYV14116,Asia,Bachelor's,N,N,49,1998,Midwest,17712.41,Year,N,Certified
EZYV12388,Asia,High School,N,N,952,1977,Island,159281.95,Year,Y,Denied
EZYV23444,Asia,Bachelor's,Y,N,654,1990,Midwest,68802.84,Year,Y,Certified
EZYV15328,South America,Bachelor's,N,N,644,2010,Northeast,61958.88,Year,Y,Certified
EZYV1986,Asia,Master's,N,N,4959,2003,South,140636.54,Year,N,Certified
EZYV13187,South America,Bachelor's,Y,N,45807,2007,West,42983.15,Year,Y,Denied
EZYV16168,North America,Master's,Y,N,3381,2007,West,102671.62,Year,N,Certified
EZYV24438,Europe,Master's,Y,N,3194,1980,South,18752.14,Year,Y,Certified
EZYV2894,Asia,Master's,Y,N,184,2005,Northeast,90314.44,Year,Y,Certified
EZYV20388,North America,Bachelor's,Y,N,3374,1966,South,38985.69,Year,Y,Denied
EZYV1115,Asia,Bachelor's,Y,Y,2569,1915,South,51862.76,Year,N,Certified
EZYV7819,Asia,Master's,N,N,783,2007,Midwest,142550.39,Year,N,Certified
EZYV15910,North America,Master's,N,Y,4451,2009,West,58847.12,Year,Y,Certified
EZYV21358,Asia,Bachelor's,Y,N,1736,2005,South,14765.24,Year,Y,Certified
EZYV935,Asia,Bachelor's,N,N,1413,1985,Midwest,94129.28,Year,Y,Certified
EZYV10394,Asia,Master's,Y,N,2099,2006,South,64384.54,Year,Y,Certified
EZYV10675,Asia,Master's,Y,N,7015,2012,Northeast,87975.29,Year,Y,Certified
EZYV9035,Asia,Master's,N,N,3550,1847,Midwest,113577.84,Year,Y,Certified
EZYV14758,North America,Master's,Y,N,4684,1999,South,91530.18,Year,Y,Certified
EZYV16414,Asia,High School,Y,N,163,2012,South,27511.54,Year,Y,Certified
EZYV18000,Europe,High School,Y,N,4689,1996,Northeast,32960.69,Year,Y,Certified
EZYV9954,North America,Master's,Y,N,4073,1980,Northeast,241.6995,Hour,Y,Certified
EZYV16468,North America,Master's,Y,N,2756,2011,Northeast,94236.01,Year,Y,Certified
EZYV5283,Asia,Bachelor's,N,N,3283,1999,West,90992.01,Year,Y,Certified
EZYV15256,Asia,Bachelor's,N,N,376,1974,Northeast,22849.73,Year,Y,Denied
EZYV16583,North America,Master's,Y,N,3655,1998,South,28694.5,Year,Y,Certified
EZYV17514,Asia,Master's,Y,N,4841,2014,Northeast,116865.8,Year,N,Certified
EZYV15655,Europe,Bachelor's,N,Y,1826,1983,West,127312.41,Year,Y,Denied
EZYV19968,Oceania,Bachelor's,Y,Y,35,2009,South,195270.71,Year,Y,Certified
EZYV19030,Europe,High School,Y,Y,4889,1991,South,60298.78,Year,Y,Certified
EZYV19378,Africa,Master's,N,N,3600,1916,West,108519.1,Year,Y,Certified
EZYV5430,North America,Bachelor's,Y,N,1048,1999,South,97117.58,Year,N,Denied
EZYV9373,Asia,Master's,N,N,989,2001,South,95942.26,Year,N,Certified
EZYV4785,Asia,Bachelor's,Y,N,533,2004,West,94809.38,Year,Y,Denied
EZYV2670,Asia,High School,N,N,3296,1889,West,206170.34,Year,Y,Denied
EZYV22627,Europe,Doctorate,Y,Y,4184,1998,Northeast,80368.8,Year,Y,Denied
EZYV20916,North America,High School,Y,N,428,2012,South,301.9025,Hour,Y,Denied
EZYV4375,Europe,Bachelor's,Y,N,3938,1999,West,38424.53,Year,Y,Certified
EZYV3025,Asia,Master's,N,Y,48,2008,West,564.0663,Hour,Y,Denied
EZYV10406,Asia,Master's,Y,N,3149,1989,Midwest,43439.79,Year,Y,Certified
EZYV16431,Asia,Master's,Y,N,1737,1914,Northeast,91448.83,Year,Y,Denied
EZYV22626,Asia,Doctorate,Y,N,964,1984,South,36050.45,Year,Y,Certified
EZYV5192,North America,Master's,Y,Y,1519,2012,Northeast,35765.97,Year,Y,Certified
EZYV6173,North America,Doctorate,Y,N,1015,2006,South,90037.16,Year,Y,Certified
EZYV3924,South America,Bachelor's,N,N,3366,1985,Northeast,115901.95,Year,Y,Denied
EZYV1701,Africa,Master's,N,N,2871,1986,South,177310.49,Year,N,Certified
EZYV11531,Asia,Master's,Y,N,6237,2008,Northeast,54822.52,Year,Y,Certified
EZYV12856,Asia,Doctorate,N,Y,1845,2001,South,107789.52,Year,Y,Certified
EZYV5125,Asia,Master's,N,Y,607,2010,South,76079.65,Year,Y,Certified
EZYV3749,North America,High School,N,N,1520,1870,South,88455.82,Year,Y,Denied
EZYV24423,North America,Master's,N,N,244,1838,Northeast,16561.57,Year,Y,Certified
EZYV3012,Europe,Master's,Y,N,1151,1991,South,128983.07,Year,Y,Certified
EZYV10272,Europe,Bachelor's,N,Y,50,2009,Midwest,36025.97,Year,Y,Denied
EZYV23735,Europe,Bachelor's,N,N,346,2002,West,115983.23,Year,Y,Certified
EZYV23454,Africa,Master's,Y,N,1085,1998,West,127740.34,Year,Y,Certified
EZYV19574,Asia,Master's,N,N,3660,1949,Northeast,106423.02,Year,N,Certified
EZYV2619,Asia,Master's,N,N,4950,2013,Northeast,124.1585,Hour,Y,Denied
EZYV21519,North America,Master's,N,N,147,1961,Northeast,577.8724,Hour,Y,Denied
EZYV15188,Asia,Master's,N,N,1388,1983,Northeast,74587.02,Year,Y,Certified
EZYV1899,Asia,Master's,Y,N,2009,2010,West,1508.72,Year,Y,Certified
EZYV21999,Asia,Master's,Y,N,3998,1981,Midwest,91013.04,Year,Y,Certified
EZYV19047,Asia,Bachelor's,N,N,1773,1873,Northeast,39470.83,Year,Y,Certified
EZYV3392,Asia,Bachelor's,Y,N,5563,1838,Northeast,86506.05,Year,Y,Certified
EZYV4227,South America,Bachelor's,N,N,183,1983,Northeast,856.4145,Hour,Y,Denied
EZYV13759,Asia,Master's,Y,N,639,1997,South,100791.46,Year,N,Denied
EZYV20066,North America,Doctorate,Y,N,5091,1971,West,69466.84,Year,Y,Certified
EZYV10138,Asia,Bachelor's,Y,N,4636,1945,West,46227.71,Year,Y,Certified
EZYV17681,Asia,Bachelor's,Y,N,1146,2005,South,65890.04,Year,Y,Certified
EZYV1254,Asia,Bachelor's,Y,N,2665,1980,West,31701.58,Year,Y,Certified
EZYV15635,Asia,Bachelor's,Y,N,45569,2005,Northeast,75859.69,Year,Y,Denied
EZYV7137,North America,High School,Y,Y,1459,1949,Northeast,814.0594,Hour,Y,Certified
EZYV19003,North America,Master's,N,N,1317,1817,South,44889.24,Week,Y,Denied
EZYV5182,Asia,Bachelor's,Y,N,5566,2000,South,118483.03,Year,Y,Certified
EZYV19737,Europe,Bachelor's,Y,N,4443,2000,West,101269.03,Year,Y,Certified
EZYV8988,Asia,Master's,Y,N,21436,2005,West,65172.58,Year,Y,Certified
EZYV3037,Europe,Doctorate,Y,N,558,1993,West,37166.61,Year,Y,Certified
EZYV159,North America,Master's,Y,N,1926,1801,West,104281.71,Year,Y,Certified
EZYV24472,Asia,Bachelor's,N,N,1139,2000,West,122358.8,Year,Y,Certified
EZYV13400,North America,High School,N,Y,2771,1935,West,101745.52,Year,Y,Denied
EZYV8855,Asia,Master's,Y,N,2877,1975,South,60777.57,Year,Y,Certified
EZYV10077,Asia,Master's,Y,N,2068,2001,Midwest,154409.22,Year,Y,Certified
EZYV33,Asia,Bachelor's,N,N,2415,1963,Midwest,72077.57,Year,N,Certified
EZYV11917,Asia,Master's,Y,N,23087,1993,Northeast,156281.92,Year,N,Certified
EZYV6407,Asia,High School,N,N,1636,1991,South,150093.09,Year,Y,Denied
EZYV24241,Asia,Bachelor's,N,N,4286,1993,South,102281.62,Year,N,Certified
EZYV22815,Europe,Bachelor's,Y,N,5841,2006,South,77296.59,Year,N,Certified
EZYV9961,Europe,Bachelor's,N,N,954,1973,Northeast,82186.65,Year,N,Denied
EZYV9397,South America,High School,Y,N,3044,1945,South,45731.69,Year,Y,Denied
EZYV9477,Asia,Master's,N,N,1582,1888,Midwest,84505.09,Year,Y,Certified
EZYV5973,Asia,Bachelor's,N,N,1654,1977,Northeast,124082.68,Year,Y,Denied
EZYV10948,Asia,Master's,Y,Y,988,2002,Northeast,74497.73,Year,Y,Denied
EZYV5064,Asia,High School,Y,N,2347,1994,Northeast,17717.27,Year,Y,Denied
EZYV13177,Asia,Bachelor's,Y,N,215,1977,Midwest,183995.66,Year,Y,Certified
EZYV5688,Asia,Bachelor's,Y,N,2458,1967,Northeast,143751.12,Year,Y,Certified
EZYV17684,Asia,Master's,N,N,538,1999,Midwest,109181.07,Year,Y,Certified
EZYV11713,Asia,Bachelor's,Y,N,631,2000,Midwest,34416.53,Year,Y,Certified
EZYV20125,North America,Doctorate,Y,N,2315,2007,Midwest,113850.16,Year,Y,Certified
EZYV20394,Asia,Bachelor's,N,N,1723,2013,South,130.83,Hour,Y,Certified
EZYV14668,Europe,Master's,N,Y,3286,2003,West,19115.29,Year,Y,Certified
EZYV2696,South America,Master's,Y,N,749,1889,Midwest,174046.48,Week,Y,Certified
EZYV16039,North America,Bachelor's,N,N,2854,1898,Midwest,5670.13,Year,Y,Denied
EZYV13531,Asia,Bachelor's,Y,N,2860,1981,West,121426.42,Year,Y,Certified
EZYV22419,Europe,Bachelor's,Y,N,549,2001,West,120374.32,Year,Y,Certified
EZYV8203,South America,Doctorate,Y,N,4300,1997,West,47568.68,Year,Y,Certified
EZYV1497,Europe,High School,N,Y,2099,1932,West,41051.21,Year,Y,Denied
EZYV1433,Asia,High School,Y,N,3729,1998,South,99865.67,Year,Y,Certified
EZYV20658,Asia,Bachelor's,Y,N,2735,2011,West,96858.28,Year,Y,Denied
EZYV20832,Asia,Bachelor's,Y,N,3444,2005,South,136898.97,Year,Y,Denied
EZYV19231,Asia,Master's,Y,Y,2022,1990,Northeast,151306.19,Year,Y,Certified
EZYV8360,Asia,Bachelor's,Y,N,705,1925,South,160831.05,Year,Y,Certified
EZYV23965,Asia,Master's,Y,N,1878,2009,Midwest,41347.86,Year,Y,Certified
EZYV15588,Asia,Master's,Y,N,5319,1968,West,79079.56,Year,Y,Certified
EZYV4803,Asia,Bachelor's,Y,Y,1290,1996,West,56221.16,Year,Y,Certified
EZYV8405,Africa,Master's,N,N,34136,1985,West,38035.33,Year,N,Certified
EZYV15280,Europe,Bachelor's,Y,N,962,2010,Northeast,197.25,Year,Y,Certified
EZYV1538,Asia,Master's,N,N,2516,1885,South,200234.67,Year,Y,Certified
EZYV11130,Asia,Bachelor's,Y,N,21,2000,West,76826.46,Year,Y,Denied
EZYV5212,Asia,High School,Y,N,3291,2008,South,97162.53,Year,Y,Denied
EZYV18245,South America,Master's,Y,Y,3567,2010,Northeast,61229.26,Year,Y,Certified
EZYV14349,Asia,Bachelor's,N,N,9505,1929,Northeast,89626.61,Year,Y,Certified
EZYV16990,Asia,Bachelor's,N,N,74639,2012,Northeast,57526.33,Year,Y,Denied
EZYV13216,Asia,Bachelor's,Y,N,2695,2011,West,70015.5,Year,Y,Certified
EZYV22207,Asia,Bachelor's,N,N,1350,2015,Midwest,138997.76,Year,Y,Certified
EZYV8352,Europe,Bachelor's,Y,N,2630,1996,Northeast,85573.42,Year,Y,Certified
EZYV18821,Asia,Bachelor's,N,N,2762,2005,South,77.3892,Hour,Y,Denied
EZYV3655,South America,High School,Y,N,3658,1982,Midwest,54905.54,Year,Y,Certified
EZYV12437,Asia,High School,Y,N,4875,1985,South,43374.97,Year,Y,Denied
EZYV22659,Europe,Bachelor's,Y,N,5199,1919,Northeast,36031.22,Year,Y,Certified
EZYV16355,Asia,Master's,N,N,2092,1907,Northeast,316.3918,Hour,Y,Certified
EZYV11056,Oceania,High School,N,N,2644,2000,Northeast,15283.54,Year,Y,Denied
EZYV8564,Asia,Bachelor's,Y,N,790,1940,South,161389.28,Year,Y,Denied
EZYV12751,Asia,Master's,Y,N,3645,2009,Midwest,209477.21,Year,Y,Certified
EZYV16076,North America,Master's,N,N,1836,1975,Northeast,835.283,Hour,Y,Denied
EZYV14697,North America,Master's,Y,N,3095,1942,Midwest,22005.82,Year,Y,Certified
EZYV22260,Asia,Bachelor's,Y,N,3461,1946,West,113120.97,Year,Y,Certified
EZYV1323,Africa,Bachelor's,N,N,29,1966,Northeast,826.7279,Hour,Y,Denied
EZYV21127,Asia,Master's,N,N,768,2007,Northeast,121109.74,Year,N,Certified
EZYV18552,Europe,Doctorate,Y,N,3147,2005,West,14785.44,Year,Y,Certified
EZYV11550,Asia,Master's,Y,N,67,2008,Midwest,107029.62,Year,Y,Certified
EZYV15727,Asia,Master's,Y,N,2043,1922,South,80852.61,Year,Y,Certified
EZYV5214,Europe,Doctorate,N,N,291,1997,West,34848.43,Year,Y,Certified
EZYV2073,Asia,High School,Y,N,1850,2004,South,108248.98,Year,Y,Certified
EZYV1402,North America,Bachelor's,Y,N,623,2007,South,105072.4,Year,Y,Certified
EZYV3357,Asia,Bachelor's,Y,N,4959,1947,South,73108.42,Week,Y,Certified
EZYV7679,Asia,Master's,N,N,412,2006,South,68791.28,Year,N,Certified
EZYV24414,Asia,Bachelor's,N,N,198,1942,Northeast,43842.44,Year,Y,Denied
EZYV15426,Oceania,Bachelor's,Y,N,2974,1881,South,69851.38,Year,Y,Denied
EZYV6518,Asia,High School,Y,N,6188,2006,Midwest,97570.45,Year,Y,Denied
EZYV17244,Asia,Master's,Y,N,3773,2005,South,17816.16,Year,Y,Certified
EZYV7168,Asia,High School,Y,N,1676,2001,South,104652.75,Year,Y,Denied
EZYV7831,Asia,Doctorate,Y,N,1361,1995,Northeast,69343.27,Year,Y,Certified
EZYV14296,South America,Bachelor's,Y,N,1673,1999,West,8410.68,Year,Y,Denied
EZYV77,Europe,Bachelor's,Y,N,2423,1838,West,2927.34,Year,Y,Certified
EZYV17637,Asia,Bachelor's,Y,N,1264,1977,West,11661.02,Year,Y,Certified
EZYV6069,Asia,Master's,N,Y,2497,1968,West,118318.48,Year,Y,Certified
EZYV7241,Asia,Master's,N,N,31502,1868,Northeast,51025.89,Year,Y,Certified
EZYV11232,North America,Master's,N,N,593,1838,West,167.9464,Hour,Y,Denied
EZYV21257,Asia,Master's,N,N,4575,2008,West,76327.31,Year,N,Certified
EZYV23725,Asia,Bachelor's,N,N,2381,2005,South,86316.44,Year,Y,Denied
EZYV317,North America,High School,Y,N,3550,2012,West,268.1379,Hour,Y,Certified
EZYV2372,Asia,Bachelor's,N,N,2296,1997,Northeast,153640.88,Year,Y,Denied
EZYV5403,Asia,Master's,N,N,4463,2001,Midwest,106248.48,Year,Y,Certified
EZYV22199,Asia,Bachelor's,Y,N,53176,2009,Northeast,120657.75,Year,Y,Certified
EZYV21333,Asia,Bachelor's,Y,N,545,1904,Midwest,71894.26,Year,Y,Denied
EZYV14137,North America,Master's,Y,N,2052,1998,South,761.5473,Hour,Y,Denied
EZYV8199,Oceania,High School,Y,N,3000,2008,West,66173.63,Year,Y,Certified
EZYV2196,Europe,Bachelor's,Y,N,1594,1999,South,40802.42,Year,Y,Certified
EZYV14307,Europe,High School,N,N,802,2000,Northeast,24821.87,Year,Y,Denied
EZYV18690,Asia,Bachelor's,N,N,4790,1995,West,64055.55,Year,Y,Certified
EZYV17148,North America,Master's,N,N,2282,1996,Northeast,99280.32,Year,Y,Certified
EZYV22151,Asia,High School,Y,N,3340,1862,West,95517.78,Year,Y,Denied
EZYV2014,Europe,Master's,Y,N,19672,2000,South,20155.93,Year,Y,Certified
EZYV18344,Europe,Doctorate,Y,Y,2511,2012,West,109512.71,Year,Y,Certified
EZYV19944,Asia,Master's,Y,N,1708,2002,Midwest,83661.71,Year,Y,Certified
EZYV19447,Asia,Master's,N,Y,1446,2006,South,115610.99,Year,Y,Certified
EZYV19612,Asia,Master's,Y,N,181,1993,Midwest,152474.26,Year,Y,Certified
EZYV23499,Asia,Bachelor's,Y,N,397,2013,Midwest,93742.7,Year,Y,Certified
EZYV12422,Asia,High School,N,N,4162,1974,Midwest,105914.88,Year,Y,Denied
EZYV2213,Asia,High School,Y,N,3386,2005,Midwest,48371.67,Year,Y,Certified
EZYV21381,Asia,Bachelor's,N,N,1529,1919,South,22883.31,Year,Y,Certified
EZYV8634,Asia,Master's,Y,N,2351,2001,Midwest,90022.59,Year,Y,Certified
EZYV18673,Asia,High School,Y,N,3551,2003,Midwest,66951.02,Year,Y,Certified
EZYV15882,Asia,Master's,N,N,1029,1914,West,115.85,Hour,Y,Denied
EZYV24638,Asia,Bachelor's,Y,N,524,1973,South,176.8885,Hour,Y,Certified
EZYV16208,Asia,Master's,N,N,3630,1996,Midwest,48657.18,Year,Y,Certified
EZYV20728,Asia,Master's,Y,N,4612,2009,Northeast,19724.4,Year,Y,Certified
EZYV10362,Asia,Doctorate,N,N,1848,1987,Midwest,79992.17,Year,Y,Certified
EZYV12672,Asia,Master's,Y,N,398,1995,South,917.2992,Hour,Y,Certified
EZYV16377,North America,Master's,N,N,246,1970,Midwest,51720.25,Year,Y,Certified
EZYV11091,Asia,Bachelor's,N,Y,3326,1904,South,64660.24,Year,Y,Certified
EZYV24253,Asia,Bachelor's,Y,N,2626,1960,Northeast,44871.53,Year,Y,Certified
EZYV21584,Asia,Bachelor's,N,N,4523,1963,West,150247.84,Year,Y,Denied
EZYV13721,Asia,High School,N,N,891,1801,Midwest,49277.5,Year,Y,Denied
EZYV7329,Asia,High School,Y,N,658,1985,Midwest,117617.95,Year,Y,Denied
EZYV4574,Europe,Master's,N,N,538,1968,West,149091.25,Year,Y,Certified
EZYV2853,Asia,Bachelor's,Y,N,801,2010,South,47953.87,Year,Y,Certified
EZYV17316,Asia,Bachelor's,N,N,871,1963,Northeast,97941.58,Year,Y,Certified
EZYV1455,North America,High School,N,N,451,1875,Northeast,13272.64,Year,Y,Denied
EZYV24858,North America,Bachelor's,N,N,2382,2006,West,38603.26,Year,Y,Denied
EZYV22009,Asia,Master's,N,N,1460,1984,Midwest,84588.46,Year,Y,Certified
EZYV8133,Asia,Bachelor's,N,N,660,1947,Northeast,141.7329,Hour,Y,Denied
EZYV18139,Asia,High School,Y,N,1735,2004,South,121012.65,Year,Y,Certified
EZYV6749,Asia,Bachelor's,Y,N,422,1987,South,198562.62,Year,Y,Certified
EZYV8227,Africa,Master's,N,N,1427,1984,West,58594.99,Year,Y,Certified
EZYV9301,Asia,Master's,N,N,3051,2003,Midwest,96689.08,Year,Y,Certified
EZYV13114,Europe,Master's,Y,Y,2366,1999,Northeast,82804.13,Year,Y,Denied
EZYV10460,Asia,Bachelor's,Y,N,2404,1961,South,64381.49,Year,Y,Certified
EZYV10874,Asia,Bachelor's,Y,Y,3057,1917,Midwest,31267.45,Year,Y,Certified
EZYV11144,Asia,Bachelor's,Y,N,3907,2011,West,124798.99,Year,Y,Certified
EZYV6660,Asia,Master's,Y,N,1915,2009,Northeast,93604.2,Year,N,Certified
EZYV2588,Asia,Bachelor's,Y,N,1753,1997,Northeast,3542.11,Year,Y,Certified
EZYV25303,North America,Master's,Y,N,1967,2004,Northeast,41236.95,Year,Y,Denied
EZYV19798,Oceania,High School,Y,N,2831,1882,West,654.57,Year,Y,Denied
EZYV8822,Asia,Master's,Y,N,3802,1989,Northeast,71914.27,Year,N,Certified
EZYV9453,Asia,Master's,Y,N,2675,1984,West,126532.11,Year,N,Certified
EZYV19365,Asia,Doctorate,Y,Y,2120,2007,South,190031.68,Year,Y,Denied
EZYV18721,Asia,Master's,Y,N,1888,1988,Northeast,146522.83,Year,N,Denied
EZYV9513,Asia,Master's,Y,N,1040,1969,West,13861.42,Year,Y,Certified
EZYV24439,Asia,Bachelor's,Y,N,1811,1997,South,387.1706,Hour,Y,Denied
EZYV20381,Europe,Doctorate,N,Y,755,2003,West,53613.59,Year,Y,Denied
EZYV7292,Europe,Bachelor's,Y,N,3952,2000,West,143572.62,Year,Y,Denied
EZYV22078,Asia,High School,Y,N,1331,1908,Midwest,100131.58,Year,Y,Certified
EZYV1165,Asia,Master's,Y,N,4092,1998,Midwest,150034.38,Year,Y,Certified
EZYV9719,Asia,Master's,N,N,807,2008,Northeast,110470.58,Year,Y,Certified
EZYV24058,Asia,Doctorate,Y,N,3343,1999,South,152481.73,Year,N,Denied
EZYV19067,Asia,High School,Y,N,3885,1868,Northeast,144344.5,Year,Y,Certified
EZYV2403,Asia,Bachelor's,N,N,1822,1983,Northeast,96398.54,Year,Y,Denied
EZYV22497,North America,Bachelor's,Y,N,997,1920,West,231.7069,Hour,Y,Denied
EZYV17301,Asia,Master's,N,N,3256,1986,Northeast,32517.28,Year,Y,Denied
EZYV6938,Asia,Master's,N,N,2106,2004,Midwest,59128.28,Year,Y,Certified
EZYV8060,Asia,High School,Y,N,257,1984,Midwest,110840.78,Year,Y,Denied
EZYV20600,Asia,Master's,Y,N,3956,1998,West,39184.72,Year,Y,Certified
EZYV16555,Asia,Bachelor's,Y,N,2067,2001,South,54763.16,Year,Y,Denied
EZYV16860,Asia,High School,N,N,4560,1998,Northeast,37305.69,Year,Y,Denied
EZYV16277,Asia,Master's,Y,N,2541,1993,West,54991.88,Year,Y,Certified
EZYV372,Asia,Master's,N,N,3062,2001,Northeast,198752.64,Year,N,Denied
EZYV16974,South America,High School,Y,N,2375,1992,South,55113.38,Year,Y,Certified
EZYV6015,Asia,Master's,N,N,778,2009,South,91609.35,Year,Y,Certified
EZYV20476,Asia,Master's,Y,N,3627,2010,Midwest,98641.63,Year,Y,Certified
EZYV18956,Asia,Bachelor's,Y,N,753,2011,West,123555.45,Year,N,Denied
EZYV23935,Asia,High School,Y,N,3021,1909,South,93349.31,Year,Y,Certified
EZYV24083,Asia,Bachelor's,N,N,1085,1989,Northeast,88534.57,Year,Y,Denied
EZYV630,Europe,Bachelor's,Y,Y,2188,2007,South,123316.75,Year,Y,Certified
EZYV12346,Europe,Master's,Y,Y,2388,2004,Midwest,121472.86,Year,Y,Certified
EZYV2941,Asia,High School,N,Y,2616,1986,South,145447.47,Year,Y,Denied
EZYV698,Africa,Master's,Y,N,2043,1961,West,53557.18,Year,Y,Certified
EZYV12137,Asia,Master's,Y,Y,308,2008,South,4602.21,Year,Y,Certified
EZYV17219,Africa,High School,N,N,628,1992,Northeast,540.1617,Hour,Y,Denied
EZYV2549,Asia,Doctorate,Y,N,1822,2004,Northeast,2380.18,Year,Y,Certified
EZYV13481,Asia,Bachelor's,Y,N,4289,2002,South,204055.16,Year,Y,Denied
EZYV23125,Asia,Bachelor's,N,N,6149,1831,South,157102.13,Year,N,Certified
EZYV17976,Asia,Master's,N,N,3122,1982,Northeast,946.0069,Hour,Y,Denied
EZYV10554,Asia,Bachelor's,N,N,2182,2013,West,29107.34,Year,Y,Certified
EZYV16861,Asia,Bachelor's,Y,N,3408,2001,South,59470.54,Year,Y,Denied
EZYV22425,Asia,Bachelor's,N,Y,22778,2007,Midwest,89155.79,Year,Y,Certified
EZYV9793,Asia,High School,Y,N,4171,2004,South,14666.85,Year,Y,Denied
EZYV12095,Asia,Bachelor's,Y,Y,3113,2007,West,139928.13,Year,Y,Denied
EZYV15425,North America,Master's,Y,N,5001,2005,Midwest,106000.19,Year,N,Certified
EZYV8845,Asia,Master's,Y,N,490,2001,South,189361.4,Year,N,Certified
EZYV13745,Asia,Bachelor's,Y,N,348,1981,Midwest,95509.14,Year,Y,Certified
EZYV2930,Asia,Bachelor's,N,Y,2060,2009,South,31386.81,Year,Y,Denied
EZYV19347,Asia,Master's,N,N,4292,1994,South,36932.78,Year,Y,Certified
EZYV19791,Asia,Master's,N,N,3430,2012,Northeast,109354.56,Year,Y,Certified
EZYV10759,North America,Doctorate,Y,N,2849,1997,Midwest,111341.93,Year,Y,Certified
EZYV13741,Asia,Bachelor's,Y,N,9342,2007,South,628.5421,Hour,Y,Certified
EZYV15118,Asia,High School,Y,N,1795,1977,West,4157.85,Year,Y,Denied
EZYV615,Asia,Doctorate,N,N,4915,2005,Northeast,64000.8,Year,N,Denied
EZYV6867,Europe,Doctorate,N,Y,4376,2000,South,21303.26,Year,Y,Certified
EZYV6465,Asia,Bachelor's,N,N,3461,2005,South,158552.72,Year,Y,Certified
EZYV7856,Asia,Bachelor's,N,N,3302,1987,Northeast,116663.12,Year,Y,Denied
EZYV1361,Asia,Bachelor's,Y,N,4934,1929,Midwest,38880.87,Year,Y,Certified
EZYV24214,Asia,Master's,Y,N,2761,1946,Island,111277.71,Year,Y,Certified
EZYV646,Asia,Doctorate,Y,N,3993,2004,Midwest,51840.34,Year,Y,Certified
EZYV22652,North America,Master's,Y,N,259,2011,West,100729.72,Year,Y,Certified
EZYV22589,Asia,Master's,N,N,1381,2011,West,697.38,Hour,Y,Denied
EZYV24562,Asia,Doctorate,N,N,1495,1978,Midwest,29088.39,Year,Y,Denied
EZYV7961,Asia,Master's,Y,N,1213,2008,Northeast,141661.43,Year,Y,Certified
EZYV21148,Asia,Master's,N,N,4032,1856,Midwest,225324.61,Year,Y,Certified
EZYV13933,Asia,Master's,N,N,55,2005,Midwest,186442.71,Year,Y,Certified
EZYV8891,Europe,Bachelor's,N,N,169,1980,West,29859.76,Year,Y,Certified
EZYV24237,South America,Master's,N,N,1728,2006,South,112029.84,Year,Y,Certified
EZYV18418,Asia,Master's,Y,N,2575,2000,South,156576.9,Year,N,Certified
EZYV1956,Asia,Master's,N,N,1363,2001,Midwest,192550.96,Year,Y,Certified
EZYV263,Asia,Bachelor's,Y,N,230,1925,Midwest,143628.65,Year,Y,Certified
EZYV16887,Asia,Master's,Y,N,1089,2007,South,80579.22,Year,Y,Certified
EZYV3515,Asia,Master's,N,N,43845,2000,Midwest,126322.08,Year,Y,Denied
EZYV12092,Asia,Master's,N,N,1271,2001,Midwest,122025.87,Year,Y,Denied
EZYV2655,Europe,High School,Y,N,231,2006,South,26004.66,Year,Y,Denied
EZYV25049,Europe,Doctorate,Y,N,3913,2010,Northeast,59658.36,Year,Y,Certified
EZYV17145,Asia,High School,N,Y,5011,2014,Midwest,93833.72,Year,Y,Certified
EZYV4638,Asia,High School,N,N,2736,2010,Northeast,49633.38,Year,Y,Denied
EZYV7966,Asia,High School,Y,N,535,2012,Midwest,95990.83,Year,Y,Denied
EZYV4442,Europe,Bachelor's,Y,N,134,1998,West,92075.89,Year,Y,Certified
EZYV20984,Asia,Bachelor's,Y,N,1397,2000,Northeast,136.3614,Hour,Y,Denied
EZYV18647,North America,Bachelor's,N,N,1946,1820,South,60010.19,Year,N,Certified
EZYV8998,Asia,Bachelor's,Y,N,4335,1990,Northeast,67492.0,Year,Y,Certified
EZYV23739,Asia,High School,Y,N,2725,1992,Northeast,11.3078,Hour,Y,Denied
EZYV17039,Asia,High School,Y,N,4345,1998,Midwest,45355.54,Year,Y,Certified
EZYV661,Africa,Doctorate,Y,N,2563,1986,Northeast,52672.96,Year,Y,Certified
EZYV21041,Asia,Bachelor's,Y,N,499,1996,Midwest,136654.23,Year,Y,Denied
EZYV20328,Asia,Master's,Y,N,2179,1981,Northeast,515.3992,Hour,Y,Denied
EZYV6900,North America,Bachelor's,Y,Y,5050,1998,West,94763.15,Year,Y,Denied
EZYV23443,North America,Bachelor's,N,N,2102,2016,South,65895.01,Year,Y,Denied
EZYV18047,Asia,Master's,Y,N,3436,1868,Midwest,25234.72,Year,Y,Certified
EZYV9472,Asia,Bachelor's,Y,N,2540,2002,Northeast,784.9041,Hour,Y,Denied
EZYV8619,North America,Bachelor's,N,Y,2903,1996,South,127063.5,Year,N,Denied
EZYV21922,Asia,Bachelor's,Y,N,3731,1991,South,71137.23,Year,Y,Certified
EZYV22671,South America,Doctorate,N,N,3726,1998,South,40925.32,Year,Y,Certified
EZYV5304,Asia,Master's,Y,N,4318,1940,South,35041.4,Year,Y,Certified
EZYV5365,Asia,Bachelor's,Y,N,2182,2014,South,61564.6,Year,Y,Certified
EZYV10278,Asia,Bachelor's,Y,N,1393,1838,Northeast,122080.87,Year,Y,Denied
EZYV9692,Asia,Master's,Y,N,1576,1999,South,81767.17,Year,Y,Certified
EZYV16149,Asia,Bachelor's,Y,N,5677,2001,Northeast,114984.64,Year,Y,Certified
EZYV10839,South America,Master's,N,Y,2744,2007,Northeast,111952.66,Year,Y,Certified
EZYV6659,Asia,Master's,Y,N,940,2005,Midwest,99705.42,Year,Y,Certified
EZYV10268,Asia,Master's,N,N,4226,1997,Northeast,46557.01,Year,Y,Denied
EZYV21198,Asia,Master's,Y,N,4435,1831,Northeast,37156.05,Year,Y,Certified
EZYV16003,North America,Bachelor's,Y,N,1657,2012,West,82780.17,Year,Y,Certified
EZYV20870,Asia,Bachelor's,Y,N,2620,1987,South,132627.97,Year,Y,Denied
EZYV6496,Asia,Master's,N,N,2930,2003,Northeast,66058.4,Year,N,Certified
EZYV11866,Europe,Bachelor's,Y,N,4168,2004,West,18611.11,Year,Y,Denied
EZYV11392,Africa,Master's,N,N,155,2001,West,9448.28,Year,Y,Certified
EZYV19083,Asia,Master's,Y,N,1535,1974,Midwest,125230.19,Year,Y,Certified
EZYV11499,Asia,Master's,N,N,3516,2008,Midwest,51497.37,Year,Y,Certified
EZYV3279,Asia,High School,Y,N,3826,2003,Northeast,113405.09,Year,Y,Denied
EZYV5407,Asia,Master's,Y,N,1571,1851,South,72372.7,Year,N,Certified
EZYV14392,Asia,Master's,Y,N,372,1972,South,110095.25,Year,Y,Certified
EZYV3676,Asia,High School,Y,N,150,2014,West,122952.87,Year,Y,Denied
EZYV7708,Asia,High School,Y,N,2348,1997,Northeast,97817.75,Year,Y,Denied
EZYV21096,Africa,Bachelor's,N,N,439,2001,Northeast,125579.78,Year,Y,Denied
EZYV8931,Asia,Bachelor's,Y,N,755,2000,Midwest,90859.06,Year,Y,Certified
EZYV20805,Europe,Master's,N,N,112786,1999,Northeast,21194.15,Year,Y,Certified
EZYV23909,Europe,Doctorate,N,N,113761,1988,West,44120.6,Year,Y,Certified
EZYV4623,Europe,Master's,N,N,597,1989,South,737.7488,Hour,Y,Certified
EZYV21338,Asia,Bachelor's,N,N,1858,1850,South,803.8014,Hour,Y,Denied
EZYV25111,North America,Master's,N,N,2196,1986,Northeast,72378.63,Year,Y,Certified
EZYV3409,Asia,Bachelor's,Y,N,3876,1976,West,37042.55,Year,Y,Certified
EZYV2399,Asia,Bachelor's,Y,N,16808,2002,South,99784.56,Week,Y,Certified
EZYV9143,North America,Master's,Y,N,6748,2008,Northeast,90183.13,Year,Y,Denied
EZYV19439,Asia,Bachelor's,N,N,4560,2009,Northeast,74686.46,Year,Y,Denied
EZYV14891,South America,Doctorate,N,Y,3248,1998,Northeast,27711.0,Year,Y,Certified
EZYV17123,Asia,High School,N,Y,766,1985,South,152337.77,Year,Y,Denied
EZYV15933,North America,Master's,Y,N,4461,1938,Northeast,151375.9,Year,Y,Denied
EZYV24576,Asia,High School,Y,N,5041,1925,South,101944.37,Year,Y,Denied
EZYV4433,Asia,Bachelor's,N,N,1047,2009,West,47699.08,Year,Y,Denied
EZYV1557,Asia,Bachelor's,N,N,878,2003,Midwest,66022.81,Year,Y,Certified
EZYV5638,Asia,Bachelor's,N,N,1440,1916,Midwest,88681.26,Year,Y,Certified
EZYV16553,North America,Bachelor's,N,N,3783,1949,South,463.4244,Hour,Y,Denied
EZYV22320,North America,Doctorate,N,Y,222,1993,West,89485.09,Year,Y,Denied
EZYV13275,Asia,Master's,N,N,13955,1998,Midwest,108362.46,Year,Y,Certified
EZYV8451,Asia,Master's,Y,N,1660,1960,Midwest,90413.5,Year,Y,Certified
EZYV17296,Asia,Bachelor's,N,N,206,1983,Midwest,146026.5,Year,Y,Certified
EZYV9833,Asia,Bachelor's,Y,N,372,2005,West,72152.99,Year,Y,Denied
EZYV7275,Asia,Master's,N,N,721,2007,Northeast,61119.47,Year,N,Certified
EZYV20210,North America,Master's,Y,N,2308,1948,Northeast,86464.67,Year,Y,Certified
EZYV12036,North America,Master's,N,N,2429,1989,South,149.86,Hour,Y,Denied
EZYV6843,Oceania,Doctorate,Y,N,4402,1853,South,88816.28,Year,Y,Certified
EZYV24975,North America,Master's,N,N,2205,1996,West,49920.41,Year,Y,Certified
EZYV2429,Asia,High School,Y,N,970,2000,Midwest,247009.24,Year,Y,Certified
EZYV16566,Europe,Bachelor's,Y,N,2436,2011,Northeast,54569.95,Year,Y,Denied
EZYV12673,Asia,Master's,Y,N,162245,1998,South,119712.19,Year,Y,Certified
EZYV6789,Europe,Master's,Y,N,2000,1984,West,19628.24,Year,Y,Certified
EZYV3056,Asia,Master's,Y,N,2511,1974,South,65972.06,Year,Y,Certified
EZYV12378,Asia,Bachelor's,N,N,64804,1993,Northeast,810.02,Year,Y,Denied
EZYV7716,Asia,Master's,N,N,5237,2000,Midwest,101209.97,Year,Y,Certified
EZYV20920,Asia,Master's,Y,N,329,1939,Northeast,46917.4,Year,Y,Certified
EZYV1916,Africa,Master's,N,N,2359,1981,Midwest,78362.68,Year,Y,Certified
EZYV25402,Asia,Bachelor's,Y,N,1114,2012,Northeast,40450.43,Year,Y,Denied
EZYV13831,Asia,High School,N,Y,1713,2010,West,112952.99,Year,Y,Denied
EZYV3008,Asia,Bachelor's,Y,N,2587,2002,West,44996.84,Year,Y,Certified
EZYV8124,Africa,High School,Y,N,101,1967,Midwest,53862.32,Year,Y,Denied
EZYV1281,Asia,Bachelor's,Y,N,3618,1979,West,64782.78,Year,Y,Certified
EZYV1484,Asia,Bachelor's,Y,N,3664,2004,Northeast,9454.86,Year,Y,Certified
EZYV7008,North America,Bachelor's,N,Y,3082,1985,Northeast,30.6131,Hour,Y,Denied
EZYV5497,Asia,Bachelor's,N,N,1715,1998,West,89043.25,Year,Y,Denied
EZYV16353,Asia,Bachelor's,Y,N,1696,2005,South,46186.85,Year,Y,Certified
EZYV5326,Asia,Doctorate,N,N,794,2006,Midwest,123952.35,Year,Y,Certified
EZYV16870,North America,Master's,N,N,1202,2007,West,104671.51,Year,N,Certified
EZYV18303,Asia,Bachelor's,Y,N,1857,2009,West,23728.67,Year,Y,Certified
EZYV2767,Asia,Master's,Y,N,1999,1971,Northeast,264760.64,Year,Y,Certified
EZYV19120,South America,Doctorate,Y,Y,1129,1922,Northeast,102553.11,Year,Y,Certified
EZYV11226,Asia,Master's,Y,N,636,2006,Midwest,135054.41,Year,Y,Certified
EZYV6982,Asia,Bachelor's,Y,N,1471,1956,Midwest,4502.98,Year,Y,Certified
EZYV9689,Asia,Bachelor's,Y,Y,1829,1992,Northeast,89538.56,Year,Y,Certified
EZYV16483,Asia,High School,N,N,4089,1804,Midwest,80098.41,Year,Y,Certified
EZYV20932,Asia,Bachelor's,N,N,4643,2007,Northeast,127198.53,Year,Y,Certified
EZYV19437,Asia,High School,Y,N,2492,2009,West,118685.84,Year,Y,Certified
EZYV15979,North America,Bachelor's,N,N,1243,1974,Midwest,6976.35,Year,Y,Certified
EZYV375,Asia,High School,Y,N,35961,1865,Northeast,152912.99,Year,Y,Denied
EZYV25178,Asia,Bachelor's,Y,Y,3816,2012,West,57352.19,Year,Y,Certified
EZYV24777,Asia,Master's,Y,N,1391,1996,South,170229.93,Week,Y,Certified
EZYV11322,Europe,Bachelor's,Y,N,1479,1949,South,73.924,Hour,Y,Denied
EZYV17427,Asia,Master's,Y,N,2111,1998,Island,61464.44,Year,Y,Certified
EZYV13284,Asia,Master's,Y,N,2686,2004,Midwest,138469.16,Year,Y,Certified
EZYV18608,Asia,Master's,Y,N,2949,1985,Midwest,48810.59,Year,Y,Certified
EZYV17629,North America,Master's,Y,N,4318,2001,Northeast,6412.75,Year,Y,Certified
EZYV15423,Asia,Bachelor's,N,N,2129,1994,Northeast,90102.51,Year,Y,Denied
EZYV3691,North America,High School,N,N,1419,2001,Northeast,125465.83,Year,Y,Denied
EZYV12499,Asia,Bachelor's,Y,N,4601,1998,South,138232.2,Year,Y,Certified
EZYV4019,Asia,Bachelor's,N,N,4099,2000,Midwest,167634.63,Year,N,Denied
EZYV13091,Asia,Master's,Y,N,529,2008,West,64245.75,Year,Y,Certified
EZYV14700,Asia,Master's,Y,N,4695,1988,Northeast,128999.16,Year,Y,Certified
EZYV9308,Asia,High School,N,N,2512,2006,Northeast,35344.42,Year,Y,Denied
EZYV2471,Asia,Bachelor's,Y,N,498,1999,South,71434.38,Year,Y,Certified
EZYV25097,Asia,High School,Y,N,1317,1994,South,42994.82,Year,Y,Certified
EZYV22415,Asia,Bachelor's,N,N,2764,1906,South,807.6601,Hour,Y,Denied
EZYV24662,North America,Bachelor's,Y,N,2137,1990,West,28.9508,Hour,Y,Certified
EZYV22601,Europe,Bachelor's,N,N,173287,1997,South,91224.26,Week,Y,Certified
EZYV8173,Asia,Bachelor's,N,N,125,2003,South,37418.83,Year,Y,Certified
EZYV258,Asia,Bachelor's,Y,N,517,1949,South,21651.43,Year,Y,Certified
EZYV21712,Asia,Master's,N,N,2511,1848,Northeast,136974.24,Year,Y,Denied
EZYV19090,Europe,High School,N,Y,5547,2000,Northeast,115858.64,Year,Y,Certified
EZYV17617,Asia,Bachelor's,N,N,2932,2007,Midwest,45797.89,Year,N,Certified
EZYV3756,South America,Bachelor's,Y,N,3019,1944,Midwest,27291.1,Year,Y,Certified
EZYV4833,Asia,Master's,N,Y,3665,2000,West,102511.19,Year,Y,Certified
EZYV10681,Asia,Bachelor's,Y,N,2193,2010,Midwest,230919.67,Year,Y,Certified
EZYV4255,Asia,Bachelor's,N,N,3279,1998,Midwest,116845.29,Year,Y,Denied
EZYV4903,Asia,Master's,N,N,3676,1971,Midwest,171140.02,Year,Y,Certified
EZYV18846,Asia,High School,Y,N,3857,1991,South,105574.89,Year,Y,Certified
EZYV12906,Asia,Master's,N,N,716,1996,South,190193.19,Year,Y,Denied
EZYV24942,Asia,Bachelor's,N,N,2239,1998,Northeast,141.6406,Hour,Y,Denied
EZYV14557,Europe,Bachelor's,N,N,248,2001,West,471.7934,Hour,Y,Denied
EZYV12189,Asia,Bachelor's,N,N,354,1999,West,65529.45,Year,Y,Certified
EZYV2527,Asia,Master's,Y,N,3662,1986,South,59173.96,Year,Y,Certified
EZYV23040,Asia,Bachelor's,Y,N,4738,2004,Northeast,12501.73,Year,Y,Certified
EZYV1834,North America,High School,N,N,19524,1975,West,135400.79,Year,Y,Denied
EZYV7064,South America,Master's,Y,N,3325,1934,Midwest,56716.29,Year,Y,Certified
EZYV17214,Asia,Bachelor's,Y,N,3030,1867,Midwest,135106.84,Year,Y,Denied
EZYV13642,Europe,Master's,Y,N,3266,1985,West,19549.61,Year,Y,Certified
EZYV19326,Asia,Bachelor's,Y,N,2360,2004,Northeast,15542.24,Year,Y,Certified
EZYV13776,Asia,Master's,N,N,2720,2005,Northeast,89996.94,Year,N,Certified
EZYV23428,Asia,Master's,N,N,2415,2009,South,102809.26,Year,Y,Certified
EZYV4828,Europe,Master's,N,N,3619,1997,South,121415.9,Year,Y,Denied
EZYV16634,Asia,High School,N,N,498,1993,West,644.1129,Hour,Y,Certified
EZYV7051,Asia,Master's,N,N,2384,1924,South,115586.74,Year,N,Certified
EZYV782,Europe,Master's,Y,N,2569,2008,West,38962.34,Year,Y,Certified
EZYV6080,North America,Bachelor's,Y,N,142,2001,Northeast,44434.86,Year,Y,Denied
EZYV13885,Asia,High School,Y,N,3136,1992,West,78809.85,Year,Y,Denied
EZYV13176,Asia,Master's,Y,N,135,1935,South,84161.73,Year,Y,Certified
EZYV11765,Asia,Bachelor's,N,N,3355,2000,South,31789.85,Year,Y,Denied
EZYV8214,South America,Master's,Y,N,119,2012,Northeast,867.5177,Hour,Y,Certified
EZYV23961,North America,Master's,N,N,1406,2005,West,184877.47,Year,N,Denied
EZYV11375,Asia,Master's,N,N,1703,2003,Midwest,122260.05,Year,Y,Certified
EZYV15139,Asia,Bachelor's,Y,N,48,2001,Northeast,109644.77,Year,Y,Certified
EZYV11965,Asia,Master's,N,N,822,1838,South,57934.69,Year,Y,Certified
EZYV23785,Asia,Bachelor's,Y,N,1021,2004,West,122479.42,Year,Y,Denied
EZYV2083,Asia,Bachelor's,Y,N,1323,1962,Northeast,959.7729,Hour,Y,Certified
EZYV16741,Asia,High School,Y,N,1232,1974,Midwest,93001.42,Year,Y,Denied
EZYV4855,Asia,Master's,N,N,2835,1990,Midwest,148074.56,Year,N,Certified
EZYV3973,Asia,Master's,N,N,1582,2004,Northeast,42654.07,Year,Y,Denied
EZYV14209,Asia,Bachelor's,Y,N,878,1987,South,120599.43,Year,Y,Certified
EZYV23405,Asia,Bachelor's,N,N,90181,2009,Northeast,93944.46,Year,Y,Certified
EZYV16671,Europe,Doctorate,N,N,2594,1979,South,67437.92,Year,Y,Certified
EZYV1407,Asia,Master's,Y,N,1772,1993,Northeast,53783.93,Year,Y,Certified
EZYV18155,Europe,Master's,Y,N,196,1973,Northeast,46290.18,Year,Y,Certified
EZYV15832,Asia,Master's,N,N,501,2001,South,131659.26,Year,Y,Certified
EZYV2582,Europe,High School,Y,N,1156,2008,South,30317.3,Year,Y,Certified
EZYV24609,Asia,Master's,Y,N,487,1997,South,16646.5,Year,Y,Certified
EZYV25075,Asia,High School,Y,N,3498,2013,South,50288.99,Year,Y,Certified
EZYV13482,Asia,Bachelor's,Y,N,3197,1987,West,12822.59,Year,Y,Denied
EZYV17194,Asia,High School,N,N,3357,1981,Midwest,22316.09,Year,Y,Certified
EZYV14682,Asia,High School,Y,N,235,1971,Northeast,303.4445,Hour,Y,Denied
EZYV19655,Asia,Doctorate,Y,N,1197,1986,Northeast,94517.17,Year,Y,Denied
EZYV15640,Asia,Master's,Y,N,1763,2004,Northeast,119236.35,Year,Y,Certified
EZYV326,North America,Bachelor's,Y,N,629,2004,West,232227.33,Year,Y,Certified
EZYV9591,Africa,High School,Y,N,2635,1993,West,308.6501,Hour,Y,Denied
EZYV16233,Asia,Master's,N,N,1641,1838,Island,101267.72,Year,N,Certified
EZYV2591,Asia,Master's,Y,N,898,1996,South,23324.64,Year,Y,Certified
EZYV22187,Asia,High School,Y,N,862,2007,South,147164.07,Year,Y,Denied
EZYV11038,Asia,Bachelor's,Y,N,3725,1993,Midwest,134790.91,Year,Y,Certified
EZYV22459,North America,Master's,Y,N,3124,2005,West,69711.67,Year,Y,Certified
EZYV7800,Asia,Bachelor's,Y,N,787,1983,Northeast,226927.95,Year,Y,Denied
EZYV15229,Asia,Master's,Y,N,14544,1985,South,53314.5,Month,Y,Certified
EZYV17986,Europe,Bachelor's,Y,N,838,1862,South,70530.13,Year,Y,Certified
EZYV14103,Asia,Doctorate,Y,N,1063,2001,Midwest,19288.11,Year,Y,Certified
EZYV22266,Europe,High School,N,N,352,1979,South,66666.6,Year,Y,Certified
EZYV23838,Asia,Master's,N,N,130489,2004,South,40881.69,Year,Y,Certified
EZYV6548,Europe,Master's,N,Y,538,2000,Northeast,159956.15,Year,Y,Certified
EZYV13625,Asia,High School,Y,N,778,2010,West,37809.94,Year,Y,Denied
EZYV14443,Asia,Bachelor's,N,N,2929,1943,West,238039.66,Year,Y,Certified
EZYV20579,Asia,High School,Y,N,408,2003,Midwest,61777.05,Year,Y,Denied
EZYV2762,Asia,Bachelor's,N,N,1070,1960,Midwest,69765.81,Year,Y,Denied
EZYV24369,Asia,Master's,Y,N,4361,1956,South,53656.66,Year,Y,Certified
EZYV16604,Europe,High School,N,N,4132,2009,Northeast,40677.71,Year,Y,Certified
EZYV5312,South America,Bachelor's,N,Y,1255,2008,Northeast,74551.9,Year,Y,Denied
EZYV15042,Asia,Bachelor's,Y,N,604,2001,West,41510.81,Year,Y,Denied
EZYV4447,Oceania,Master's,N,Y,487,2008,West,56307.58,Year,Y,Denied
EZYV13032,Asia,Bachelor's,N,N,60523,1944,West,78230.8,Year,Y,Certified
EZYV6999,Europe,Master's,Y,N,3651,2008,Midwest,121336.88,Year,Y,Certified
EZYV25302,Asia,Master's,N,N,2391,2013,Northeast,15980.71,Year,Y,Denied
EZYV6488,Asia,Bachelor's,Y,N,1885,1986,Northeast,89993.85,Year,Y,Certified
EZYV6469,Asia,Bachelor's,Y,N,1103,2007,Northeast,119471.76,Year,Y,Denied
EZYV22725,Asia,Bachelor's,Y,N,1656,2001,Northeast,225036.07,Year,Y,Certified
EZYV22429,Asia,Bachelor's,N,N,552,1997,South,89458.13,Year,Y,Certified
EZYV13414,Asia,Bachelor's,N,Y,1045,2006,West,113024.32,Year,Y,Denied
EZYV17030,Europe,Bachelor's,Y,Y,3133,1998,South,48218.06,Year,Y,Certified
EZYV5090,Asia,Bachelor's,N,N,2171,2003,Northeast,23131.78,Year,Y,Denied
EZYV19596,Europe,Master's,N,Y,4027,1926,Midwest,124028.96,Year,Y,Denied
EZYV17455,Europe,Doctorate,N,N,177,2006,Northeast,60568.66,Year,Y,Certified
EZYV10336,Asia,Doctorate,Y,N,1283,2013,Northeast,813.4899,Hour,Y,Certified
EZYV23257,Asia,Master's,Y,N,1504,1954,Midwest,74592.71,Year,Y,Certified
EZYV9836,Europe,Bachelor's,N,N,5169,1999,West,5862.47,Year,Y,Certified
EZYV9242,Asia,Master's,N,N,3635,1986,South,270.2818,Hour,Y,Certified
EZYV24714,Asia,Bachelor's,Y,N,3155,2005,South,66541.52,Year,Y,Certified
EZYV4481,North America,Bachelor's,N,N,1245,2005,West,572.514,Hour,Y,Denied
EZYV7312,Asia,Doctorate,N,Y,3066,2001,South,6890.18,Year,Y,Certified
EZYV1725,Asia,Bachelor's,N,Y,2536,1994,Northeast,32662.95,Year,Y,Denied
EZYV21589,Asia,Bachelor's,Y,N,4299,1994,West,44275.46,Year,N,Certified
EZYV20221,Asia,Bachelor's,Y,N,1948,2007,Midwest,22224.96,Year,Y,Certified
EZYV23449,Asia,Master's,Y,N,2794,1817,Midwest,198652.93,Year,Y,Certified
EZYV22182,Asia,Master's,N,N,3120,1908,Northeast,145360.14,Year,N,Certified
EZYV21954,Asia,Master's,Y,N,382,2003,Midwest,239617.43,Year,Y,Certified
EZYV8991,North America,Bachelor's,N,N,1659,1997,West,63324.34,Year,Y,Denied
EZYV532,Europe,Master's,N,N,30363,2006,West,26374.66,Year,Y,Certified
EZYV4780,Asia,Master's,Y,N,4344,1939,South,103632.59,Year,Y,Certified
EZYV12782,Asia,Doctorate,N,Y,2656,1988,Northeast,91483.1,Year,Y,Certified
EZYV19492,North America,Master's,Y,N,2021,1854,Island,64520.49,Year,N,Denied
EZYV12713,Europe,Master's,N,N,1483,1911,South,95294.35,Year,Y,Certified
EZYV12582,North America,High School,Y,N,2637,1993,West,383.3918,Hour,Y,Denied
EZYV18824,Asia,Bachelor's,Y,N,5459,2010,South,196117.47,Year,Y,Denied
EZYV20088,Europe,Master's,Y,N,5342,1855,West,63845.57,Year,Y,Certified
EZYV4585,Asia,Bachelor's,N,N,380,1997,South,611.2748,Hour,Y,Denied
EZYV17788,Europe,Master's,N,N,838,1994,West,78409.22,Year,Y,Certified
EZYV15965,Asia,Master's,N,N,170,1945,West,122013.08,Year,Y,Denied
EZYV15002,North America,High School,Y,N,1525,1999,West,65110.36,Week,Y,Denied
EZYV16618,Europe,Doctorate,Y,N,2090,2010,Northeast,107642.56,Year,Y,Certified
EZYV2211,Asia,Master's,N,Y,2263,2004,West,117123.26,Year,Y,Denied
EZYV22141,Asia,High School,N,N,3287,1995,Northeast,58170.62,Year,Y,Certified
EZYV18528,Asia,Bachelor's,N,N,1224,2001,West,165644.48,Year,Y,Certified
EZYV3078,Asia,Master's,N,N,645,1989,Northeast,8921.54,Year,Y,Denied
EZYV17761,Europe,Bachelor's,Y,N,3776,2010,South,9188.44,Year,Y,Certified
EZYV6004,Asia,Master's,Y,N,3458,2008,Midwest,63057.45,Year,Y,Certified
EZYV7176,Asia,Bachelor's,Y,N,1737,1997,Northeast,65985.9,Year,Y,Certified
EZYV13,Asia,Bachelor's,Y,N,123876,1963,Northeast,28663.05,Year,Y,Certified
EZYV16601,South America,Bachelor's,Y,N,726,2011,South,19770.58,Year,Y,Certified
EZYV10095,Asia,Master's,Y,N,882,1968,West,107551.18,Year,Y,Certified
EZYV691,Asia,Bachelor's,N,N,3875,1986,Northeast,574.2465,Hour,Y,Denied
EZYV20599,North America,Bachelor's,Y,N,1172,2011,Northeast,163204.24,Year,Y,Certified
EZYV24008,Asia,Bachelor's,Y,N,883,2010,Northeast,21894.51,Year,Y,Certified
EZYV6954,Oceania,Bachelor's,N,N,2703,1984,Northeast,49829.96,Year,Y,Denied
EZYV7498,Asia,Master's,N,N,2146,2006,Northeast,248137.05,Year,Y,Certified
EZYV554,North America,Master's,Y,N,1746,1984,West,119767.22,Year,N,Certified
EZYV7002,North America,Doctorate,N,N,1814,1967,South,149824.68,Year,Y,Certified
EZYV13021,Asia,Master's,Y,N,16363,1984,Island,15284.02,Year,Y,Certified
EZYV14590,Asia,Master's,Y,Y,1859,1984,West,63416.7,Year,Y,Denied
EZYV9424,Europe,Doctorate,N,N,1932,1884,West,63872.29,Year,Y,Certified
EZYV21442,Asia,High School,Y,N,4844,1973,South,105269.56,Year,Y,Certified
EZYV4836,Asia,Master's,Y,N,1762,2006,West,141501.86,Year,Y,Certified
EZYV22465,Asia,Bachelor's,N,N,2265,2001,South,81492.52,Year,Y,Certified
EZYV21902,Europe,Doctorate,N,N,437,1993,South,68894.96,Year,Y,Denied
EZYV4029,Europe,Master's,N,Y,75125,1954,West,193884.59,Year,Y,Certified
EZYV20085,Asia,Doctorate,Y,N,2379,1998,Northeast,17515.66,Year,Y,Certified
EZYV19198,Asia,Bachelor's,N,N,3538,2002,West,170660.5,Year,Y,Certified
EZYV10232,Asia,Bachelor's,Y,N,3370,2000,Northeast,560.3623,Hour,Y,Denied
EZYV7542,Asia,Master's,Y,N,1835,2009,South,26449.74,Year,Y,Certified
EZYV6284,Europe,Bachelor's,N,N,2323,1917,Midwest,2118.48,Year,Y,Certified
EZYV10334,Asia,Master's,N,N,1159,2005,West,130.4348,Hour,Y,Certified
EZYV24785,Asia,Bachelor's,N,N,3037,1976,West,63452.93,Year,Y,Certified
EZYV16096,Asia,Bachelor's,Y,N,1755,1992,Midwest,94103.42,Year,Y,Certified
EZYV1950,Asia,Bachelor's,N,Y,292,1838,South,169950.78,Year,Y,Certified
EZYV3889,Asia,Bachelor's,Y,N,199,2001,Northeast,65810.06,Year,Y,Certified
EZYV13344,Asia,Bachelor's,N,N,2189,2001,South,325.9503,Hour,Y,Certified
EZYV15254,Europe,High School,N,N,362,2000,South,112799.79,Year,Y,Denied
EZYV6296,South America,Master's,N,N,932,1981,Northeast,85677.02,Year,Y,Certified
EZYV10926,North America,Master's,Y,N,1785,2004,West,10467.38,Year,Y,Denied
EZYV152,Europe,Master's,Y,N,2261,1966,Midwest,68933.4,Year,Y,Certified
EZYV14989,Asia,Bachelor's,N,Y,1220,1992,Northeast,54931.4,Year,Y,Certified
EZYV1112,North America,Master's,Y,N,137,1999,Northeast,154725.53,Year,Y,Certified
EZYV25217,North America,Bachelor's,Y,N,1398,1996,West,25181.4,Year,Y,Certified
EZYV8441,Asia,High School,N,N,2217,1996,Midwest,74756.54,Year,Y,Denied
EZYV6695,South America,Bachelor's,N,N,1039,1998,West,149957.62,Year,N,Denied
EZYV11830,Asia,Bachelor's,Y,N,997,2001,South,9585.89,Year,Y,Certified
EZYV9079,Asia,High School,N,N,1203,1999,Midwest,124148.0,Year,Y,Denied
EZYV1764,Asia,Master's,Y,N,4826,1994,West,66413.19,Year,Y,Certified
EZYV14376,Asia,Master's,Y,N,84908,1998,Northeast,42732.26,Year,Y,Certified
EZYV25090,Asia,Bachelor's,N,N,2280,1990,Midwest,135653.49,Year,Y,Certified
EZYV10971,Asia,Bachelor's,Y,N,2712,1908,Northeast,52440.56,Year,Y,Certified
EZYV2147,Asia,Master's,Y,N,2260,1983,South,39867.49,Year,Y,Certified
EZYV11809,North America,Master's,Y,N,694,2002,Midwest,464.6041,Hour,Y,Certified
EZYV5981,Asia,Bachelor's,Y,N,3231,1968,Island,142164.39,Year,Y,Certified
EZYV753,Asia,Bachelor's,Y,Y,1222,2009,West,102986.34,Year,Y,Certified
EZYV371,North America,Bachelor's,Y,Y,2701,2010,South,93506.62,Year,Y,Certified
EZYV14783,Asia,Master's,Y,N,940,2002,West,10765.47,Year,Y,Certified
EZYV7127,North America,Master's,Y,N,3421,1919,Northeast,147083.79,Year,Y,Certified
EZYV8379,Europe,Bachelor's,N,Y,115700,2010,West,78505.56,Year,Y,Certified
EZYV11536,South America,Master's,Y,N,2498,2012,West,43677.94,Year,N,Certified
EZYV457,Europe,Bachelor's,N,N,3542,1963,Northeast,248.6583,Hour,Y,Certified
EZYV16235,North America,High School,Y,N,121,1968,West,61149.76,Year,N,Certified
EZYV24927,Europe,Master's,Y,N,131,2000,West,164418.74,Year,Y,Certified
EZYV13894,Asia,Bachelor's,Y,N,1255,1952,Midwest,162579.15,Year,Y,Denied
EZYV9786,Europe,Master's,Y,N,815,2007,West,39483.1,Year,Y,Certified
EZYV6121,Asia,Bachelor's,Y,N,2858,1992,South,45703.5,Year,Y,Denied
EZYV3884,Asia,High School,Y,N,3447,1995,Northeast,135.38,Hour,Y,Denied
EZYV860,Asia,Master's,Y,N,4836,1991,West,18706.86,Year,Y,Certified
EZYV1327,Asia,Master's,N,N,2198,2004,Northeast,89.5992,Hour,Y,Denied
EZYV21183,Europe,Bachelor's,Y,N,11136,2004,West,21539.32,Year,Y,Certified
EZYV24364,Asia,Master's,Y,N,1649,1800,Midwest,148321.57,Year,Y,Certified
EZYV21522,Asia,High School,N,N,2098,2007,South,41583.37,Year,Y,Certified
EZYV23100,Asia,High School,Y,N,3471,1998,West,20374.97,Year,Y,Certified
EZYV17253,Asia,Master's,Y,N,5019,1994,South,131588.11,Year,Y,Certified
EZYV11874,Asia,Bachelor's,N,N,2013,1971,Northeast,72584.56,Year,Y,Certified
EZYV20890,South America,Bachelor's,Y,N,3932,2002,Northeast,63377.43,Year,Y,Denied
EZYV14600,Asia,Bachelor's,Y,N,3144,2005,South,110414.44,Year,N,Certified
EZYV17502,Asia,Bachelor's,N,N,1535,2003,West,72438.33,Year,Y,Certified
EZYV11320,North America,Master's,Y,N,6170,1997,Northeast,36051.4,Year,Y,Certified
EZYV20681,South America,Master's,Y,N,4673,1997,South,72243.66,Year,Y,Certified
EZYV13497,Europe,Master's,Y,Y,981,2011,South,409.3362,Hour,Y,Denied
EZYV24601,Asia,Bachelor's,N,N,1166,1999,South,105288.99,Year,Y,Denied
EZYV25239,Asia,Bachelor's,Y,N,1614,2008,Midwest,88771.85,Year,Y,Certified
EZYV19922,Asia,Master's,N,N,2828,1847,Northeast,111183.39,Year,Y,Certified
EZYV7055,Asia,Master's,Y,N,1756,1978,Island,54159.43,Year,N,Certified
EZYV2888,Asia,Master's,N,N,5502,1986,Northeast,56041.69,Year,Y,Denied
EZYV23981,Asia,Doctorate,N,N,627,2001,Midwest,36348.58,Year,Y,Denied
EZYV5301,North America,Bachelor's,Y,N,4712,2004,West,101719.27,Year,Y,Denied
EZYV810,Europe,Doctorate,Y,N,3477,2008,Northeast,71113.2,Year,Y,Certified
EZYV3080,Asia,Bachelor's,Y,N,4393,1993,South,73835.34,Year,Y,Certified
EZYV2463,Asia,Bachelor's,Y,N,4992,1977,Midwest,63156.03,Year,Y,Certified
EZYV11267,Europe,Master's,N,N,904,1979,Northeast,586.7939,Hour,Y,Denied
EZYV7921,Asia,Bachelor's,Y,N,3625,2012,Northeast,76516.01,Year,Y,Denied
EZYV3565,North America,Master's,Y,N,2383,1993,Northeast,66461.99,Year,Y,Denied
EZYV20384,Europe,Bachelor's,Y,N,1698,1968,West,67277.42,Year,Y,Certified
EZYV4722,Asia,High School,N,N,2179,1996,South,836.2198,Hour,Y,Denied
EZYV12746,Asia,Master's,N,Y,132587,1999,Northeast,119667.84,Year,Y,Certified
EZYV8210,Asia,Bachelor's,Y,N,2078,1892,South,121710.75,Year,Y,Denied
EZYV7349,Europe,Master's,N,N,4895,1997,South,50777.14,Year,Y,Certified
EZYV5289,Europe,High School,N,Y,1765,1892,South,79668.34,Year,Y,Denied
EZYV20653,Asia,Bachelor's,Y,N,4929,1997,South,164184.99,Year,N,Certified
EZYV5898,Europe,Master's,Y,N,477,2009,West,19185.76,Year,Y,Certified
EZYV594,Asia,High School,N,N,1643,1998,Northeast,862.3799,Hour,Y,Denied
EZYV7597,Asia,Master's,N,N,2140,1959,West,55344.78,Year,Y,Certified
EZYV10318,Asia,Bachelor's,N,N,3486,1997,South,55123.78,Year,Y,Certified
EZYV24441,Europe,High School,N,Y,3278,1994,South,204948.39,Year,Y,Denied
EZYV20467,Asia,Bachelor's,Y,N,2843,2008,West,110440.79,Year,N,Certified
EZYV10909,Europe,Bachelor's,Y,N,3057,1999,South,95249.45,Year,Y,Denied
EZYV14856,Europe,High School,N,Y,2150,1891,South,3729.75,Year,Y,Denied
EZYV9280,Asia,Bachelor's,N,N,3160,1973,Northeast,146170.16,Year,Y,Certified
EZYV15876,North America,Bachelor's,N,N,41551,1888,Northeast,274.7333,Hour,Y,Denied
EZYV18385,Asia,Bachelor's,N,N,2932,1858,West,107994.5,Year,Y,Denied
EZYV18471,Asia,High School,N,N,3360,1988,Northeast,94930.52,Year,Y,Certified
EZYV2816,Asia,Doctorate,Y,N,562,2009,Midwest,2469.59,Year,Y,Certified
EZYV20190,North America,Bachelor's,Y,N,1567,1974,South,4874.12,Year,Y,Denied
EZYV14090,Europe,Master's,Y,N,5937,1981,Northeast,231.3117,Hour,Y,Certified
EZYV1761,Asia,Master's,Y,N,2896,2001,Northeast,149996.6,Year,N,Certified
EZYV1019,Asia,High School,Y,N,681,1983,West,44219.35,Year,Y,Denied
EZYV19616,North America,Master's,Y,N,4608,1999,Midwest,88400.95,Year,Y,Certified
EZYV399,Asia,Master's,Y,N,1584,1984,Midwest,45261.26,Year,Y,Certified
EZYV2038,Asia,High School,Y,N,673,1981,Northeast,135757.89,Year,Y,Denied
EZYV5907,Europe,Master's,Y,N,2356,1978,West,80063.45,Year,Y,Certified
EZYV19704,Asia,Master's,Y,N,30,1993,Midwest,169702.08,Year,Y,Certified
EZYV16565,Asia,High School,N,Y,2932,1998,South,63096.76,Year,Y,Certified
EZYV24611,Asia,Master's,N,N,3652,2004,West,80824.32,Year,Y,Certified
EZYV2302,Asia,Bachelor's,N,N,2431,1954,West,68141.75,Year,Y,Denied
EZYV872,Asia,Master's,N,N,367,2016,Midwest,107772.42,Year,Y,Certified
EZYV6914,Asia,Master's,Y,N,2402,1963,Midwest,60948.15,Year,Y,Certified
EZYV5512,Asia,Master's,N,N,597,1993,South,39387.3,Year,Y,Certified
EZYV1594,Asia,Bachelor's,N,N,2170,1998,West,714.0764,Hour,Y,Denied
EZYV16464,Asia,Master's,Y,N,218,1990,South,47256.82,Year,Y,Certified
EZYV17722,Asia,Bachelor's,Y,N,177,1994,South,156350.9,Year,Y,Denied
EZYV2681,Europe,Doctorate,Y,N,2732,1991,West,110020.68,Year,Y,Certified
EZYV6081,North America,High School,Y,N,2082,1820,Northeast,3727.97,Year,Y,Certified
EZYV20772,Asia,High School,Y,N,978,2004,Midwest,142999.49,Year,Y,Certified
EZYV3283,Asia,Master's,Y,N,877,2009,South,21794.64,Year,Y,Certified
EZYV18635,North America,Master's,Y,N,4869,2004,Northeast,33056.75,Year,Y,Certified
EZYV4654,Asia,Master's,Y,N,8462,2005,Northeast,24925.81,Year,Y,Certified
EZYV23441,Asia,Bachelor's,N,N,2312,2013,South,52295.15,Year,Y,Denied
EZYV686,Asia,Bachelor's,N,N,1325,2006,Northeast,3732.43,Year,Y,Denied
EZYV25374,Asia,Master's,N,N,1416,2005,West,156547.39,Year,Y,Certified
EZYV11391,Europe,Doctorate,N,N,1163,1968,South,4639.64,Year,Y,Certified
EZYV7789,North America,Master's,N,N,1721,1962,Northeast,127.31,Hour,Y,Denied
EZYV24659,Asia,Master's,Y,N,1697,1868,South,53378.34,Year,Y,Certified
EZYV1460,Asia,Master's,Y,N,3155,1885,Midwest,70312.5,Year,Y,Certified
EZYV4223,Europe,Bachelor's,N,N,5216,1991,Midwest,60016.77,Year,Y,Certified
EZYV8831,Europe,Bachelor's,N,N,4314,1998,West,156705.48,Year,N,Denied
EZYV12074,Europe,High School,N,N,5336,1990,Northeast,42219.21,Year,Y,Denied
EZYV18421,Asia,Bachelor's,N,N,600,1963,Northeast,165691.77,Year,N,Denied
EZYV16038,Asia,Bachelor's,N,N,538,1995,Northeast,59537.86,Year,Y,Certified
EZYV4807,Asia,High School,Y,N,1868,1999,Northeast,107025.21,Year,Y,Denied
EZYV19788,Asia,Master's,Y,N,482,1968,Northeast,803.7694,Hour,Y,Denied
EZYV25259,Asia,Bachelor's,Y,N,3659,1997,South,79.1099,Hour,Y,Denied
EZYV24622,Europe,High School,Y,N,3327,1983,West,83278.18,Year,Y,Certified
EZYV10310,South America,Bachelor's,Y,Y,2172,2011,West,123565.74,Year,Y,Certified
EZYV799,Asia,Bachelor's,N,N,520,1984,Northeast,26164.47,Year,Y,Denied
EZYV23928,Asia,Master's,N,N,2069,1981,West,39470.33,Year,Y,Certified
EZYV12238,Asia,High School,Y,N,4884,1993,West,66452.86,Year,Y,Denied
EZYV8909,Asia,Doctorate,N,N,1428,1982,West,82714.59,Year,Y,Certified
EZYV684,Europe,Bachelor's,N,N,1970,2004,Northeast,104895.32,Year,Y,Certified
EZYV20160,North America,Master's,Y,N,1045,1998,Northeast,4405.31,Year,Y,Certified
EZYV3341,Asia,Master's,N,N,3176,1977,South,50124.54,Year,Y,Denied
EZYV22929,South America,Master's,Y,N,1014,1989,Midwest,31879.26,Year,Y,Certified
EZYV19955,Europe,Master's,Y,N,3983,2004,West,54859.63,Year,Y,Denied
EZYV11382,South America,Master's,Y,N,298,1973,West,14482.79,Year,Y,Certified
EZYV21995,North America,Master's,Y,N,3108,1984,West,207928.27,Year,N,Certified
EZYV21184,Asia,Bachelor's,N,N,4425,2002,South,157126.11,Year,Y,Certified
EZYV23485,Asia,Master's,Y,N,3464,1993,South,115436.48,Year,N,Certified
EZYV6987,Asia,High School,Y,N,3535,1838,South,67475.63,Year,N,Denied
EZYV4256,Asia,Bachelor's,N,N,22,2010,Northeast,51.8503,Hour,Y,Denied
EZYV22006,Europe,Bachelor's,Y,N,1121,1989,South,76301.59,Year,Y,Certified
EZYV9724,Asia,High School,Y,N,2386,1995,Midwest,13307.99,Year,Y,Denied
EZYV3555,Asia,Bachelor's,N,N,2545,1981,Northeast,73305.93,Year,Y,Denied
EZYV2470,North America,High School,Y,N,804,1985,West,3226.58,Year,Y,Certified
EZYV8795,Europe,Doctorate,N,N,6115,2003,South,95343.18,Year,Y,Certified
EZYV6897,Asia,Bachelor's,Y,N,951,1992,South,48633.65,Year,Y,Certified
EZYV5632,Europe,Master's,Y,N,5065,1876,West,20334.16,Year,Y,Certified
EZYV17275,North America,Master's,Y,N,2952,2012,Midwest,74093.77,Year,Y,Certified
EZYV20708,Asia,Master's,N,N,1064,2005,Northeast,33545.65,Year,Y,Denied
EZYV25089,Asia,High School,Y,N,353,1996,Northeast,45657.78,Year,Y,Certified
EZYV11132,Asia,Bachelor's,N,Y,1248,2010,South,67277.93,Year,Y,Certified
EZYV21748,Asia,Doctorate,N,N,2382,2004,Northeast,35225.22,Year,Y,Certified
EZYV3087,Asia,Master's,N,N,1874,1968,Northeast,73162.96,Year,Y,Denied
EZYV16844,Asia,Bachelor's,N,N,2812,1909,Midwest,172431.39,Year,Y,Certified
EZYV5953,North America,Master's,N,N,2814,2010,South,25331.14,Year,Y,Denied
EZYV7053,South America,Master's,Y,N,3937,1877,Northeast,92949.73,Year,Y,Certified
EZYV21799,Europe,High School,Y,N,3014,1947,West,55670.91,Year,Y,Certified
EZYV10687,Europe,Bachelor's,Y,N,94644,1985,West,68485.64,Year,Y,Certified
EZYV17401,North America,Master's,Y,N,5011,1969,Midwest,35299.53,Year,Y,Certified
EZYV5027,Europe,Doctorate,N,N,4296,2008,South,6941.67,Year,Y,Certified
EZYV85,Asia,Master's,Y,Y,1023,2002,South,174014.59,Year,Y,Certified
EZYV6598,Asia,Master's,Y,Y,1458,2000,Northeast,112346.11,Year,Y,Certified
EZYV16688,Europe,Master's,N,N,598,1969,South,381.6501,Hour,Y,Denied
EZYV18019,Asia,High School,N,N,2931,1993,South,122388.47,Year,Y,Certified
EZYV16640,Asia,Bachelor's,N,Y,1777,1994,West,74825.13,Year,Y,Certified
EZYV6748,Europe,Master's,N,Y,1488,1994,West,49723.83,Year,Y,Certified
EZYV12708,Asia,Master's,Y,N,3843,1998,Northeast,32479.58,Year,Y,Certified
EZYV1094,Europe,Bachelor's,Y,N,3434,2012,West,60799.95,Year,Y,Certified
EZYV497,North America,Master's,Y,N,36353,1998,Northeast,125925.71,Year,N,Certified
EZYV12628,Asia,Bachelor's,N,N,4876,1956,West,72666.62,Year,Y,Denied
EZYV10392,Africa,Master's,N,N,863,2005,West,91605.86,Year,Y,Certified
EZYV7254,Asia,High School,Y,N,1650,2007,West,60764.86,Year,Y,Denied
EZYV21573,North America,Master's,Y,N,816,1989,Northeast,103005.06,Year,N,Denied
EZYV16650,Asia,Bachelor's,N,N,1217,2003,Midwest,119552.13,Year,Y,Denied
EZYV9844,Asia,Master's,N,N,3915,2005,Midwest,94980.95,Year,Y,Certified
EZYV6397,Asia,High School,Y,N,1794,1999,Northeast,140411.93,Year,Y,Denied
EZYV10326,Europe,Bachelor's,Y,N,3759,2001,South,95735.52,Year,Y,Certified
EZYV22163,Asia,Bachelor's,N,Y,19513,2010,Midwest,114073.29,Year,Y,Certified
EZYV10875,Asia,Bachelor's,Y,Y,2558,2005,West,73701.55,Year,Y,Certified
EZYV23996,Asia,Master's,Y,N,1714,1998,Northeast,141.57,Hour,Y,Denied
EZYV23844,Asia,Bachelor's,Y,N,5221,2010,South,34300.99,Year,Y,Certified
EZYV20189,Asia,Master's,N,N,2808,1989,Midwest,122828.94,Year,Y,Certified
EZYV275,Asia,Master's,N,N,4349,1998,West,154428.88,Year,N,Denied
EZYV7470,Asia,Bachelor's,Y,N,450,1913,South,78137.75,Year,Y,Certified
EZYV15733,North America,Bachelor's,Y,N,2830,1985,Midwest,107597.12,Year,Y,Certified
EZYV1800,North America,Bachelor's,N,N,2682,1995,Northeast,78310.69,Year,Y,Denied
EZYV6947,Asia,Doctorate,Y,Y,862,1885,West,85003.77,Year,Y,Certified
EZYV9675,Europe,Bachelor's,Y,Y,4254,2007,South,247876.09,Year,Y,Certified
EZYV3910,Asia,Bachelor's,N,N,386,2002,South,247.1333,Hour,Y,Denied
EZYV616,Asia,Master's,Y,N,5474,1861,Northeast,47998.71,Year,Y,Certified
EZYV3206,Asia,Bachelor's,N,N,19,1988,South,68072.95,Year,Y,Denied
EZYV23880,Asia,Master's,N,Y,618,1982,South,93194.46,Year,Y,Certified
